1747580852453 0.0032762992065516567 0
1747580857939 0.001174306163997653 1
1747580863525 0.0007338194890002197 2
1747580868544 0.000680555496045265 3
1747580873585 0.0007736608383948228 4
1747580879238 0.0006828151192537112 5
1747580884801 0.0005363273554457962 6
1747580890499 0.0005911045421009776 7
1747580896355 0.00046236225846387586 8
1747580902314 0.0005112636300599713 9
1747580908152 0.00041245299692477266 10
1747580913837 0.00041713589671487505 11
1747580919675 0.0004605214148163938 12
1747580925187 0.000351581273398639 13
1747580930601 0.00035979899382547465 14
1747580936351 0.00032276070264396575 15
1747580942212 0.0002876235293064939 16
1747580948062 0.00028265836813970246 17
1747580953884 0.0002980980748650239 18
1747580959675 0.00026659632052982406 19
1747580965505 0.00028863466833814564 20
1747580971333 0.0002319285142833745 21
1747580976985 0.00023832933319531665 22
1747580982343 0.00021135669678830276 23
1747580987984 0.00024026979361839665 24
1747580993705 0.00021479566751522457 25
1747580999467 0.00021981223246433744 26
1747581005054 0.0001763897051482513 27
1747581010715 0.00018598953614281651 28
1747581016347 0.00018277025409019868 29
1747581021818 0.00017171855260977937 30
1747581027360 0.00017601532664305845 31
1747581032549 0.000144203971638606 32
1747581038147 0.00015477609627507883 33
1747581043722 0.0001557473102504619 34
1747581049403 0.0001588091637724376 35
1747581055140 0.00014631836733859885 36
1747581060883 0.00013275232885360185 37
1747581066510 0.00013987436929283452 38
1747581071782 0.00013173333561607164 39
1747581077059 0.00013839070809289848 40
1747581082477 0.00012079417862268424 41
1747581088073 0.00011505752975911874 42
1747581093514 0.00012462661290488586 43
1747581099267 0.00011289445319809534 44
1747581104913 0.00011733927633236505 45
1747581110466 0.00010739537517489961 46
1747581115994 0.00011580380330753719 47
1747581121234 0.00010744308905857533 48
1747581126468 0.00010504409243354069 49
