1747580852452 0.017740150913596153 0
1747580857938 0.01153413113206625 1
1747580863525 0.009787766262888908 2
1747580868543 0.009517371654510498 3
1747580873584 0.009416776709258556 4
1747580879237 0.009224455803632736 5
1747580884800 0.008601585403084755 6
1747580890498 0.0085469800978899 7
1747580896354 0.007873700931668282 8
1747580902313 0.00808111485093832 9
1747580908151 0.0076779997907578945 10
1747580913836 0.007552704773843288 11
1747580919674 0.007337437476962805 12
1747580925186 0.006933487951755524 13
1747580930600 0.006970520596951246 14
1747580936350 0.0068114399909973145 15
1747580942211 0.006553445942699909 16
1747580948061 0.00644524022936821 17
1747580953883 0.006407212931662798 18
1747580959674 0.005995928775519133 19
1747580965504 0.006133567541837692 20
1747580971332 0.005786356516182423 21
1747580976984 0.005839310120791197 22
1747580982342 0.0056535000912845135 23
1747580987983 0.005668627098202705 24
1747580993704 0.005420902743935585 25
1747580999466 0.005503025371581316 26
1747581005053 0.005179396364837885 27
1747581010714 0.0052100191824138165 28
1747581016346 0.005167032591998577 29
1747581021816 0.0049950135871768 30
1747581027358 0.005046610254794359 31
1747581032548 0.004603586159646511 32
1747581038146 0.004901696462184191 33
1747581043722 0.004732639063149691 34
1747581049402 0.0045632109977304935 35
1747581055139 0.004629164468497038 36
1747581060882 0.004311281722038984 37
1747581066508 0.004597143270075321 38
1747581071781 0.004353557247668505 39
1747581077058 0.004522934556007385 40
1747581082476 0.00414561852812767 41
1747581088072 0.004187291953712702 42
1747581093513 0.004224878270179033 43
1747581099266 0.004016510210931301 44
1747581104912 0.004172862973064184 45
1747581110466 0.00394072849303484 46
1747581115993 0.004113598261028528 47
1747581121232 0.0038721899036318064 48
1747581126467 0.00385863590054214 49
