1747652592483 0.9146484732627869 0
1747652606704 0.9146523475646973 1
1747652621700 0.9146758317947388 2
1747652636591 0.9146601557731628 3
1747652651284 0.9146718978881836 4
1747652666082 0.9146601557731628 5
1747652680335 0.9146914482116699 6
1747652694127 0.9146875143051147 7
1747652709437 0.9146953225135803 8
1747652724518 0.9147579073905945 9
1747652738358 0.9147070646286011 10
1747652752375 0.9147070646286011 11
1747652766262 0.914734423160553 12
1747652780739 0.9147109985351562 13
1747652795103 0.914722740650177 14
1747652808912 0.9147579073905945 15
1747652823071 0.9147774577140808 16
1747652837270 0.9147383570671082 17
1747652851531 0.9147774577140808 18
1747652865647 0.9147579073905945 19
1747652879639 0.9147305488586426 20
1747652893130 0.9148477911949158 21
1747652907021 0.9148164987564087 22
1747652920929 0.9149298667907715 23
1747652934835 0.9149376749992371 24
1747652948954 0.9149729013442993 25
1747652963018 0.9149729013442993 26
1747652976835 0.9149338006973267 27
1747652990843 0.9149025082588196 28
1747653005174 0.9149454832077026 29
1747653019164 0.9149454832077026 30
1747653033355 0.9149376749992371 31
1747653047211 0.914965033531189 32
1747653060690 0.9148907661437988 33
1747653074757 0.9149142503738403 34
1747653088929 0.914894700050354 35
1747653103269 0.9149572253227234 36
1747653117272 0.9149376749992371 37
1747653130801 0.9149142503738403 38
1747653144593 0.9149416089057922 39
1747653158044 0.9148477911949158 40
1747653172237 0.9149181246757507 41
1747653186314 0.9148868918418884 42
1747653200062 0.9149220585823059 43
1747653214381 0.9149181246757507 44
1747653228495 0.9149103164672852 45
1747653242674 0.9148829579353333 46
1747653256822 0.9150002598762512 47
1747653270429 0.9149298667907715 48
1747653284430 0.9149025082588196 49
