1743913613715 0.2854110300540924 0
1743913638370 0.24630284309387207 1
1743913663337 0.23412272334098816 2
1743913688066 0.22748099267482758 3
1743913712735 0.22127191722393036 4
1743913737302 0.2150997817516327 5
1743913761829 0.20947492122650146 6
1743913786593 0.20316436886787415 7
1743913811257 0.1960642784833908 8
1743913836078 0.189147487282753 9
1743913860899 0.18248631060123444 10
1743913885514 0.17652258276939392 11
1743913910430 0.17204029858112335 12
1743913935304 0.1672428399324417 13
1743913960061 0.16378958523273468 14
1743913984693 0.16007000207901 15
1743914009502 0.15743950009346008 16
1743914034161 0.15486641228199005 17
1743914058824 0.15298762917518616 18
1743914083615 0.15099206566810608 19
1743914108310 0.14989258348941803 20
1743914132979 0.14807917177677155 21
1743914157664 0.1466328352689743 22
1743914182129 0.1461663544178009 23
1743914206902 0.14441758394241333 24
1743914231572 0.14374279975891113 25
1743914256444 0.14260075986385345 26
1743914281277 0.14219114184379578 27
1743914305889 0.14107461273670197 28
1743914330493 0.1398952603340149 29
1743914355139 0.1399126648902893 30
1743914380215 0.13866426050662994 31
1743914404818 0.1379130631685257 32
1743914429398 0.13716885447502136 33
1743914453847 0.13687032461166382 34
1743914478304 0.13695639371871948 35
1743914502900 0.1357991248369217 36
1743914527419 0.13536794483661652 37
1743914552201 0.13410615921020508 38
1743914576638 0.13381360471248627 39
1743914601157 0.13347288966178894 40
1743914626106 0.1334003210067749 41
1743914650819 0.1325569897890091 42
1743914675346 0.1320062130689621 43
1743914699962 0.1315603256225586 44
1743914724382 0.13144730031490326 45
1743914749042 0.1307135820388794 46
1743914773854 0.13087168335914612 47
1743914798645 0.13082627952098846 48
1743914823072 0.13031134009361267 49
