1743913613717 0.2550599639336907 0
1743913638371 0.19294029653400202 1
1743913663339 0.18033778463685068 2
1743913688068 0.17248292056060177 3
1743913712736 0.16542267715690004 4
1743913737304 0.1577837507775769 5
1743913761831 0.15066929463962 6
1743913786594 0.14243359252136611 7
1743913811259 0.13363588738916407 8
1743913836080 0.12521894830857333 9
1743913860901 0.11750915139292822 10
1743913885515 0.11087249302250742 11
1743913910432 0.1055093927548274 12
1743913935306 0.10048674077647379 13
1743913960063 0.09661183365349185 14
1743913984695 0.09266187780713803 15
1743914009503 0.08979635164598039 16
1743914034162 0.0871868493623368 17
1743914058825 0.08502472826171116 18
1743914083616 0.08307969702724059 19
1743914108312 0.08179051947878313 20
1743914132981 0.0802559987044313 21
1743914157666 0.07886928998446344 22
1743914182131 0.07813545652802174 23
1743914206904 0.07676216716044812 24
1743914231574 0.07584547994073762 25
1743914256446 0.07488283279817572 26
1743914281279 0.07428595989009265 27
1743914305890 0.07325392225426852 28
1743914330495 0.07227687926236573 29
1743914355140 0.07194908798243854 30
1743914380217 0.07091624065910747 31
1743914404820 0.07025592356614033 32
1743914429400 0.06940665379970339 33
1743914453849 0.06905192230165166 34
1743914478305 0.06893472186218733 35
1743914502901 0.06801961062429138 36
1743914527421 0.06755596397130223 37
1743914552203 0.06655483012151613 38
1743914576639 0.06623629597115936 39
1743914601159 0.06583726332203198 40
1743914626108 0.06562635587936273 41
1743914650820 0.06495609056568302 42
1743914675347 0.06447659408556082 43
1743914699964 0.06409754438524705 44
1743914724383 0.0638751348671067 45
1743914749043 0.06335341962697223 46
1743914773855 0.06325289878460082 47
1743914798647 0.06309591755437799 48
1743914823074 0.06271678408273673 49
