1743762654243 0.30852794077703 0
1743762676759 0.24119851752571825 1
1743762699246 0.21989467905281435 2
1743762721698 0.21108868664202435 3
1743762744224 0.20320334548128705 4
1743762766679 0.19444888034701358 5
1743762788862 0.18769819156592243 6
1743762811391 0.18233231597331226 7
1743762833769 0.17769028817715699 8
1743762856222 0.17424209718442502 9
1743762878433 0.17106124378323556 10
1743762900978 0.16815034511427085 11
1743762923399 0.16564983776453576 12
1743762945716 0.1634465352587056 13
1743762968054 0.16122046373783583 14
1743762990666 0.15901158347005973 15
1743763013369 0.15688760290351242 16
1743763036288 0.15487001445843912 17
1743763058967 0.153060144530142 18
1743763081703 0.15110232634954107 19
1743763104649 0.1495234772222641 20
1743763127826 0.1482892309722262 21
1743763150574 0.14726810444328567 22
1743763173488 0.14653048895924498 23
1743763196288 0.14586988620734803 24
1743763219210 0.14520777154491343 25
1743763242064 0.14457917620690905 26
1743763264940 0.14400124039003218 27
1743763287850 0.1434460883193705 28
1743763310589 0.14281106638980995 29
1743763333537 0.14198793177513086 30
1743763356408 0.14147959930114715 31
1743763379297 0.14084760744312438 32
1743763402189 0.140227731592721 33
1743763425133 0.13979566120160158 34
1743763447733 0.13917001918559696 35
1743763470151 0.13872999578147407 36
1743763492514 0.13809339587979277 37
1743763514831 0.13748901738606584 38
1743763537102 0.1370377299155509 39
1743763559415 0.13649449606612846 40
1743763582150 0.13612754837501279 41
1743763604709 0.1357231210211262 42
1743763627377 0.13532632948022105 43
1743763649878 0.13509726653556972 44
1743763672204 0.13476463519007906 45
1743763694767 0.1344261901301964 46
1743763717214 0.1343124072431901 47
1743763739790 0.1340235286347621 48
1743763762310 0.13381778388979743 49
