1743762654242 0.3596256375312805 0
1743762676758 0.2852208614349365 1
1743762699245 0.26919761300086975 2
1743762721697 0.26280826330184937 3
1743762744223 0.2564713954925537 4
1743762766678 0.2490534484386444 5
1743762788861 0.24340884387493134 6
1743762811390 0.23909808695316315 7
1743762833768 0.23496580123901367 8
1743762856221 0.2319565713405609 9
1743762878432 0.2291865199804306 10
1743762900977 0.22671128809452057 11
1743762923398 0.2246401160955429 12
1743762945715 0.2226400226354599 13
1743762968053 0.22057534754276276 14
1743762990665 0.2185448706150055 15
1743763013368 0.21656343340873718 16
1743763036287 0.21473348140716553 17
1743763058966 0.21320420503616333 18
1743763081702 0.2115190029144287 19
1743763104648 0.21012869477272034 20
1743763127825 0.20904776453971863 21
1743763150573 0.2081264704465866 22
1743763173487 0.20757602155208588 23
1743763196287 0.20684002339839935 24
1743763219209 0.2063812017440796 25
1743763242063 0.20575642585754395 26
1743763264939 0.205282062292099 27
1743763287849 0.2046615034341812 28
1743763310588 0.20409700274467468 29
1743763333536 0.20312276482582092 30
1743763356407 0.20273949205875397 31
1743763379296 0.2020549774169922 32
1743763402188 0.20154958963394165 33
1743763425132 0.2011304348707199 34
1743763447732 0.2006191909313202 35
1743763470150 0.20024313032627106 36
1743763492513 0.1997154951095581 37
1743763514830 0.19930380582809448 38
1743763537101 0.19895227253437042 39
1743763559414 0.1985338032245636 40
1743763582149 0.19811898469924927 41
1743763604708 0.1977936178445816 42
1743763627376 0.19748973846435547 43
1743763649877 0.19736424088478088 44
1743763672203 0.19706103205680847 45
1743763694766 0.19677631556987762 46
1743763717213 0.19667869806289673 47
1743763739789 0.1964498907327652 48
1743763762309 0.1963864415884018 49
