1743973857947 0.6641943454742432 0
1743973889432 0.3212430775165558 1
1743973920699 0.3109376132488251 2
1743973951974 11615.8994140625 3
1743973983050 3344.34326171875 4
1743974013948 1386.9727783203125 5
1743974045222 225.0689697265625 6
1743974076317 49.25897216796875 7
1743974107205 22.629377365112305 8
1743974138511 16.172754287719727 9
1743974169586 19.743120193481445 10
1743974201515 26.18516731262207 11
1743974233400 1281.7127685546875 12
1743974265450 91.94356536865234 13
1743974298098 258.8498840332031 14
1743974330304 53.3116569519043 15
1743974361524 17.258142471313477 16
1743974393567 11.50752067565918 17
1743974425889 9.829901695251465 18
1743974458168 11.579730987548828 19
1743974490365 21.0673828125 20
1743974522056 10.846139907836914 21
1743974554080 100.03129577636719 22
1743974586107 83.80067443847656 23
1743974617375 5.055408000946045 24
1743974649416 53.50230026245117 25
1743974681473 5.473661422729492 26
1743974713541 4.73050594329834 27
1743974745924 3.3085896968841553 28
1743974777668 1.576375126838684 29
1743974810219 12.263081550598145 30
1743974842565 121.31961059570312 31
1743974874397 6.056984901428223 32
1743974906782 4.033431053161621 33
1743974938653 35.2515869140625 34
1743974970810 5.154009819030762 35
1743975002842 5.717711448669434 36
1743975033926 213.76905822753906 37
1743975066428 32.05654525756836 38
1743975098536 2.9741148948669434 39
1743975130216 267.6752624511719 40
1743975162533 438.1824035644531 41
1743975194329 161.34251403808594 42
1743975226903 393.83135986328125 43
1743975259417 71.1547622680664 44
1743975290772 29.099523544311523 45
1743975323065 423.514892578125 46
1743975355268 7075.0595703125 47
1743975387587 620.3814086914062 48
1743975419508 527.7399291992188 49
