1743702085724 0.9087499976158142 0
1743702109600 0.9190499782562256 1
1743702133262 0.926716685295105 2
1743702157192 0.9315333366394043 3
1743702181078 0.9352333545684814 4
1743702205114 0.9384666681289673 5
1743702229032 0.9408666491508484 6
1743702252969 0.943316638469696 7
1743702276690 0.9446499943733215 8
1743702300626 0.9465000033378601 9
1743702324658 0.9478499889373779 10
1743702348586 0.9490166902542114 11
1743702372324 0.9504833221435547 12
1743702395890 0.950166642665863 13
1743702419496 0.9523000121116638 14
1743702443314 0.9534000158309937 15
1743702466918 0.9535999894142151 16
1743702490489 0.9542499780654907 17
1743702514335 0.955299973487854 18
1743702538299 0.9554666876792908 19
1743702562262 0.9556499719619751 20
1743702586132 0.9563999772071838 21
1743702610170 0.9563000202178955 22
1743702633922 0.956766664981842 23
1743702657676 0.958299994468689 24
1743702681286 0.9578999876976013 25
1743702704973 0.9584166407585144 26
1743702729050 0.9592333436012268 27
1743702752712 0.9600666761398315 28
1743702776471 0.9592499732971191 29
1743702800515 0.9615166783332825 30
1743702824558 0.9605000019073486 31
1743702848555 0.9610333442687988 32
1743702872427 0.9617000222206116 33
1743702896384 0.9618666768074036 34
1743702920417 0.9626666903495789 35
1743702944440 0.9626500010490417 36
1743702968367 0.9625666737556458 37
1743702992258 0.9628833532333374 38
1743703016147 0.963100016117096 39
1743703039751 0.9635666608810425 40
1743703063341 0.9639000296592712 41
1743703086997 0.963783323764801 42
1743703110705 0.964983344078064 43
1743703134454 0.964033305644989 44
1743703158218 0.9649166464805603 45
1743703182234 0.9646999835968018 46
1743703206061 0.9650333523750305 47
1743703229998 0.96506667137146 48
1743703254072 0.9644666910171509 49
