1743702085725 0.3101158858904127 0
1743702109601 0.2768599587651541 1
1743702133263 0.2517267513314435 2
1743702157193 0.23601868866869713 3
1743702181079 0.2217589087874331 4
1743702205115 0.2125111833808383 5
1743702229033 0.20285372167474586 6
1743702252970 0.1947783324586263 7
1743702276690 0.19148180554264127 8
1743702300627 0.18367282503544888 9
1743702324659 0.1791333849660752 10
1743702348586 0.17523793595574172 11
1743702372325 0.17083813040115103 12
1743702395891 0.1692988132474671 13
1743702419497 0.16498793090318736 14
1743702443315 0.16154546117591118 15
1743702466919 0.1579674932335587 16
1743702490489 0.1559762243932216 17
1743702514336 0.15223482843818492 18
1743702538300 0.15149534353964086 19
1743702562263 0.14962239217416112 20
1743702586133 0.1472654524730192 21
1743702610171 0.14729594269942514 22
1743702633923 0.14484337660671473 23
1743702657677 0.1406666452651123 24
1743702681287 0.13968875128736474 25
1743702704973 0.1383794924879138 26
1743702729051 0.1364557963615217 27
1743702752713 0.13446549697865726 28
1743702776471 0.13433625813203076 29
1743702800515 0.13202893390454412 30
1743702824559 0.13094595138426424 31
1743702848555 0.13126613166994702 32
1743702872428 0.12834923852432872 33
1743702896385 0.1289199969211475 34
1743702920418 0.12743037081269065 35
1743702944441 0.12562171299803535 36
1743702968368 0.1253150826359571 37
1743702992259 0.12469742058711457 38
1743703016148 0.12249576326606948 39
1743703039752 0.12198104214142698 40
1743703063342 0.12194043299797226 41
1743703086997 0.11907716401261367 42
1743703110706 0.11819903298692079 43
1743703134455 0.11926760031441726 44
1743703158219 0.11646573535465171 45
1743703182235 0.11594870160071104 46
1743703206062 0.11515495632191927 47
1743703229999 0.11585105148649087 48
1743703254073 0.1149372108580405 49
