1743916365385 0.29072949290275574 0
1743916389987 0.254111111164093 1
1743916414652 0.2424979954957962 2
1743916439528 0.23662155866622925 3
1743916464296 0.2318316549062729 4
1743916489059 0.22772568464279175 5
1743916513766 0.22430309653282166 6
1743916538746 0.22113803029060364 7
1743916563591 0.21845416724681854 8
1743916588333 0.21516180038452148 9
1743916613147 0.21108686923980713 10
1743916637887 0.20621247589588165 11
1743916662607 0.19952350854873657 12
1743916687390 0.1935504674911499 13
1743916712135 0.18740980327129364 14
1743916736618 0.1822708547115326 15
1743916761137 0.1767783910036087 16
1743916785916 0.17207969725131989 17
1743916810661 0.16875752806663513 18
1743916835245 0.1638474017381668 19
1743916859830 0.16090577840805054 20
1743916884573 0.15794238448143005 21
1743916909456 0.15549352765083313 22
1743916934092 0.15325133502483368 23
1743916958875 0.15210577845573425 24
1743916983714 0.15003030002117157 25
1743917008361 0.14838138222694397 26
1743917033223 0.1473933607339859 27
1743917057819 0.14576362073421478 28
1743917081824 0.14534249901771545 29
1743917105677 0.14400500059127808 30
1743917129708 0.14327268302440643 31
1743917154035 0.14242267608642578 32
1743917178898 0.14179976284503937 33
1743917203802 0.14116814732551575 34
1743917228600 0.14025740325450897 35
1743917253293 0.1404748260974884 36
1743917277837 0.13919566571712494 37
1743917302585 0.13870830833911896 38
1743917327205 0.13852989673614502 39
1743917351852 0.1367107629776001 40
1743917376568 0.1366492062807083 41
1743917401224 0.13748295605182648 42
1743917425922 0.13587002456188202 43
1743917450731 0.13525573909282684 44
1743917475541 0.13541045784950256 45
1743917500355 0.13476337492465973 46
1743917525080 0.13368916511535645 47
1743917549863 0.13352684676647186 48
1743917574574 0.13324779272079468 49
