1747770507037 47.74900436401367 0
1747770507205 47.70064926147461 1
1747770507376 47.56928634643555 2
1747770507546 47.23359298706055 3
1747770507725 46.51858901977539 4
1747770507894 45.19345474243164 5
1747770508062 42.98051071166992 6
1747770508233 39.68801498413086 7
1747770508398 35.44374465942383 8
1747770508557 30.750276565551758 9
1747770508719 26.534011840820312 10
1747770508923 23.816261291503906 11
1747770509162 22.506425857543945 12
1747770509401 22.131282806396484 13
1747770509640 22.07858657836914 14
1747770509878 22.043428421020508 15
1747770510088 22.006559371948242 16
1747770510238 21.9752197265625 17
1747770510394 21.945484161376953 18
1747770510554 21.92314338684082 19
1747770510718 21.893085479736328 20
1747770510881 21.86007308959961 21
1747770511043 21.845613479614258 22
1747770511206 21.821910858154297 23
1747770511373 21.795726776123047 24
1747770511540 21.774497985839844 25
1747770511708 21.742124557495117 26
1747770511884 21.712604522705078 27
1747770512050 21.695556640625 28
1747770512221 21.677278518676758 29
1747770512390 21.659900665283203 30
1747770512567 21.6541805267334 31
1747770512744 21.62339973449707 32
1747770512921 21.60501480102539 33
1747770513099 21.586063385009766 34
1747770513278 21.576900482177734 35
1747770513456 21.550413131713867 36
1747770513620 21.55154037475586 37
1747770513807 21.53390121459961 38
1747770514048 21.526493072509766 39
1747770514290 21.510618209838867 40
1747770514530 21.497472763061523 41
1747770514767 21.490863800048828 42
1747770515010 21.488611221313477 43
1747770515251 21.463146209716797 44
1747770515492 21.45288848876953 45
1747770515737 21.45457649230957 46
1747770515986 21.44985580444336 47
1747770516229 21.449478149414062 48
1747770516392 21.451095581054688 49
