1747770056414 4116.54671819131 0
1747770056616 3856.773326214932 1
1747770056828 3444.4852031087003 2
1747770057049 2872.2525065824934 3
1747770057252 2235.358335028883 4
1747770057480 1712.6836621901402 5
1747770057787 1339.449654819278 6
1747770058113 1098.1210971409926 7
1747770058462 961.5807548136376 8
1747770058851 866.5681112284502 9
1747770059056 748.1284838153359 10
1747770059247 695.2654373004237 11
1747770059445 638.6552168026253 12
1747770059638 584.2458963725023 13
1747770059801 531.8561126724968 14
1747770059928 489.69740456200697 15
1747770060076 448.05481463352993 16
1747770060210 413.4824075944817 17
1747770060347 385.0418461874257 18
1747770060517 361.5141770333403 19
1747770060667 342.0564756263398 20
1747770060816 325.16239918924526 21
1747770060960 310.2107317010591 22
1747770061106 297.82724323090036 23
1747770061251 286.6408267193122 24
1747770061383 276.05897935516185 25
1747770061520 264.98806253729083 26
1747770061660 255.23158097344205 27
1747770061798 245.58655637909737 28
1747770061934 236.3572286413233 29
1747770062071 228.59463515250565 30
1747770062208 220.44930107161935 31
1747770062345 213.5734797168111 32
1747770062483 207.41110219536557 33
1747770062620 201.05587584659415 34
1747770062758 195.07337791322178 35
1747770062916 189.9128148613075 36
1747770063067 184.66196595868777 37
1747770063223 179.15545878987436 38
1747770063385 175.40539702767165 39
1747770063542 169.99955741887635 40
1747770063721 165.14542126574267 41
1747770063932 160.78657624329756 42
1747770064131 156.60005925715672 43
1747770064346 151.73721462335948 44
1747770064570 142.22632494153817 45
1747770064813 131.3143019055933 46
1747770065009 123.38782798812066 47
1747770065218 116.36661383917065 48
1747770065418 110.37862777581354 49
