1747770056412 47.05884552001953 0
1747770056613 45.18873596191406 1
1747770056826 42.23442077636719 2
1747770057047 38.110816955566406 3
1747770057250 34.046695709228516 4
1747770057477 30.823020935058594 5
1747770057785 27.62839698791504 6
1747770058110 25.080095291137695 7
1747770058459 23.524776458740234 8
1747770058848 22.27691078186035 9
1747770059054 19.71199607849121 10
1747770059246 19.082815170288086 11
1747770059443 18.361492156982422 12
1747770059637 17.690082550048828 13
1747770059800 16.954504013061523 14
1747770059927 16.305591583251953 15
1747770060075 15.643320083618164 16
1747770060208 15.11616039276123 17
1747770060346 14.64509391784668 18
1747770060516 14.233880043029785 19
1747770060665 13.903416633605957 20
1747770060815 13.60239315032959 21
1747770060958 13.348751068115234 22
1747770061104 13.107991218566895 23
1747770061250 12.8690824508667 24
1747770061382 12.63778305053711 25
1747770061519 12.415200233459473 26
1747770061659 12.189513206481934 27
1747770061796 11.9733247756958 28
1747770061933 11.740218162536621 29
1747770062070 11.532200813293457 30
1747770062207 11.316197395324707 31
1747770062344 11.117044448852539 32
1747770062481 10.899651527404785 33
1747770062618 10.71877384185791 34
1747770062757 10.522607803344727 35
1747770062914 10.354446411132812 36
1747770063065 10.180763244628906 37
1747770063222 10.024672508239746 38
1747770063384 9.880032539367676 39
1747770063540 9.734898567199707 40
1747770063719 9.598084449768066 41
1747770063930 9.447115898132324 42
1747770064129 9.309232711791992 43
1747770064344 9.177570343017578 44
1747770064568 8.935763359069824 45
1747770064811 8.62051773071289 46
1747770065007 8.343050956726074 47
1747770065216 8.05713176727295 48
1747770065416 7.828344345092773 49
