1747770086732 45.60354995727539 0
1747770086973 45.23830032348633 1
1747770087126 44.860164642333984 2
1747770087294 44.477989196777344 3
1747770087519 44.017024993896484 4
1747770087691 43.46375274658203 5
1747770087851 42.946617126464844 6
1747770088006 42.46261978149414 7
1747770088169 41.87382888793945 8
1747770088341 41.19234848022461 9
1747770088505 40.58464813232422 10
1747770088669 40.02051544189453 11
1747770088841 39.49249267578125 12
1747770089007 38.783077239990234 13
1747770089232 37.9693603515625 14
1747770089474 37.248172760009766 15
1747770089740 36.58946228027344 16
1747770089969 35.97019577026367 17
1747770090199 35.378780364990234 18
1747770090430 34.82142639160156 19
1747770090664 34.28877258300781 20
1747770090884 33.77531433105469 21
1747770091140 33.29090118408203 22
1747770091360 32.820125579833984 23
1747770091562 32.363765716552734 24
1747770091711 31.922773361206055 25
1747770091868 31.486469268798828 26
1747770092040 31.064592361450195 27
1747770092189 30.653711318969727 28
1747770092338 30.254274368286133 29
1747770092489 29.85867691040039 30
1747770092651 29.477218627929688 31
1747770092805 29.100187301635742 32
1747770092975 28.730484008789062 33
1747770093171 28.37018585205078 34
1747770093371 28.010467529296875 35
1747770093561 27.6553955078125 36
1747770093742 27.30091094970703 37
1747770093912 26.953777313232422 38
1747770094084 26.616140365600586 39
1747770094257 26.267839431762695 40
1747770094431 25.939496994018555 41
1747770094604 25.621049880981445 42
1747770094763 25.313343048095703 43
1747770094934 25.015911102294922 44
1747770095212 24.734891891479492 45
1747770095423 24.469547271728516 46
1747770095717 24.207487106323242 47
1747770095970 23.967124938964844 48
1747770096243 23.7277774810791 49
