1747770086734 4201.971720385438 0
1747770086975 4173.528154663572 1
1747770087127 4168.648532252375 2
1747770087295 4129.902593831927 3
1747770087523 4114.45687661587 4
1747770087692 4048.2359741292134 5
1747770087852 4000.9234586280627 6
1747770088008 3958.3403161990714 7
1747770088170 3899.08291267408 8
1747770088343 3823.6056184342583 9
1747770088506 3770.4771884300812 10
1747770088670 3710.689809376476 11
1747770088842 3648.9130553887926 12
1747770089009 3542.272363533717 13
1747770089235 3402.7170608036213 14
1747770089476 3293.855323184438 15
1747770089742 3185.627236334323 16
1747770089970 3109.3024932877083 17
1747770090200 2993.581126483071 18
1747770090433 2896.1635017291005 19
1747770090666 2800.883922666624 20
1747770090886 2715.329783845384 21
1747770091143 2632.2016851405615 22
1747770091362 2554.874797814618 23
1747770091563 2473.1971982765053 24
1747770091712 2392.3031412817763 25
1747770091869 2329.073520709023 26
1747770092041 2248.526074622404 27
1747770092190 2184.9003877410064 28
1747770092339 2116.101094673229 29
1747770092490 2053.73404132552 30
1747770092653 1996.0896133666502 31
1747770092806 1927.7916167154601 32
1747770092976 1874.5075166360937 33
1747770093173 1823.5458343491046 34
1747770093373 1777.1661583134676 35
1747770093562 1728.8249473272467 36
1747770093743 1675.7841075754845 37
1747770093913 1635.6537386551856 38
1747770094086 1591.0720258820672 39
1747770094259 1559.6361277489984 40
1747770094433 1519.72438175407 41
1747770094605 1479.8765899864923 42
1747770094765 1439.6824003539655 43
1747770094935 1409.2051022522087 44
1747770095214 1375.2509519271532 45
1747770095425 1346.1355411447623 46
1747770095720 1315.27385034147 47
1747770095972 1286.128274053757 48
1747770096245 1266.7892051799445 49
