1747694197348 0.9139018654823303 0
1747694212783 0.9143201112747192 1
1747694228030 0.9147383570671082 2
1747694242862 0.9150432348251343 3
1747694258522 0.9147617816925049 4
1747694273994 0.915023684501648 5
1747694289424 0.9151135683059692 6
1747694304877 0.9152151942253113 7
1747694320554 0.9154067635536194 8
1747694335064 0.9152933955192566 9
1747694350216 0.915226936340332 10
1747694364904 0.9151135683059692 11
1747694380059 0.915195643901825 12
1747694394901 0.915285587310791 13
1747694410463 0.915457546710968 14
1747694425954 0.9154497385025024 15
1747694441378 0.9154184460639954 16
1747694456362 0.9153910875320435 17
1747694471080 0.9153598546981812 18
1747694486446 0.9152621030807495 19
1747694502077 0.9154106378555298 20
1747694517589 0.9152816534042358 21
1747694532953 0.9154419302940369 22
1747694548345 0.9154341220855713 23
1747694563330 0.9154223799705505 24
1747694579193 0.9154184460639954 25
1747694594698 0.9153950214385986 26
1747694609958 0.9153832793235779 27
1747694624839 0.9153794050216675 28
1747694640129 0.9154106378555298 29
1747694654694 0.9152386784553528 30
1747694669896 0.9153715372085571 31
1747694685412 0.9154263138771057 32
1747694701100 0.9153950214385986 33
1747694716881 0.9154888391494751 34
1747694732424 0.9154341220855713 35
1747694747944 0.915457546710968 36
1747694763312 0.9155513644218445 37
1747694778498 0.9153754711151123 38
1747694793879 0.9154028296470642 39
1747694809787 0.9154263138771057 40
1747694825031 0.9153676629066467 41
1747694839876 0.9154536724090576 42
1747694855577 0.9154653549194336 43
1747694871379 0.9155631065368652 44
1747694887052 0.9155005812644958 45
1747694901935 0.9154028296470642 46
1747694917151 0.915414571762085 47
1747694931907 0.9155240058898926 48
1747694947119 0.9154341220855713 49
