1747694197348 0.25397353654134747 0
1747694212784 0.24452237463191678 1
1747694228031 0.24299419833103214 2
1747694242863 0.24082008631731444 3
1747694258523 0.2404651940810309 4
1747694273995 0.24069525353058213 5
1747694289425 0.23953948372430572 6
1747694304878 0.2394683358530274 7
1747694320554 0.23858887446020946 8
1747694335065 0.23888098100675606 9
1747694350217 0.23885256708820515 10
1747694364905 0.23812018730723636 11
1747694380060 0.2381061083981477 12
1747694394901 0.23799009054507786 13
1747694410464 0.23781903583286307 14
1747694425955 0.23781860146425615 15
1747694441378 0.23766787200558107 16
1747694456363 0.23848028219497505 17
1747694471081 0.23762087303677434 18
1747694486447 0.23758051039955672 19
1747694502078 0.23744148933057896 20
1747694517590 0.23729574380153845 21
1747694532954 0.23723226153639868 22
1747694548346 0.23709649260661764 23
1747694563331 0.2370822462906014 24
1747694579194 0.23709830658505934 25
1747694594698 0.23687728493711896 26
1747694609959 0.23685911234834783 27
1747694624840 0.2371033144875136 28
1747694640130 0.2368517138781265 29
1747694654694 0.23681710910524692 30
1747694669897 0.2368845675865977 31
1747694685413 0.23667785389088067 32
1747694701101 0.23667097367298578 33
1747694716881 0.23676075891817136 34
1747694732425 0.23671201299846714 35
1747694747945 0.23652117133045597 36
1747694763312 0.23662553182634466 37
1747694778499 0.2365452911190557 38
1747694793880 0.23699683043719486 39
1747694809788 0.236496158322998 40
1747694825032 0.2364840672012098 41
1747694839876 0.23668715863699394 42
1747694855578 0.23641556225992627 43
1747694871381 0.23648859791353466 44
1747694887052 0.2363275431528824 45
1747694901935 0.2363650790593279 46
1747694917152 0.23638979663774803 47
1747694931907 0.23634467022943545 48
1747694947119 0.2363015406228501 49
