1743859402826 0.20512660830397175 0
1743859426760 0.13236021144229548 1
1743859450785 0.10183060785435515 2
1743859474993 0.08481683005866933 3
1743859499096 0.0735486279897396 4
1743859522970 0.06413814047028076 5
1743859547171 0.05623934836167068 6
1743859571344 0.0515182289523514 7
1743859595415 0.047349511446564456 8
1743859619456 0.04011442947957149 9
1743859643322 0.03788785593921361 10
1743859667403 0.03594852733446094 11
1743859691023 0.034328014336027744 12
1743859714907 0.029157522999152034 13
1743859738773 0.029823891650240825 14
1743859762773 0.024492280185307535 15
1743859787067 0.025058919052674856 16
1743859811114 0.02259017283088069 17
1743859835213 0.023222009914086017 18
1743859859416 0.023750035522868237 19
1743859883558 0.022000352871882557 20
1743859907477 0.020787409058097943 21
1743859931246 0.015708476596666854 22
1743859955221 0.02079997549989956 23
1743859979000 0.01952543835922072 24
1743860002644 0.016564560896847887 25
1743860026732 0.015103738699525573 26
1743860050750 0.02059252611032464 27
1743860074317 0.015415123797984256 28
1743860098272 0.014941659200061807 29
1743860122394 0.015736381477783314 30
1743860146264 0.012813814369972282 31
1743860170054 0.017305170424625982 32
1743860193976 0.017170464300815706 33
1743860217804 0.013784649651670873 34
1743860241555 0.012543916351149759 35
1743860265222 0.015235350133220277 36
1743860288837 0.016117919642024046 37
1743860312512 0.01321490863542499 38
1743860336775 0.012652663895886493 39
1743860360519 0.013216082145884477 40
1743860384160 0.011616696171095203 41
1743860408179 0.012913021458365596 42
1743860431902 0.011571002654492915 43
1743860455694 0.010229886130877568 44
1743860479513 0.014105546635128363 45
1743860503366 0.012181203940982217 46
1743860527250 0.010227757410743686 47
1743860550805 0.015457035600163505 48
1743860574548 0.007507044234488258 49
