1743698454731 0.5512996315956116 0
1743698475901 0.30775460600852966 1
1743698496894 0.2758464813232422 2
1743698518210 0.2635881006717682 3
1743698539622 0.2569086253643036 4
1743698560945 0.25200018286705017 5
1743698582181 0.24847939610481262 6
1743698603360 0.24575373530387878 7
1743698624477 0.2436690479516983 8
1743698645595 0.2420654594898224 9
1743698666762 0.2404438704252243 10
1743698687952 0.23943033814430237 11
1743698708894 0.23806755244731903 12
1743698730050 0.23699107766151428 13
1743698751219 0.235759437084198 14
1743698772332 0.23451292514801025 15
1743698793260 0.2331341654062271 16
1743698814392 0.23210391402244568 17
1743698835687 0.23097151517868042 18
1743698856860 0.2297905832529068 19
1743698877973 0.2286897897720337 20
1743698899088 0.22759728133678436 21
1743698920149 0.22649526596069336 22
1743698941205 0.2254098802804947 23
1743698962383 0.22445544600486755 24
1743698983443 0.2235349863767624 25
1743699004777 0.22258026897907257 26
1743699026002 0.22181305289268494 27
1743699047275 0.22096745669841766 28
1743699068387 0.2201198786497116 29
1743699089454 0.21939034759998322 30
1743699110607 0.21863886713981628 31
1743699131638 0.21809490025043488 32
1743699152766 0.2172800749540329 33
1743699173943 0.2168039083480835 34
1743699195295 0.2163069248199463 35
1743699216369 0.21573016047477722 36
1743699237953 0.2153531014919281 37
1743699259207 0.21469098329544067 38
1743699280278 0.2142322063446045 39
1743699301437 0.2141830325126648 40
1743699322651 0.21337246894836426 41
1743699343881 0.21308551728725433 42
1743699365253 0.21246124804019928 43
1743699386621 0.21259988844394684 44
1743699407772 0.2116808444261551 45
1743699428849 0.21149985492229462 46
1743699449891 0.211135134100914 47
1743699471100 0.21080799400806427 48
1743699492301 0.21048086881637573 49
