1747770896124 0.04374999925494194 0
1747770896400 0.05170454457402229 1
1747770896759 0.09034091234207153 2
1747770897101 0.06647727638483047 3
1747770897467 0.06079545617103577 4
1747770897863 0.07954545319080353 5
1747770898201 0.1090909093618393 6
1747770898578 0.09943182021379471 7
1747770899001 0.1096590906381607 8
1747770899247 0.14374999701976776 9
1747770899516 0.18465909361839294 10
1747770899813 0.1931818127632141 11
1747770900134 0.21704545617103577 12
1747770900416 0.2397727221250534 13
1747770900687 0.2903409004211426 14
1747770900976 0.30000001192092896 15
1747770901294 0.3238636255264282 16
1747770901553 0.3227272629737854 17
1747770901834 0.38693180680274963 18
1747770902124 0.4335227310657501 19
1747770902427 0.4312500059604645 20
1747770902676 0.4647727310657501 21
1747770903016 0.48750001192092896 22
1747770903374 0.5573863387107849 23
1747770903737 0.574999988079071 24
1747770904129 0.5988636612892151 25
1747770904463 0.6221590638160706 26
1747770904919 0.6323863863945007 27
1747770905336 0.6499999761581421 28
1747770905632 0.6664772629737854 29
1747770905938 0.6818181872367859 30
1747770906201 0.6710227131843567 31
1747770906472 0.6818181872367859 32
1747770906753 0.7034090757369995 33
1747770907082 0.7045454382896423 34
1747770907317 0.7056818008422852 35
1747770907582 0.7085227370262146 36
1747770907888 0.7221590876579285 37
1747770908171 0.7323863506317139 38
1747770908420 0.7267045378684998 39
1747770908680 0.7295454740524292 40
1747770908972 0.7289772629737854 41
1747770909345 0.7392045259475708 42
1747770909716 0.738068163394928 43
1747770910109 0.7568181753158569 44
1747770910408 0.7448863387107849 45
1747770910646 0.7454545497894287 46
1747770910923 0.7545454502105713 47
1747770911233 0.7670454382896423 48
1747770911554 0.7613636255264282 49
