1747599112353 0.08897703098930565 0
1747599120833 0.06586994191678658 1
1747599129600 0.042808209712395 2
1747599137722 0.02429181027665685 3
1747599145878 0.012561127082158723 4
1747599154688 0.00466021120029702 5
1747599162850 0.003774784122535668 6
1747599171048 0.0034402007469099775 7
1747599179761 0.0032911359793575254 8
1747599188305 0.003204514678498076 9
1747599197040 0.003033081169285055 10
1747599206095 0.0016493859158583145 11
1747599214839 0.0016681319165965044 12
1747599223407 0.0015614770595017888 13
1747599231642 0.0015554629499280436 14
1747599239920 0.0014914663523361985 15
1747599249028 0.0014797271126641334 16
1747599257671 0.001396260135794881 17
1747599266655 0.0012633079132627237 18
1747599275501 0.0009501370803355239 19
1747599284060 0.0009091883837889422 20
1747599293188 0.0009513268256389118 21
1747599301812 0.0008674080683363275 22
1747599310601 0.0008755267015614412 23
1747599319404 0.0008493247759254413 24
1747599327918 0.0009062687834299206 25
1747599336690 0.0007941112071900201 26
1747599345473 0.0008219056730198632 27
1747599353776 0.0008758536288731617 28
1747599362707 0.0005965412031381061 29
1747599371056 0.0004821873871768586 30
1747599379475 0.00048733758358412727 31
1747599388515 0.00048688851721709667 32
1747599396862 0.0005240472793370479 33
1747599405715 0.00048647287531228457 34
1747599414566 0.0004727453296500965 35
1747599423112 0.00044722653295203044 36
1747599431851 0.0004948262243282136 37
1747599440472 0.0004454242183477187 38
1747599449273 0.0005104922395031595 39
1747599458394 0.0004006148968941364 40
1747599466857 0.00045035000903780254 41
1747599475388 0.00043086802473374445 42
1747599484185 0.00029146091811633513 43
1747599492714 0.00035850638916721926 44
1747599501789 0.0003291891853894914 45
1747599510671 0.00034198502823197974 46
1747599519222 0.0003175188165884511 47
1747599528415 0.00033993113505929304 48
1747599536776 0.00032782430929027026 49
