1747599112352 0.13244406878948212 0
1747599120831 0.09635991603136063 1
1747599129599 0.06681572645902634 2
1747599137721 0.04519254341721535 3
1747599145877 0.03169398382306099 4
1747599154687 0.02354036085307598 5
1747599162849 0.020183471962809563 6
1747599171047 0.018427610397338867 7
1747599179760 0.017513509839773178 8
1747599188304 0.016654208302497864 9
1747599197039 0.01659630984067917 10
1747599206094 0.013744213618338108 11
1747599214838 0.013381716795265675 12
1747599223406 0.013066262006759644 13
1747599231641 0.012492061592638493 14
1747599239918 0.012397951446473598 15
1747599249027 0.01190156489610672 16
1747599257670 0.011720534414052963 17
1747599266654 0.011531293392181396 18
1747599275500 0.010731589049100876 19
1747599284058 0.01031877938657999 20
1747599293187 0.010459059849381447 21
1747599301811 0.009769491851329803 22
1747599310599 0.009621967561542988 23
1747599319403 0.00949079543352127 24
1747599327917 0.00971917062997818 25
1747599336688 0.009109729900956154 26
1747599345472 0.008961686864495277 27
1747599353775 0.009344753809273243 28
1747599362706 0.00856244470924139 29
1747599371055 0.008428960107266903 30
1747599379474 0.008287772536277771 31
1747599388514 0.008176790550351143 32
1747599396861 0.008222943171858788 33
1747599405714 0.007687687873840332 34
1747599414565 0.00800999067723751 35
1747599423111 0.007690069265663624 36
1747599431850 0.0077425576746463776 37
1747599440471 0.0073542967438697815 38
1747599449272 0.007746385410428047 39
1747599458393 0.007130140904337168 40
1747599466855 0.007562438026070595 41
1747599475387 0.007566074375063181 42
1747599484184 0.007038923911750317 43
1747599492713 0.0070320600643754005 44
1747599501788 0.006977667100727558 45
1747599510671 0.006791695486754179 46
1747599519221 0.006792310159653425 47
1747599528414 0.006791571155190468 48
1747599536775 0.0068413023836910725 49
