1747683098646 0.24692774740259488 0
1747683114000 0.2392691066695778 1
1747683129570 0.23856081538165202 2
1747683144533 0.23826059958397058 3
1747683159730 0.23804283713326824 4
1747683174792 0.23809721446042356 5
1747683189993 0.2379805248747607 6
1747683205183 0.23777555793020053 7
1747683220767 0.2378075885060178 8
1747683236504 0.23757109189506756 9
1747683252014 0.2374503177989312 10
1747683267050 0.2374327723592064 11
1747683282413 0.2374699511293522 12
1747683297760 0.2373025703078869 13
1747683313174 0.2373489199225188 14
1747683328627 0.2371252678865781 15
1747683343875 0.2372797923719877 16
1747683359310 0.2372689928754752 17
1747683374280 0.23719650896584887 18
1747683388967 0.2370799351611509 19
1747683404149 0.23713684535919063 20
1747683419935 0.23709575639778213 21
1747683435409 0.2372278255449533 22
1747683450708 0.2370968065105103 23
1747683466075 0.23696370881673015 24
1747683481311 0.23702343669559026 25
1747683496694 0.23707516499992698 26
1747683512038 0.23694007856457505 27
1747683527173 0.23693250066589522 28
1747683542395 0.2370037905059436 29
1747683557887 0.2369098277736576 30
1747683573204 0.23688944207082002 31
1747683588514 0.2368604189639963 32
1747683604012 0.23684316229203453 33
1747683619379 0.23695216438915587 34
1747683634157 0.2368229815479191 35
1747683649510 0.23680429495701785 36
1747683664782 0.236817767582191 37
1747683680587 0.2367334212672088 38
1747683696229 0.23669536211189812 39
1747683711694 0.23674394269004806 40
1747683726518 0.23670756827190131 41
1747683741962 0.23683866392544356 42
1747683757554 0.23668575876824322 43
1747683773197 0.23666421792539863 44
1747683787932 0.23667015857088008 45
1747683803170 0.23664317070554242 46
1747683818324 0.23665694341191731 47
1747683833002 0.2366548696907949 48
1747683848244 0.23656621103243908 49
