1747683098645 0.9146601557731628 0
1747683113999 0.9146601557731628 1
1747683129569 0.9148086905479431 2
1747683144531 0.9151761531829834 3
1747683159728 0.9152230620384216 4
1747683174790 0.9152621030807495 5
1747683189991 0.9153051376342773 6
1747683205181 0.9152386784553528 7
1747683220765 0.9152308702468872 8
1747683236503 0.9153715372085571 9
1747683252012 0.9153754711151123 10
1747683267048 0.9154223799705505 11
1747683282411 0.9153441786766052 12
1747683297759 0.915355920791626 13
1747683313172 0.9153090119361877 14
1747683328625 0.9154341220855713 15
1747683343873 0.9153715372085571 16
1747683359307 0.9153129458427429 17
1747683374278 0.9153403043746948 18
1747683388965 0.9152738451957703 19
1747683404147 0.9153012037277222 20
1747683419933 0.9152816534042358 21
1747683435408 0.9153207540512085 22
1747683450707 0.9153324961662292 23
1747683466074 0.9152191281318665 24
1747683481309 0.9153285622596741 25
1747683496693 0.9153754711151123 26
1747683512036 0.915285587310791 27
1747683527171 0.9153324961662292 28
1747683542394 0.9153872132301331 29
1747683557885 0.9153285622596741 30
1747683573202 0.9154223799705505 31
1747683588513 0.9154067635536194 32
1747683604010 0.9153324961662292 33
1747683619377 0.9152816534042358 34
1747683634155 0.9153051376342773 35
1747683649508 0.9154028296470642 36
1747683664780 0.9155200719833374 37
1747683680585 0.9153129458427429 38
1747683696228 0.9153910875320435 39
1747683711693 0.915355920791626 40
1747683726517 0.915355920791626 41
1747683741960 0.9153207540512085 42
1747683757552 0.9153324961662292 43
1747683773196 0.9153324961662292 44
1747683787931 0.9154419302940369 45
1747683803169 0.9153520464897156 46
1747683818322 0.9154184460639954 47
1747683833001 0.9153441786766052 48
1747683848243 0.9155318140983582 49
