1743948354152 0.9153000116348267 0
1743948379352 0.9493666887283325 1
1743948404278 0.9512500166893005 2
1743948429324 0.9652666449546814 3
1743948454169 0.9689666628837585 4
1743948479285 0.9733166694641113 5
1743948504369 0.9751666784286499 6
1743948529537 0.972266674041748 7
1743948554501 0.9805999994277954 8
1743948579289 0.979366660118103 9
1743948604142 0.9826833605766296 10
1743948629510 0.9853666424751282 11
1743948654876 0.9859499931335449 12
1743948680124 0.9860166907310486 13
1743948705241 0.9876833558082581 14
1743948730186 0.9887499809265137 15
1743948755302 0.989549994468689 16
1743948780463 0.9871666431427002 17
1743948805755 0.9862666726112366 18
1743948830787 0.9913833141326904 19
1743948855788 0.9918833374977112 20
1743948880945 0.9926333427429199 21
1743948906372 0.9880499839782715 22
1743948931874 0.9927999973297119 23
1743948957065 0.9941499829292297 24
1743948982334 0.9933833479881287 25
1743949007594 0.9904500246047974 26
1743949032615 0.9938666820526123 27
1743949057911 0.9919166564941406 28
1743949083203 0.9942166805267334 29
1743949108537 0.994700014591217 30
1743949133655 0.9940500259399414 31
1743949158787 0.9949166774749756 32
1743949184150 0.9935333132743835 33
1743949209589 0.9950000047683716 34
1743949235034 0.9955666661262512 35
1743949260068 0.9927999973297119 36
1743949285425 0.9960333108901978 37
1743949310711 0.9959666728973389 38
1743949335885 0.9951000213623047 39
1743949361023 0.9962999820709229 40
1743949386254 0.9961166381835938 41
1743949411629 0.9962833523750305 42
1743949436839 0.9961166381835938 43
1743949461922 0.9962499737739563 44
1743949487640 0.9958166480064392 45
1743949512892 0.995033323764801 46
1743949538113 0.9972500205039978 47
1743949563327 0.9957000017166138 48
1743949588744 0.9973333477973938 49
