1743948354153 0.30132342445885596 0
1743948379354 0.17609988345102756 1
1743948404280 0.1730421771602106 2
1743948429326 0.11587223196652295 3
1743948454171 0.10286510257767144 4
1743948479287 0.08740108318771447 5
1743948504370 0.08086332326061094 6
1743948529538 0.09761416098076338 7
1743948554502 0.062102331947194486 8
1743948579291 0.06631337502790656 9
1743948604144 0.057747338492138006 10
1743948629512 0.04727529538835075 11
1743948654878 0.045718362199980114 12
1743948680126 0.044076405319369696 13
1743948705242 0.03786066364278553 14
1743948730188 0.03529394284532267 15
1743948755303 0.032914459766661144 16
1743948780465 0.04291328046271322 17
1743948805757 0.04438376736923253 18
1743948830789 0.02655396114979971 19
1743948855789 0.0249259219873912 20
1743948880947 0.024483495985065017 21
1743948906373 0.0408408923531403 22
1743948931876 0.021291367251173456 23
1743948957067 0.017355720529345746 24
1743948982335 0.02017336718648616 25
1743949007595 0.03262177868967161 26
1743949032616 0.018594729529644274 27
1743949057913 0.025506359124681785 28
1743949083205 0.018607162609769284 29
1743949108538 0.01633736597688998 30
1743949133656 0.017914023929651114 31
1743949158788 0.015625031721641407 32
1743949184151 0.022139009416375068 33
1743949209591 0.017867012958546202 34
1743949235036 0.01428790018584457 35
1743949260070 0.02468693067847661 36
1743949285427 0.013391939004516273 37
1743949310713 0.01281471645836546 38
1743949335886 0.01738156519529982 39
1743949361024 0.011122787378906795 40
1743949386256 0.012454094097848076 41
1743949411630 0.011969450008572614 42
1743949436840 0.011395830547407405 43
1743949461924 0.01199883677051908 44
1743949487641 0.01218379960775701 45
1743949512893 0.017051898163010497 46
1743949538115 0.008667604240622157 47
1743949563328 0.013717186339033448 48
1743949588745 0.009052437226000888 49
