1747673146413 0.9149103164672852 0
1747673161896 0.9152073860168457 1
1747673177066 0.9153794050216675 2
1747673192634 0.9151761531829834 3
1747673207676 0.915226936340332 4
1747673222167 0.9152582287788391 5
1747673236681 0.9151800274848938 6
1747673251301 0.9152504205703735 7
1747673266240 0.9151448607444763 8
1747673281485 0.9153168201446533 9
1747673296686 0.9153598546981812 10
1747673311911 0.9154184460639954 11
1747673327198 0.915285587310791 12
1747673342586 0.9152582287788391 13
1747673357912 0.9152230620384216 14
1747673373158 0.9154106378555298 15
1747673388368 0.9152191281318665 16
1747673403667 0.9154067635536194 17
1747673419234 0.9153129458427429 18
1747673434081 0.9153207540512085 19
1747673449003 0.9153403043746948 20
1747673464213 0.9154106378555298 21
1747673479376 0.9153754711151123 22
1747673494656 0.9153794050216675 23
1747673509948 0.9153324961662292 24
1747673525082 0.9153051376342773 25
1747673539715 0.9153324961662292 26
1747673554175 0.9152504205703735 27
1747673569471 0.9152738451957703 28
1747673585132 0.9152738451957703 29
1747673600043 0.9153715372085571 30
1747673615824 0.9154067635536194 31
1747673631102 0.9153168201446533 32
1747673646202 0.9155083894729614 33
1747673661615 0.9153910875320435 34
1747673677034 0.9154223799705505 35
1747673691318 0.9154106378555298 36
1747673706682 0.9154497385025024 37
1747673721939 0.9154458045959473 38
1747673737166 0.9153754711151123 39
1747673752655 0.9154223799705505 40
1747673766798 0.9154379963874817 41
1747673782054 0.9153363704681396 42
1747673797498 0.9154067635536194 43
1747673812843 0.9153715372085571 44
1747673828145 0.9153598546981812 45
1747673843302 0.9155122637748718 46
1747673857938 0.9154379963874817 47
1747673873202 0.9154692888259888 48
1747673888516 0.915414571762085 49
