1747770876557 51.07718276977539 0
1747770876702 50.23111343383789 1
1747770876849 46.554595947265625 2
1747770876996 38.96741485595703 3
1747770877152 32.814334869384766 4
1747770877299 25.741724014282227 5
1747770877454 22.621538162231445 6
1747770877601 21.41410255432129 7
1747770877755 21.1004695892334 8
1747770877903 21.053770065307617 9
1747770878052 21.160030364990234 10
1747770878201 21.174083709716797 11
1747770878354 21.18435287475586 12
1747770878513 21.24022102355957 13
1747770878664 21.322635650634766 14
1747770878826 21.289094924926758 15
1747770878980 21.294153213500977 16
1747770879141 21.288394927978516 17
1747770879351 21.296735763549805 18
1747770879558 21.34806251525879 19
1747770879771 21.345834732055664 20
1747770879982 21.314016342163086 21
1747770880192 21.28355598449707 22
1747770880405 21.242910385131836 23
1747770880615 21.303234100341797 24
1747770880828 21.32339859008789 25
1747770881038 21.32423973083496 26
1747770881249 21.276700973510742 27
1747770881462 21.27857208251953 28
1747770881657 21.3148250579834 29
1747770881797 21.281944274902344 30
1747770881952 21.289472579956055 31
1747770882105 21.237417221069336 32
1747770882266 21.251285552978516 33
1747770882419 20.968645095825195 34
1747770882580 20.393903732299805 35
1747770882732 19.775392532348633 36
1747770882893 18.25105094909668 37
1747770883045 16.29290008544922 38
1747770883205 15.186180114746094 39
1747770883360 14.790870666503906 40
1747770883516 14.68947696685791 41
1747770883672 14.638713836669922 42
1747770883827 14.619483947753906 43
1747770883986 14.583130836486816 44
1747770884139 14.530632019042969 45
1747770884302 14.518531799316406 46
1747770884456 14.493607521057129 47
1747770884618 14.433306694030762 48
1747770884773 14.360267639160156 49
