1747613369145 0.3636685629116394 0
1747613378234 0.221602535520703 1
1747613387935 0.19462510945706218 2
1747613397055 0.19151328313660268 3
1747613406954 0.18586433693972632 4
1747613416503 0.1767370784894189 5
1747613426407 0.17361040539619452 6
1747613435877 0.1661272504668468 7
1747613445201 0.1669117393299412 8
1747613454736 0.16522782017526622 9
1747613464050 0.16361248153248628 10
1747613473838 0.16576836579409812 11
1747613483241 0.159719776239741 12
1747613493072 0.16467837783665695 13
1747613501912 0.1605393282218026 14
1747613511866 0.15945064441954776 15
1747613521259 0.1576073661593661 16
1747613530937 0.15806479540796356 17
1747613540301 0.15787227125890718 18
1747613548951 0.15724709665389355 19
1747613558573 0.1569653926487202 20
1747613567800 0.15727222352499606 21
1747613577078 0.15559344194873118 22
1747613586664 0.1557152249104849 23
1747613595449 0.15586674002243095 24
1747613604770 0.1546027040416681 25
1747613614135 0.15437039578874087 26
1747613623782 0.15408185137604477 27
1747613633172 0.1534311179772968 28
1747613642539 0.15386754730472343 29
1747613652154 0.15271713554615304 30
1747613661327 0.14283457065292426 31
1747613671415 0.14445603449146466 32
1747613680619 0.10579419127803034 33
1747613690371 0.09658316057926306 34
1747613699598 0.09134376863904954 35
1747613708541 0.08729104666455476 36
1747613718049 0.08360568325906102 37
1747613726890 0.08334701654405832 38
1747613736487 0.07615425054645596 39
1747613745984 0.07514474279421532 40
1747613755357 0.07702366484159415 41
1747613764971 0.07556121610122722 42
1747613774116 0.07557126523557348 43
1747613784159 0.07565165147993473 44
1747613792998 0.07500900389864483 45
1747613801856 0.0758927465282185 46
1747613811512 0.07501351363579552 47
1747613820349 0.07521917821574545 48
1747613829591 0.0821374680915398 49
