1747614537583 1.363346658608842 0
1747614547016 0.06811521688777374 1
1747614556644 0.06264569822697588 2
1747614566242 0.05664372167395852 3
1747614575895 0.053837769790393154 4
1747614585518 0.05182253117764216 5
1747614594932 0.0502414184648069 6
1747614604919 0.04917714374706157 7
1747614614036 0.04864221091827648 8
1747614623885 0.04825163797729594 9
1747614633394 0.048049697350711414 10
1747614642754 0.04781556988193657 11
1747614652134 0.04790029768215634 12
1747614661050 0.04755188247457524 13
1747614670784 0.04744472666071131 14
1747614679612 0.04753449494422972 15
1747614689474 0.04750021211685179 16
1747614698542 0.04735214157917524 17
1747614708417 0.04727435235471389 18
1747614717554 0.04719358347991845 19
1747614727477 0.04723909861393228 20
1747614737032 0.047167888133954894 21
1747614746447 0.04713150101530943 22
1747614756393 0.04703192776500314 23
1747614765633 0.04705238552800084 24
1747614775349 0.04702292565045908 25
1747614784748 0.04691919411068361 26
1747614794763 0.046863233746957486 27
1747614803677 0.0467919621931462 28
1747614812822 0.046583285510406434 29
1747614821932 0.04625362613892851 30
1747614831384 0.04442073162089383 31
1747614840958 0.04183153426103635 32
1747614850460 0.040015852564469025 33
1747614859816 0.03919644940991668 34
1747614869779 0.03854100052268717 35
1747614879338 0.038285718530386446 36
1747614888693 0.038094865414756096 37
1747614898214 0.03798119436230438 38
1747614907700 0.037715039033924674 39
1747614917108 0.03764787903033156 40
1747614926380 0.03768165315225055 41
1747614936113 0.0375413745458854 42
1747614945429 0.03735904266383348 43
1747614955259 0.03713687319354941 44
1747614964326 0.03674736876966704 45
1747614974228 0.036584119210590536 46
1747614983881 0.03650106154136623 47
1747614993384 0.036124969026676244 48
1747615003187 0.03610939580169951 49
