1747770014671 2259.5314672168843 0
1747770014793 1815.5590985155868 1
1747770014921 1396.5531146452238 2
1747770015043 1093.699877340448 3
1747770015171 903.1773288261214 4
1747770015294 792.1405672576464 5
1747770015422 726.3751587933318 6
1747770015548 677.4642151932754 7
1747770015670 631.6245810640828 8
1747770015792 582.4597237143194 9
1747770015917 540.5933483422339 10
1747770016097 489.72119768346846 11
1747770016305 446.36709108915386 12
1747770016436 409.7548392217611 13
1747770016584 375.4533081292423 14
1747770016727 345.8457236382601 15
1747770016860 320.9955239023275 16
1747770016986 299.7051764392351 17
1747770017111 281.1536034949184 18
1747770017236 262.9361098573956 19
1747770017346 232.82389608038736 20
1747770017459 206.75241605005664 21
1747770017572 187.5748524185952 22
1747770017686 175.8544211564491 23
1747770017801 166.19871466409208 24
1747770017919 158.82573068245955 25
1747770018050 151.38918820878487 26
1747770018227 145.09701735151376 27
1747770018396 138.6203935461436 28
1747770018561 131.2525150257684 29
1747770018731 123.4154057235688 30
1747770018911 114.89173386215195 31
1747770019079 103.6608434633308 32
1747770019245 93.38541249324467 33
1747770019413 83.3334419471732 34
1747770019577 74.43377633459758 35
1747770019737 66.80142007520263 36
1747770019902 59.821867448714876 37
1747770020065 53.520015746394385 38
1747770020233 47.97149049862675 39
1747770020395 43.220537689759105 40
1747770020545 38.75329606098996 41
1747770020652 34.76555479617717 42
1747770020767 31.37652683096473 43
1747770020885 28.302434448700204 44
1747770021014 25.571942609258617 45
1747770021132 23.083374632728912 46
1747770021261 21.052375560607338 47
1747770021389 19.19854281145649 48
1747770021517 17.781354064935748 49
