1747770014670 34.36702346801758 0
1747770014792 31.382587432861328 1
1747770014920 27.258148193359375 2
1747770015042 23.8563232421875 3
1747770015170 21.584083557128906 4
1747770015293 20.32114028930664 5
1747770015421 19.625171661376953 6
1747770015546 19.096189498901367 7
1747770015669 18.68940544128418 8
1747770015790 18.107559204101562 9
1747770015916 17.517858505249023 10
1747770016094 16.825424194335938 11
1747770016303 16.164466857910156 12
1747770016435 15.557390213012695 13
1747770016583 14.96823501586914 14
1747770016726 14.452953338623047 15
1747770016859 13.976882934570312 16
1747770016984 13.556175231933594 17
1747770017110 13.159863471984863 18
1747770017235 12.769784927368164 19
1747770017345 12.194355010986328 20
1747770017458 11.572858810424805 21
1747770017571 11.00118350982666 22
1747770017684 10.574609756469727 23
1747770017800 10.240884780883789 24
1747770017918 9.970250129699707 25
1747770018048 9.700294494628906 26
1747770018225 9.456345558166504 27
1747770018394 9.210930824279785 28
1747770018559 8.96471118927002 29
1747770018729 8.69334888458252 30
1747770018909 8.3441801071167 31
1747770019078 7.947173118591309 32
1747770019244 7.533431529998779 33
1747770019412 7.146961212158203 34
1747770019575 6.784854412078857 35
1747770019736 6.441755771636963 36
1747770019900 6.116975784301758 37
1747770020064 5.811429500579834 38
1747770020231 5.513140678405762 39
1747770020394 5.23069429397583 40
1747770020544 4.962285995483398 41
1747770020651 4.700187683105469 42
1747770020766 4.450907230377197 43
1747770020884 4.210155963897705 44
1747770021013 3.9814279079437256 45
1747770021131 3.7617177963256836 46
1747770021260 3.5579075813293457 47
1747770021388 3.3624956607818604 48
1747770021516 3.194810628890991 49
