1747770615711 0.3062500059604645 0
1747770615962 0.5301136374473572 1
1747770616211 0.6420454382896423 2
1747770616485 0.7988636493682861 3
1747770616712 0.9068182110786438 4
1747770616996 0.9301136136054993 5
1747770617228 0.9392045736312866 6
1747770617503 0.9505681991577148 7
1747770617742 0.9551136493682861 8
1747770618021 0.9585227370262146 9
1747770618303 0.9602272510528564 10
1747770618676 0.9607954621315002 11
1747770619003 0.9630681872367859 12
1747770619386 0.9585227370262146 13
1747770619604 0.9630681872367859 14
1747770619893 0.9630681872367859 15
1747770620111 0.9636363387107849 16
1747770620375 0.9670454263687134 17
1747770620594 0.9698863625526428 18
1747770620852 0.9693182110786438 19
1747770621069 0.9664772748947144 20
1747770621324 0.9676136374473572 21
1747770621546 0.96875 22
1747770621815 0.9721590876579285 23
1747770622039 0.9647727012634277 24
1747770622306 0.9755681753158569 25
1747770622534 0.9755681753158569 26
1747770622818 0.9738636612892151 27
1747770623056 0.9704545736312866 28
1747770623431 0.9715909361839294 29
1747770624076 0.9767045378684998 30
1747770624402 0.9784091114997864 31
1747770624767 0.9795454740524292 32
1747770625397 0.9755681753158569 33
1747770625676 0.9767045378684998 34
1747770626444 0.9721590876579285 35
1747770626681 0.9738636612892151 36
1747770626897 0.9789772629737854 37
1747770627176 0.9772727489471436 38
1747770627424 0.9761363863945007 39
1747770627713 0.9778409004211426 40
1747770628096 0.9784091114997864 41
1747770628379 0.9772727489471436 42
1747770628660 0.981249988079071 43
1747770629671 0.9801136255264282 44
1747770630254 0.9795454740524292 45
1747770630587 0.9772727489471436 46
1747770631174 0.9789772629737854 47
1747770631673 0.9772727489471436 48
1747770631943 0.9784091114997864 49
