1747770615713 2.623658070447991 0
1747770615964 2.004510401625191 1
1747770616213 1.556811224071803 2
1747770616487 0.9021121233398709 3
1747770616714 0.37657433853814753 4
1747770616998 0.24484229347675152 5
1747770617229 0.19999592686054274 6
1747770617505 0.172413248266122 7
1747770617744 0.15313741410391235 8
1747770618023 0.13759912299704793 9
1747770618305 0.12327678331237003 10
1747770618679 0.1208054414864029 11
1747770619006 0.11902583415184428 12
1747770619388 0.12197275209324362 13
1747770619606 0.11790302061566947 14
1747770619895 0.10599372046414286 15
1747770620113 0.1001985240347052 16
1747770620377 0.09776920698761137 17
1747770620596 0.09421197040734117 18
1747770620853 0.09457921323777255 19
1747770621071 0.09211389760924002 20
1747770621326 0.08536481759564514 21
1747770621548 0.0957495310515493 22
1747770621816 0.08501371292559622 23
1747770622041 0.09773517865116463 24
1747770622308 0.08169022688315311 25
1747770622536 0.0753017562599294 26
1747770622820 0.07926678606510505 27
1747770623058 0.0752574921657844 28
1747770623434 0.075010848805957 29
1747770624078 0.07541824592165998 30
1747770624404 0.07112715422486186 31
1747770624770 0.06929383703462233 32
1747770625400 0.06813128550479262 33
1747770625677 0.0678230098146478 34
1747770626445 0.08097187983348476 35
1747770626683 0.07281548440157767 36
1747770626898 0.06658593980093107 37
1747770627177 0.06550703794692173 38
1747770627426 0.06826425094709292 39
1747770627715 0.06623186794527842 40
1747770628098 0.06318124489518173 41
1747770628381 0.06297538563754108 42
1747770628662 0.05952058906184402 43
1747770629674 0.059668681272120785 44
1747770630257 0.06146790271279873 45
1747770630589 0.061319878205159384 46
1747770631176 0.06245159974324951 47
1747770631676 0.06667731403658535 48
1747770631945 0.06130176195282747 49
