1743748414424 0.8786666393280029 0
1743748438086 0.9125166535377502 1
1743748461600 0.9230166673660278 2
1743748485012 0.928516685962677 3
1743748508596 0.9338333606719971 4
1743748532210 0.9379000067710876 5
1743748555796 0.9390666484832764 6
1743748579360 0.9419333338737488 7
1743748603016 0.9442833065986633 8
1743748626846 0.9455333352088928 9
1743748650605 0.9471833109855652 10
1743748674174 0.949316680431366 11
1743748697698 0.9488499760627747 12
1743748721255 0.9506000280380249 13
1743748744791 0.9512500166893005 14
1743748768341 0.9517166614532471 15
1743748792024 0.9525666832923889 16
1743748815899 0.9535166621208191 17
1743748839684 0.9538999795913696 18
1743748863619 0.9550999999046326 19
1743748887194 0.9559666514396667 20
1743748910893 0.9556833505630493 21
1743748934686 0.9558333158493042 22
1743748958410 0.9572499990463257 23
1743748981924 0.9564499855041504 24
1743749005565 0.9571333527565002 25
1743749029113 0.9581500291824341 26
1743749075530 0.9584333300590515 27
1743749099568 0.9584000110626221 28
1743749123309 0.960433304309845 29
1743749147083 0.9603833556175232 30
1743749170888 0.9597166776657104 31
1743749194516 0.9603333473205566 32
1743749218197 0.9604666829109192 33
1743749241984 0.960266649723053 34
1743749265648 0.9616666436195374 35
1743749289263 0.9613333344459534 36
1743749312841 0.9617499709129333 37
1743749336423 0.9609666466712952 38
1743749360311 0.9624999761581421 39
1743749384099 0.9623166918754578 40
1743749407656 0.9625833630561829 41
1743749431295 0.9629166722297668 42
1743749455178 0.963616669178009 43
1743749478896 0.9635166525840759 44
1743749502833 0.9629999995231628 45
1743749526540 0.9638000130653381 46
1743749550054 0.963533341884613 47
1743749573733 0.9645333290100098 48
1743749597353 0.9645666480064392 49
