1743748414425 0.421182726146099 0
1743748438087 0.29753535901457806 1
1743748461601 0.2660662485568877 2
1743748485013 0.2429899586587735 3
1743748508597 0.2285380084343899 4
1743748532211 0.21373370303352654 5
1743748555797 0.20626287633632467 6
1743748579361 0.19702607575228737 7
1743748603017 0.190627808948025 8
1743748626847 0.185571195386527 9
1743748650606 0.18148365709862346 10
1743748674175 0.17621683977589542 11
1743748697699 0.17501580107572406 12
1743748721256 0.1699576758079455 13
1743748744792 0.16848095306037683 14
1743748768342 0.1657020832715216 15
1743748792024 0.16299321228834562 16
1743748815900 0.15966861915137842 17
1743748839684 0.15618765644678215 18
1743748863619 0.15342427372772216 19
1743748887195 0.1513727591632593 20
1743748910894 0.1509099381196868 21
1743748934687 0.14913404349726095 22
1743748958411 0.14688670863430572 23
1743748981925 0.14687465136627695 24
1743749005566 0.14468432174309512 25
1743749029113 0.141139542879445 26
1743749075531 0.14007106453178597 27
1743749099569 0.14006627173872968 28
1743749123310 0.13471206485685563 29
1743749147084 0.1353345945940049 30
1743749170889 0.1364957603565423 31
1743749194517 0.13511558890593817 32
1743749218198 0.13339627680859548 33
1743749241985 0.131974386422163 34
1743749265649 0.13013317000499725 35
1743749289264 0.13048649639406312 36
1743749312842 0.12953130141282687 37
1743749336424 0.12898541586748508 38
1743749360312 0.12640743804811408 39
1743749384100 0.12645080767100328 40
1743749407657 0.1257793578585393 41
1743749431296 0.12552257415358137 42
1743749455179 0.12272456460777013 43
1743749478897 0.12246748551125511 44
1743749502834 0.12355790385183701 45
1743749526541 0.12149899546617149 46
1743749550055 0.1209224197036544 47
1743749573734 0.11864623751754165 48
1743749597354 0.11954041249287227 49
