1747771563333 2.3898029456632837 0
1747771563527 2.283515258560717 1
1747771563718 2.1811542943782936 2
1747771563909 2.049704410697992 3
1747771564163 1.8793621105545892 4
1747771564445 1.7166592829427691 5
1747771564729 1.5587581082259672 6
1747771565013 1.3292991938158902 7
1747771565271 0.994885691567206 8
1747771565453 0.7719011293043517 9
1747771565638 0.6462879114598319 10
1747771565826 0.575473032578692 11
1747771566015 0.525962592445874 12
1747771566206 0.5015120143713481 13
1747771566396 0.4655762246172063 14
1747771566589 0.43517220587452193 15
1747771566781 0.4261853005982448 16
1747771566973 0.40569509995932745 17
1747771567165 0.4058010808057944 18
1747771567356 0.38090970842480903 19
1747771567548 0.37341030736069314 20
1747771567738 0.3662505649959126 21
1747771567930 0.3497540197686807 22
1747771568121 0.3331586650560328 23
1747771568314 0.3365763799115754 24
1747771568507 0.3374084625299379 25
1747771568699 0.31871899338209025 26
1747771568890 0.3050455511939902 27
1747771569150 0.30496898032806413 28
1747771569435 0.2985952136245547 29
1747771569719 0.291950582525268 30
1747771570004 0.2852402504335948 31
1747771570255 0.2945010471921325 32
1747771570437 0.28721693684658317 33
1747771570631 0.28709338232481924 34
1747771570820 0.3113967632800502 35
1747771571012 0.27204042842897913 36
1747771571204 0.2768931123768192 37
1747771571395 0.25643299184741714 38
1747771571589 0.27633039642556034 39
1747771571782 0.27891638636404575 40
1747771571981 0.27871987382315916 41
1747771572173 0.25154078581053907 42
1747771572371 0.2519276179239486 43
1747771572564 0.24325122036186972 44
1747771572757 0.24695097719943523 45
1747771572956 0.24983224593606712 46
1747771573148 0.24725981004262668 47
1747771573341 0.2396185776610369 48
1747771573534 0.23943028227381205 49
