1743895596391 0.31666746735572815 0
1743895620066 0.2519271671772003 1
1743895643319 0.23487095534801483 2
1743895666661 0.22206908464431763 3
1743895689815 0.21180380880832672 4
1743895713548 0.20233123004436493 5
1743895737203 0.19347189366817474 6
1743895761021 0.18576830625534058 7
1743895784305 0.1792960911989212 8
1743895807576 0.17446394264698029 9
1743895831148 0.1699395775794983 10
1743895854515 0.16598713397979736 11
1743895877158 0.1626301407814026 12
1743895900335 0.159765362739563 13
1743895923506 0.15722844004631042 14
1743895946763 0.15590375661849976 15
1743895969639 0.15379823744297028 16
1743895992753 0.1521119326353073 17
1743896015469 0.15054231882095337 18
1743896038641 0.14894872903823853 19
1743896061628 0.1480933278799057 20
1743896084832 0.1469675749540329 21
1743896108144 0.1459522247314453 22
1743896131109 0.14467674493789673 23
1743896154346 0.1438320130109787 24
1743896177920 0.14260318875312805 25
1743896201331 0.14137649536132812 26
1743896224979 0.14039942622184753 27
1743896248407 0.1399119645357132 28
1743896271697 0.13876686990261078 29
1743896295205 0.13799595832824707 30
1743896318762 0.13748012483119965 31
1743896342027 0.13714604079723358 32
1743896365254 0.136545330286026 33
1743896388682 0.13605698943138123 34
1743896411894 0.1352057009935379 35
1743896434995 0.13467606902122498 36
1743896458236 0.1349869966506958 37
1743896481268 0.13403505086898804 38
1743896504508 0.133802592754364 39
1743896527964 0.13334669172763824 40
1743896551485 0.13347598910331726 41
1743896575036 0.13369429111480713 42
1743896598436 0.13191410899162292 43
1743896621369 0.13193190097808838 44
1743896644492 0.1317325383424759 45
1743896668023 0.13118866086006165 46
1743896691337 0.1311502903699875 47
1743896714362 0.130344957113266 48
1743896737147 0.1328536421060562 49
