1743895596392 0.26613024043081657 0
1743895620067 0.19885528901302096 1
1743895643321 0.1793931520726361 2
1743895666663 0.1646432306243711 3
1743895689817 0.15201808961868124 4
1743895713549 0.14048381423956982 5
1743895737204 0.1298495907518515 6
1743895761023 0.12091395111122258 7
1743895784307 0.11356127981362826 8
1743895807578 0.10793248966733278 9
1743895831149 0.10288036682113645 10
1743895854516 0.09857769102929133 11
1743895877159 0.09483889713612559 12
1743895900336 0.09193707556220719 13
1743895923507 0.08932098481492966 14
1743895946764 0.08744873399700957 15
1743895969640 0.0854506315548729 16
1743895992754 0.0836014471311376 17
1743896015471 0.08213135293241194 18
1743896038642 0.08070919231721632 19
1743896061629 0.07960789668100371 20
1743896084833 0.07839998605433812 21
1743896108146 0.07736276795962771 22
1743896131110 0.07624011275475388 23
1743896154347 0.07518941847195543 24
1743896177922 0.07410485492699136 25
1743896201332 0.07297216603874328 26
1743896224980 0.07205498940037823 27
1743896248408 0.07140367486739752 28
1743896271698 0.07049788599186753 29
1743896295207 0.06975518412198538 30
1743896318763 0.06911646653719469 31
1743896342029 0.06869482401527993 32
1743896365255 0.06817141399850395 33
1743896388683 0.06759584614566073 34
1743896411895 0.06705042555043123 35
1743896434996 0.06648366900434112 36
1743896458237 0.06648732185220096 37
1743896481269 0.06579797362008066 38
1743896504509 0.06554677115745704 39
1743896527965 0.06507195832949614 40
1743896551487 0.06501529785299295 41
1743896575037 0.06509555542123276 42
1743896598438 0.06390722951534866 43
1743896621370 0.06373072844136414 44
1743896644493 0.06354624611731204 45
1743896668024 0.06303836046048626 46
1743896691338 0.06292228268886776 47
1743896714363 0.062387652260008225 48
1743896737148 0.06417163384362964 49
