1747699595818 0.24657569308595267 0
1747699611173 0.239612982368775 1
1747699626512 0.2385822790564702 2
1747699642014 0.2381781118766909 3
1747699657493 0.23799033551084167 4
1747699672884 0.23759060451492414 5
1747699688445 0.2376289671766276 6
1747699703929 0.23744155466676276 7
1747699719537 0.2374161053916112 8
1747699735073 0.23724076142809555 9
1747699750364 0.2373389813023972 10
1747699765710 0.23712744575313915 11
1747699780886 0.23685367194724213 12
1747699796079 0.2368730978857097 13
1747699811209 0.2368434969867531 14
1747699826446 0.23663779106176108 15
1747699841876 0.2366553998154921 16
1747699857132 0.23660215641192808 17
1747699872256 0.23648866181247247 18
1747699887688 0.23642874733552482 19
1747699903137 0.23637868383558305 20
1747699918534 0.23633868891289142 21
1747699933660 0.23636279406145128 22
1747699948734 0.23626941388609832 23
1747699964184 0.23624394971155369 24
1747699979715 0.2360575142287189 25
1747699995418 0.23606387863951445 26
1747700010762 0.23592895009772985 27
1747700026212 0.23608469856364375 28
1747700042152 0.23590345882246586 29
1747700057840 0.23587996220584717 30
1747700073064 0.23594760495307207 31
1747700088334 0.23574636301735138 32
1747700103600 0.23575249331912537 33
1747700119018 0.23580267107911315 34
1747700134404 0.23561507079537203 35
1747700150027 0.23550069386300623 36
1747700165601 0.23542844063269397 37
1747700181183 0.23541492188809574 38
1747700196769 0.2352998288427923 39
1747700212242 0.23526226799025846 40
1747700227848 0.23528528122440664 41
1747700243175 0.2351400157976127 42
1747700258636 0.23504749880757186 43
1747700274114 0.23510995095355583 44
1747700289606 0.2350540761838067 45
1747700305272 0.2350309671720068 46
1747700321287 0.23483330572479774 47
1747700337054 0.2348765589223533 48
1747700352714 0.23488043183718293 49
