1747699595816 0.9143630862236023 0
1747699611171 0.9146875143051147 1
1747699626510 0.9148673415184021 2
1747699642012 0.9150276184082031 3
1747699657492 0.9150510430335999 4
1747699672882 0.9150197505950928 5
1747699688443 0.9151409268379211 6
1747699703926 0.9153129458427429 7
1747699719534 0.9152699112892151 8
1747699735071 0.9153324961662292 9
1747699750363 0.9152777791023254 10
1747699765708 0.9152738451957703 11
1747699780885 0.9152386784553528 12
1747699796078 0.9152464866638184 13
1747699811208 0.9153754711151123 14
1747699826444 0.9152621030807495 15
1747699841875 0.915355920791626 16
1747699857130 0.9152894616127014 17
1747699872254 0.9154692888259888 18
1747699887686 0.9154184460639954 19
1747699903135 0.9153872132301331 20
1747699918533 0.9155122637748718 21
1747699933659 0.9153872132301331 22
1747699948733 0.9153754711151123 23
1747699964182 0.9155005812644958 24
1747699979714 0.9153520464897156 25
1747699995416 0.9153950214385986 26
1747700010761 0.9154770970344543 27
1747700026209 0.9154966473579407 28
1747700042150 0.9156022071838379 29
1747700057839 0.9154810309410095 30
1747700073062 0.9154028296470642 31
1747700088332 0.9154692888259888 32
1747700103598 0.9156842827796936 33
1747700119017 0.9157389998435974 34
1747700134403 0.9156959652900696 35
1747700150025 0.9156373739242554 36
1747700165598 0.9157859086990356 37
1747700181182 0.9156725406646729 38
1747700196768 0.9157428741455078 39
1747700212241 0.9157311916351318 40
1747700227846 0.9156216979026794 41
1747700243174 0.9158015251159668 42
1747700258634 0.9160165190696716 43
1747700274112 0.9158679842948914 44
1747700289604 0.9157624244689941 45
1747700305270 0.9159266352653503 46
1747700321286 0.9159618020057678 47
1747700337052 0.9158523678779602 48
1747700352712 0.9158328175544739 49
