1743703937610 0.22801526364785152 0
1743703958754 0.21894980945761258 1
1743703979884 0.21417950642752195 2
1743704001238 0.21108918345349675 3
1743704022398 0.20917285102475408 4
1743704043651 0.2069066262626302 5
1743704064897 0.2046062146766851 6
1743704086082 0.20285673708732269 7
1743704107330 0.2008202310192875 8
1743704128614 0.19949036575495535 9
1743704149687 0.19771625945845417 10
1743704170894 0.1963949008192727 11
1743704192173 0.19506347090311457 12
1743704213486 0.19392121896468056 13
1743704234838 0.19298447713305295 14
1743704256182 0.19187693492677682 15
1743704277310 0.190979700981207 16
1743704298565 0.19003187462918333 17
1743704319637 0.18924046667611363 18
1743704340721 0.18846497004249807 19
1743704362022 0.18742804943730146 20
1743704383473 0.18654241695520393 21
1743704404805 0.1862163696623791 22
1743704425986 0.18533721699185174 23
1743704447286 0.18472284216390786 24
1743704468614 0.18430742827006305 25
1743704489864 0.1835695820423628 26
1743704511176 0.18309548900587155 27
1743704532311 0.18240762311991224 28
1743704553517 0.18214969941891873 29
1743704574766 0.1816101089531968 30
1743704595998 0.18099915573152617 31
1743704617199 0.1805240471070272 32
1743704638366 0.18017553237087178 33
1743704659671 0.1798413409247985 34
1743704681050 0.17923449772347327 35
1743704702244 0.17875904580449403 36
1743704723499 0.1782578571523194 37
1743704744637 0.17800108799371395 38
1743704765945 0.17730403672120396 39
1743704787320 0.17696219453654333 40
1743704808419 0.1764773143912805 41
1743704829616 0.17592966502703494 42
1743704850758 0.17554017399186692 43
1743704872004 0.1750130318748692 44
1743704893376 0.17458830452177665 45
1743704914600 0.1741738901051688 46
1743704935792 0.173710085031539 47
1743704957113 0.17311803731319 48
1743704978461 0.17279924524973392 49
