1743870515693 0.2619391083717346 0
1743870538702 0.251761257648468 1
1743870561468 0.24837110936641693 2
1743870584393 0.24086181819438934 3
1743870607322 0.23971785604953766 4
1743870630144 0.23353151977062225 5
1743870653034 0.2279762327671051 6
1743870676204 0.23278741538524628 7
1743870699270 0.22127053141593933 8
1743870722296 0.22067582607269287 9
1743870745058 0.21926675736904144 10
1743870768315 0.216764435172081 11
1743870791262 0.21380925178527832 12
1743870814195 0.21293701231479645 13
1743870836624 0.21046088635921478 14
1743870859226 0.2080969661474228 15
1743870881671 0.2074345052242279 16
1743870904076 0.20438647270202637 17
1743870926612 0.20228193700313568 18
1743870949148 0.2008924037218094 19
1743870971683 0.19811564683914185 20
1743870994813 0.19464683532714844 21
1743871017988 0.19240550696849823 22
1743871041233 0.1896037459373474 23
1743871064287 0.18687006831169128 24
1743871087290 0.18350215256214142 25
1743871110521 0.18047963082790375 26
1743871133443 0.17783379554748535 27
1743871156382 0.17507383227348328 28
1743871179198 0.17248304188251495 29
1743871202248 0.1699545681476593 30
1743871225225 0.16753418743610382 31
1743871248127 0.1654939204454422 32
1743871271334 0.16418467462062836 33
1743871294539 0.162417933344841 34
1743871317608 0.16045595705509186 35
1743871340700 0.15881675481796265 36
1743871363987 0.1572166532278061 37
1743871387240 0.1557805985212326 38
1743871410314 0.1547120362520218 39
1743871433339 0.15365423262119293 40
1743871456519 0.1525689661502838 41
1743871479868 0.15177688002586365 42
1743871503112 0.1509506106376648 43
1743871526154 0.14913523197174072 44
1743871549343 0.148581400513649 45
1743871572630 0.14745157957077026 46
1743871595900 0.14581623673439026 47
1743871619020 0.14426127076148987 48
1743871642252 0.14332367479801178 49
