1743870515694 0.22319979486573857 0
1743870538703 0.20892790588095392 1
1743870561469 0.20485797974007736 2
1743870584394 0.19597189353839303 3
1743870607323 0.19491219703543125 4
1743870630146 0.18847619154795245 5
1743870653035 0.18192402432158133 6
1743870676206 0.18745570054545554 7
1743870699272 0.17363490987852462 8
1743870722297 0.1727922041641 9
1743870745059 0.17144351292075283 10
1743870768316 0.16841633871565975 11
1743870791263 0.1648334248470962 12
1743870814196 0.1639883357135695 13
1743870836626 0.1611429275709015 14
1743870859227 0.15832916519368126 15
1743870881672 0.15744692506625688 16
1743870904077 0.15399929260437248 17
1743870926613 0.15159981827951693 18
1743870949149 0.15002406639115273 19
1743870971684 0.14679240414334394 20
1743870994814 0.14292728342578345 21
1743871017989 0.1400664798969643 22
1743871041234 0.13690712397686358 23
1743871064288 0.13367516238518648 24
1743871087291 0.129963952195239 25
1743871110522 0.1264082919985034 26
1743871133444 0.12333888090132133 27
1743871156383 0.12028357392186592 28
1743871179200 0.11727588824401249 29
1743871202249 0.11432509787281833 30
1743871225226 0.11155554939518342 31
1743871248128 0.10921333977580341 32
1743871271335 0.10753792643427859 33
1743871294540 0.10550873407760034 34
1743871317610 0.10339598731902735 35
1743871340701 0.10151353225196544 36
1743871363988 0.09957540826384179 37
1743871387241 0.09790753122776935 38
1743871410316 0.09662639512023792 39
1743871433341 0.09525930210671689 40
1743871456521 0.09420951841919466 41
1743871479869 0.09304647578406752 42
1743871503113 0.09218664780058707 43
1743871526156 0.09018683977597473 44
1743871549345 0.08945177596550666 45
1743871572631 0.08811283286066059 46
1743871595902 0.08639958012818319 47
1743871619021 0.08477867936833214 48
1743871642253 0.08355147151658983 49
