1747685463295 0.2474802504279384 0
1747685478629 0.2394199687099813 1
1747685493350 0.23859848320367294 2
1747685508915 0.23795805630355052 3
1747685524257 0.23792595382758092 4
1747685539596 0.2376704881139507 5
1747685555213 0.23759816682775897 6
1747685570141 0.23740667189907308 7
1747685584977 0.2372141749401324 8
1747685600629 0.23716177749454775 9
1747685616283 0.2371324819391516 10
1747685631857 0.23702144773557304 11
1747685647544 0.23689415967291602 12
1747685662879 0.23678993143747418 13
1747685678213 0.23676001354491397 14
1747685693666 0.23661377508506756 15
1747685708979 0.23656732342718975 16
1747685724303 0.23655451310664247 17
1747685739725 0.236578675682711 18
1747685755139 0.23653408153127012 19
1747685770209 0.23638791674857976 20
1747685785435 0.23626161455833733 21
1747685800729 0.23625863799792954 22
1747685816265 0.23613751863052448 23
1747685831649 0.2361144238930242 24
1747685847049 0.2360047889753644 25
1747685862429 0.23601391145177583 26
1747685876842 0.23606255867287418 27
1747685892090 0.23594877384241827 28
1747685907494 0.23588612351641522 29
1747685922984 0.23569471409112308 30
1747685938273 0.23576137186957402 31
1747685953845 0.2356398151899487 32
1747685969402 0.23573333242008257 33
1747685984852 0.23549360939909403 34
1747686000253 0.2354909575686437 35
1747686015037 0.23548268966878896 36
1747686029853 0.23551572149816408 37
1747686045226 0.2354949577092624 38
1747686060715 0.23548872855675124 39
1747686075991 0.23529826359556272 40
1747686091853 0.2352362995448994 41
1747686106821 0.2352607572166744 42
1747686122009 0.2351500024479519 43
1747686137724 0.2351745681466866 44
1747686153222 0.23522052564784537 45
1747686168644 0.23497840971686312 46
1747686184168 0.23508266749692147 47
1747686199621 0.23487760588404671 48
1747686215110 0.23484773889023022 49
