1747685463295 0.9145585298538208 0
1747685478629 0.9151096940040588 1
1747685493349 0.9150823354721069 2
1747685508915 0.9153324961662292 3
1747685524256 0.9151761531829834 4
1747685539596 0.9151800274848938 5
1747685555212 0.9151995778083801 6
1747685570141 0.9152464866638184 7
1747685584976 0.9153051376342773 8
1747685600628 0.9154653549194336 9
1747685616282 0.9152933955192566 10
1747685631856 0.9151995778083801 11
1747685647543 0.9154614806175232 12
1747685662878 0.9153872132301331 13
1747685678212 0.9151331186294556 14
1747685693665 0.9153637290000916 15
1747685708979 0.9154458045959473 16
1747685724302 0.9153676629066467 17
1747685739724 0.915473222732544 18
1747685755138 0.9154927134513855 19
1747685770208 0.915457546710968 20
1747685785434 0.9155005812644958 21
1747685800728 0.9154028296470642 22
1747685816263 0.9155826568603516 23
1747685831648 0.9154497385025024 24
1747685847048 0.9154184460639954 25
1747685862428 0.9153637290000916 26
1747685876841 0.9154458045959473 27
1747685892089 0.9156256318092346 28
1747685907493 0.9153637290000916 29
1747685922983 0.9155396223068237 30
1747685938273 0.9155357480049133 31
1747685953844 0.9158250093460083 32
1747685969402 0.9156060814857483 33
1747685984851 0.915676474571228 34
1747686000253 0.9156569242477417 35
1747686015036 0.9155787229537964 36
1747686029852 0.9155200719833374 37
1747686045225 0.9155631065368652 38
1747686060713 0.9156998991966248 39
1747686075990 0.9155904650688171 40
1747686091852 0.9157116413116455 41
1747686106820 0.915688157081604 42
1747686122008 0.9157038331031799 43
1747686137723 0.9157741665840149 44
1747686153221 0.9156412482261658 45
1747686168643 0.9158914089202881 46
1747686184167 0.9157038331031799 47
1747686199620 0.9158718585968018 48
1747686215109 0.9157781004905701 49
