1747770561245 41.61250686645508 0
1747770561384 23.728540420532227 1
1747770561524 16.758024215698242 2
1747770561663 12.790227890014648 3
1747770561803 9.603310585021973 4
1747770561941 7.628402233123779 5
1747770562081 6.159480094909668 6
1747770562218 4.540503978729248 7
1747770562356 2.900554895401001 8
1747770562498 2.247734308242798 9
1747770562639 2.059812307357788 10
1747770562779 1.8987315893173218 11
1747770562919 1.7805943489074707 12
1747770563061 1.6765333414077759 13
1747770563203 1.5780086517333984 14
1747770563346 1.4715335369110107 15
1747770563490 1.407508134841919 16
1747770563686 1.3353400230407715 17
1747770563884 1.2725828886032104 18
1747770564080 1.221057415008545 19
1747770564278 1.172571063041687 20
1747770564475 1.11049222946167 21
1747770564673 1.0770657062530518 22
1747770564875 1.0438514947891235 23
1747770565074 0.9820106625556946 24
1747770565279 0.9493422508239746 25
1747770565484 0.9283156991004944 26
1747770565688 0.873792827129364 27
1747770565892 0.8314836025238037 28
1747770566047 0.800954282283783 29
1747770566177 0.7747611999511719 30
1747770566312 0.7371937036514282 31
1747770566450 0.7056959867477417 32
1747770566585 0.682569146156311 33
1747770566720 0.644671618938446 34
1747770566855 0.6339174509048462 35
1747770566990 0.5848984122276306 36
1747770567124 0.5664660930633545 37
1747770567261 0.5541362166404724 38
1747770567402 0.5100838541984558 39
1747770567541 0.48659080266952515 40
1747770567692 0.4633517861366272 41
1747770567839 0.4463875889778137 42
1747770567987 0.4466584324836731 43
1747770568137 0.4316956698894501 44
1747770568287 0.41338497400283813 45
1747770568437 0.3939512073993683 46
1747770568586 0.38374584913253784 47
1747770568736 0.3884516656398773 48
1747770568870 0.3811199963092804 49
