1743991547020 0.17618069861677052 0
1743991573236 0.09956067212720311 1
1743991599427 0.08892796335997602 2
1743991625762 0.07703678515249032 3
1743991652003 0.06723615051639142 4
1743991677943 0.06208302089959598 5
1743991703921 0.0538617793173779 6
1743991729754 0.04652540680775428 7
1743991755604 0.041316773287006434 8
1743991781605 0.038954362932767196 9
1743991807796 0.034760975709078205 10
1743991833663 0.0312564961016326 11
1743991859785 0.029319359166674077 12
1743991885737 0.03000377820699457 13
1743991911530 0.02504959944636613 14
1743991937534 0.02320906311279037 15
1743991963422 0.025480327556193137 16
1743991989393 0.020841166297982276 17
1743992015310 0.022607175900625776 18
1743992041402 0.019571934653985774 19
1743992067324 0.02344304570969343 20
1743992093422 0.018405191994376794 21
1743992119732 0.014060170517954612 22
1743992145981 0.015922400173125933 23
1743992172092 0.014440568462805 24
1743992198238 0.016096185533245454 25
1743992224161 0.013448762260515324 26
1743992250343 0.014172779237099533 27
1743992276576 0.014847684480107435 28
1743992302948 0.012579037032164035 29
1743992329029 0.00960807638932116 30
1743992355308 0.014595119532758417 31
1743992381569 0.013157948173677434 32
1743992407769 0.013794026512197386 33
1743992433995 0.006761454797953854 34
1743992460389 0.016218362409787787 35
1743992486606 0.011839349207435512 36
1743992512877 0.013330040683702202 37
1743992539115 0.011839842707192459 38
1743992565390 0.011315443311566302 39
1743992591709 0.010364021688977966 40
1743992617944 0.013091356743689102 41
1743992644181 0.008103447257955575 42
1743992670348 0.008951186399694607 43
1743992696595 0.009884048070812196 44
1743992722806 0.009638579246184843 45
1743992748660 0.012126273608107318 46
1743992774577 0.006917279740571385 47
1743992800438 0.013615625836225359 48
1743992826519 0.006292027710147774 49
