1743794905650 0.8610166907310486 0
1743795087346 0.9489499926567078 1
1743795268987 0.9614333510398865 2
1743795450770 0.9680833220481873 3
1743795632320 0.9717000126838684 4
1743795813975 0.9765333533287048 5
1743795905228 0.9779166579246521 6
1743795962314 0.9801166653633118 7
1743796027630 0.9824000000953674 8
1743796087462 0.9839166402816772 9
1743796146880 0.9846833348274231 10
1743796204713 0.9857333302497864 11
1743796258136 0.9872000217437744 12
1743796312226 0.9879500269889832 13
1743796367833 0.9885666370391846 14
1743796426716 0.9896000027656555 15
1743796476401 0.989216685295105 16
1743796529154 0.9906666874885559 17
1743796576291 0.9905499815940857 18
1743796638472 0.9905833601951599 19
1743796698712 0.991516649723053 20
1743796748640 0.9917333126068115 21
1743796804643 0.9922999739646912 22
1743796860866 0.9924666881561279 23
1743796911887 0.9927999973297119 24
1743796968556 0.9933000206947327 25
1743797023933 0.9929333329200745 26
1743797078683 0.9940166473388672 27
1743797134310 0.9937333464622498 28
1743797189858 0.9936833381652832 29
1743797245250 0.9946833252906799 30
1743797297389 0.9950833320617676 31
1743797346383 0.9935500025749207 32
1743797399380 0.9949333071708679 33
1743797458556 0.9939666390419006 34
1743797501721 0.995283305644989 35
1743797684253 0.9945166707038879 36
1743797866805 0.995199978351593 37
1743798049346 0.9954166412353516 38
1743798232125 0.9944666624069214 39
1743798415062 0.9953833222389221 40
1743798597722 0.9961833357810974 41
1743798779174 0.9962499737739563 42
1743798960513 0.9955000281333923 43
1743799143660 0.9958999752998352 44
1743799326488 0.9973000288009644 45
1743799509033 0.9957833290100098 46
1743799691719 0.9968000054359436 47
1743799874017 0.9952499866485596 48
1743800055309 0.9969000220298767 49
