1743794905651 0.437432300893315 0
1743795087347 0.16929500011857948 1
1743795268989 0.12979278817723047 2
1743795450772 0.10734099233868548 3
1743795632321 0.0932016721926683 4
1743795813977 0.07963012687860564 5
1743795905229 0.07204598348697046 6
1743795962315 0.06477065426410482 7
1743796027631 0.0570476035302753 8
1743796087463 0.052104630794057236 9
1743796146882 0.048634362227887064 10
1743796204714 0.04557569166715125 11
1743796258137 0.04198691016075047 12
1743796312227 0.03860833657012331 13
1743796367834 0.036457717331079796 14
1743796426718 0.03406675092616304 15
1743796476402 0.034358362029025355 16
1743796529155 0.030114716240155433 17
1743796576292 0.02896266581388796 18
1743796638473 0.029867457550642587 19
1743796698713 0.027064739187373732 20
1743796748642 0.027241317607906133 21
1743796804644 0.02382369610737794 22
1743796860867 0.024061216776452787 23
1743796911889 0.022936838180020597 24
1743796968557 0.021758110255901724 25
1743797023934 0.0233201751256403 26
1743797078685 0.020033865932176403 27
1743797134311 0.02034559048642385 28
1743797189859 0.02046561741875587 29
1743797245251 0.01702864871637889 30
1743797297391 0.01756816860686404 31
1743797346384 0.022226679103732952 32
1743797399382 0.017899180310915995 33
1743797458557 0.019761881114205564 34
1743797501723 0.01548673644935699 35
1743797684254 0.019096208333534 36
1743797866806 0.01599827275665822 37
1743798049347 0.015881398240459695 38
1743798232126 0.019050315130928926 39
1743798415064 0.014587367942173564 40
1743798597724 0.012625182474221728 41
1743798779175 0.013570290223446942 42
1743798960514 0.01620579023030229 43
1743799143662 0.014959480794188186 44
1743799326489 0.009376738918815549 45
1743799509035 0.014525206783416608 46
1743799691720 0.01157054327729197 47
1743799874019 0.019098156799368677 48
1743800055310 0.010756260621613061 49
