1747690139896 0.2472501142205881 0
1747690155272 0.23946448564984485 1
1747690170230 0.23881051584665228 2
1747690184771 0.2381921906207464 3
1747690199933 0.23788715888511142 4
1747690215265 0.23766772551438778 5
1747690230697 0.237488311316026 6
1747690246102 0.23727463779806104 7
1747690261300 0.23726966118049486 8
1747690276347 0.23729136641007226 9
1747690291085 0.23709854387297766 10
1747690306353 0.236931640742913 11
1747690321229 0.23691973521288145 12
1747690336693 0.23693611026595682 13
1747690351986 0.23677907865307868 14
1747690367709 0.23681181977984955 15
1747690382907 0.2368263998753558 16
1747690398342 0.23664670182446812 17
1747690413763 0.23654120980927515 18
1747690429043 0.23653559219830794 19
1747690444302 0.2364777399052354 20
1747690460097 0.23637146907284712 21
1747690475152 0.23630304726976015 22
1747690491019 0.2362685009559871 23
1747690506221 0.23611988278346027 24
1747690521104 0.23619930999919997 25
1747690536352 0.23619479593548118 26
1747690551798 0.23611345694887584 27
1747690566348 0.23593615049020467 28
1747690581909 0.23596075659530738 29
1747690597175 0.2359492151776068 30
1747690612469 0.23583559259854517 31
1747690628055 0.23590625439643848 32
1747690642710 0.2356895805275451 33
1747690658239 0.2357549439667747 34
1747690673638 0.235632455368856 35
1747690688981 0.23564757315097234 36
1747690704360 0.2356055009428901 37
1747690719659 0.2355027703928792 38
1747690735255 0.23538943824602812 39
1747690751010 0.23553883909823733 40
1747690766168 0.23555416191186346 41
1747690781668 0.23531096777060176 42
1747690797549 0.23531222314406655 43
1747690813236 0.23524766554127094 44
1747690828847 0.23525665767016754 45
1747690843085 0.23516905982319106 46
1747690858216 0.23519333410286 47
1747690873059 0.23522915395771532 48
1747690888821 0.23494802647832028 49
