1747665320104 0.9143083691596985 0
1747665333795 0.9146601557731628 1
1747665347760 0.9146601557731628 2
1747665361783 0.914664089679718 3
1747665375785 0.9148282408714294 4
1747665389943 0.9149181246757507 5
1747665404241 0.9148321747779846 6
1747665418390 0.9149376749992371 7
1747665432229 0.9150080680847168 8
1747665446134 0.9148634076118469 9
1747665460465 0.9149494171142578 10
1747665474587 0.9147695899009705 11
1747665488635 0.915168285369873 12
1747665502668 0.9149923920631409 13
1747665516217 0.9149729013442993 14
1747665530469 0.9149611592292786 15
1747665544424 0.9148126244544983 16
1747665558460 0.9149220585823059 17
1747665572602 0.9149103164672852 18
1747665586811 0.9148790836334229 19
1747665601001 0.9149142503738403 20
1747665614736 0.9149064421653748 21
1747665628408 0.9148282408714294 22
1747665642528 0.9149885177612305 23
1747665656150 0.9149376749992371 24
1747665670124 0.914836049079895 25
1747665684172 0.9147852659225464 26
1747665698449 0.9147109985351562 27
1747665712657 0.914793074131012 28
1747665727015 0.9148048162460327 29
1747665741369 0.9147735238075256 30
1747665755105 0.9149689674377441 31
1747665769202 0.9149103164672852 32
1747665783333 0.9148126244544983 33
1747665797244 0.9148126244544983 34
1747665811361 0.9148164987564087 35
1747665825624 0.9147852659225464 36
1747665839761 0.9148126244544983 37
1747665854028 0.9147852659225464 38
1747665868404 0.9148438572883606 39
1747665882351 0.9148204326629639 40
1747665896445 0.9148086905479431 41
1747665910371 0.914793074131012 42
1747665924587 0.9148595333099365 43
1747665938238 0.9148555994033813 44
1747665952475 0.914894700050354 45
1747665966685 0.9148204326629639 46
1747665981136 0.9147695899009705 47
1747665995364 0.9148595333099365 48
1747666009541 0.9148555994033813 49
