1743745532605 0.5070845795187244 0
1743745557703 0.28159510296940843 1
1743745581386 0.2489380758864639 2
1743745605019 0.23251897894686785 3
1743745628703 0.2191635598323843 4
1743745652535 0.20998590900264608 5
1743745676234 0.20132765242725145 6
1743745699851 0.19555827253218208 7
1743745723317 0.19146301520244238 8
1743745746819 0.18709279025917305 9
1743745770432 0.18262107381622153 10
1743745794121 0.1770741353049308 11
1743745817744 0.17324216095195658 12
1743745841343 0.16761254451008895 13
1743745864843 0.16629339570302767 14
1743745888350 0.16282557257669458 15
1743745911928 0.16015804188867852 16
1743745935328 0.15773540895518123 17
1743745958974 0.15568843465809848 18
1743745982649 0.15356030499105447 19
1743746006219 0.1522833949459481 20
1743746029805 0.15053754492905108 21
1743746053609 0.14965153562417702 22
1743746077194 0.14532384335700008 23
1743746100763 0.14425175123152736 24
1743746124590 0.14430371139316966 25
1743746148215 0.14391096261150219 26
1743746171865 0.13985293190294118 27
1743746195412 0.1394326922462111 28
1743746219095 0.1376530075686389 29
1743746242465 0.13932276721901868 30
1743746265803 0.13642393345209983 31
1743746289109 0.13500034392530966 32
1743746312624 0.13260696181615458 33
1743746336013 0.13438124520317699 34
1743746359521 0.13190435052094293 35
1743746383325 0.13083331465346926 36
1743746407254 0.13060301342963565 37
1743746431045 0.12863659277337378 38
1743746459224 0.12707223378609672 39
1743746491387 0.12692099930063389 40
1743746523781 0.1269277763590885 41
1743746555867 0.12670183183592204 42
1743746585630 0.12369633868837125 43
1743746609294 0.12382668790276999 44
1743746632904 0.12301434368950483 45
1743746656551 0.1213309906625311 46
1743746680307 0.12175806895693599 47
1743746704089 0.11861636796372038 48
1743746727880 0.11987046690160467 49
