1743745532604 0.8568999767303467 0
1743745557702 0.918150007724762 1
1743745581386 0.9276833534240723 2
1743745605018 0.9325666427612305 3
1743745628702 0.9364833235740662 4
1743745652534 0.938966691493988 5
1743745676234 0.9422000050544739 6
1743745699850 0.9431833624839783 7
1743745723316 0.9436833262443542 8
1743745746818 0.9455833435058594 9
1743745770431 0.9469500184059143 10
1743745794120 0.9490666389465332 11
1743745817743 0.9495833516120911 12
1743745841342 0.9515500068664551 13
1743745864843 0.9517499804496765 14
1743745888349 0.9534500241279602 15
1743745911927 0.9536499977111816 16
1743745935328 0.9544500112533569 17
1743745958973 0.9551833271980286 18
1743745982648 0.95496666431427 19
1743746006218 0.9562000036239624 20
1743746029804 0.9564999938011169 21
1743746053608 0.9564333558082581 22
1743746077193 0.9581500291824341 23
1743746100763 0.9578333497047424 24
1743746124589 0.958216667175293 25
1743746148214 0.958050012588501 26
1743746171864 0.9588666558265686 27
1743746195411 0.9591666460037231 28
1743746219095 0.9601500034332275 29
1743746242464 0.9592166543006897 30
1743746265803 0.9602000117301941 31
1743746289108 0.9605166912078857 32
1743746312623 0.9608666896820068 33
1743746336012 0.9602833390235901 34
1743746359520 0.9609166383743286 35
1743746383324 0.9606500267982483 36
1743746407253 0.9610166549682617 37
1743746431044 0.9624500274658203 38
1743746459223 0.9621000289916992 39
1743746491386 0.9623333215713501 40
1743746523781 0.9626500010490417 41
1743746555867 0.9620166420936584 42
1743746585629 0.963283360004425 43
1743746609293 0.9628499746322632 44
1743746632903 0.9635166525840759 45
1743746656550 0.9635499715805054 46
1743746680306 0.9634166955947876 47
1743746704088 0.9644500017166138 48
1743746727879 0.963533341884613 49
