1747763473233 0.2430297569355251 0
1747763491697 0.23949637026783632 1
1747763510356 0.2389207537329129 2
1747763528573 0.23856601365500402 3
1747763547063 0.23808928739572774 4
1747763565612 0.23800547070938055 5
1747763584026 0.23781600061115607 6
1747763602216 0.2377828750508725 7
1747763620678 0.23751614533026377 8
1747763639080 0.23761864385991482 9
1747763657268 0.23729828583097265 10
1747763675606 0.23718387998389004 11
1747763693912 0.23718742383762362 12
1747763712007 0.23703454079908856 13
1747763730681 0.23694141058530313 14
1747763749134 0.23686027122676862 15
1747763767210 0.23664820817888071 16
1747763785541 0.23675454447382382 17
1747763803786 0.23673906397413264 18
1747763822024 0.2366081518243051 19
1747763840469 0.23659370608142238 20
1747763858987 0.23663298247176623 21
1747763877537 0.23658267159025473 22
1747763895648 0.2364655408012591 23
1747763914272 0.23638190975346876 24
1747763932745 0.23635839053723032 25
1747763951044 0.2363917989688828 26
1747763969587 0.23663827490299943 27
1747763988153 0.2362031741163935 28
1747764006597 0.23622257879065028 29
1747764024699 0.23628457303068956 30
1747764043185 0.2360792153447129 31
1747764061574 0.23609307730884851 32
1747764079589 0.2361183875918887 33
1747764098073 0.2359981485751028 34
1747764116698 0.23607791706640965 35
1747764135153 0.23600216684561548 36
1747764153452 0.23600764546858807 37
1747764171915 0.2359624282441466 38
1747764190521 0.23577962808799377 39
1747764208680 0.23582109803224255 40
1747764230052 0.23584488179247368 41
1747764249547 0.2359927933071213 42
1747764267835 0.23568643033354553 43
1747764286473 0.23568839289641016 44
1747764305065 0.23555017636064657 45
1747764323079 0.23555569665446 46
1747764341487 0.23544716663500623 47
1747764359716 0.2354772773561773 48
1747764377787 0.23543389922891278 49
