1747770076425 4112.707625934815 0
1747770076651 3843.3328725061447 1
1747770076869 3453.5921841574936 2
1747770077082 2894.26568505793 3
1747770077284 2251.063302131289 4
1747770077486 1722.496875237451 5
1747770077690 1343.287168013152 6
1747770077893 1100.564373743893 7
1747770078097 968.4630376073601 8
1747770078334 881.8847637964469 9
1747770078560 752.4457335789855 10
1747770078788 690.7380146730968 11
1747770078948 634.1615004799798 12
1747770079105 581.369548391948 13
1747770079261 530.6768249531578 14
1747770079423 483.82758675528066 15
1747770079588 443.658215494203 16
1747770079750 409.99099317443944 17
1747770079950 381.14233614791493 18
1747770080164 358.3051069055735 19
1747770080360 340.1364456789872 20
1747770080544 323.8036356286151 21
1747770080740 308.88082327914196 22
1747770080940 296.7737935707542 23
1747770081109 285.95359808807416 24
1747770081267 274.3981256710967 25
1747770081436 264.8456248926892 26
1747770081605 253.63671959361 27
1747770081766 245.27621802717107 28
1747770081928 235.75416949170707 29
1747770082094 228.12107512993083 30
1747770082257 220.93424014517066 31
1747770082430 213.98283304562693 32
1747770082588 207.73280330121406 33
1747770082791 201.35306855904082 34
1747770083016 196.39437158002488 35
1747770083244 190.673084945193 36
1747770083490 185.1938970674624 37
1747770083741 180.56573484570666 38
1747770083970 175.8900300453283 39
1747770084192 171.07108178009153 40
1747770084419 166.64869964692795 41
1747770084642 155.72145592578187 42
1747770084863 145.4814386709142 43
1747770085082 136.40558672610862 44
1747770085252 129.6869863431387 45
1747770085401 123.67476050307758 46
1747770085559 118.82438396164953 47
1747770085740 113.43881714029479 48
1747770085918 109.80199994066803 49
