1747705127825 0.9143279194831848 0
1747705143122 0.914722740650177 1
1747705158502 0.9147109985351562 2
1747705173942 0.9151057600975037 3
1747705189428 0.91512531042099 4
1747705205001 0.9151604771614075 5
1747705220207 0.9153441786766052 6
1747705235564 0.9151800274848938 7
1747705250950 0.9153754711151123 8
1747705266571 0.9152035117149353 9
1747705281815 0.9153324961662292 10
1747705296965 0.915355920791626 11
1747705312290 0.9153168201446533 12
1747705328079 0.9154692888259888 13
1747705343342 0.9154653549194336 14
1747705358658 0.9156022071838379 15
1747705374320 0.9155044555664062 16
1747705389952 0.9156138896942139 17
1747705405232 0.9155396223068237 18
1747705420500 0.9156412482261658 19
1747705436017 0.9154028296470642 20
1747705451615 0.9154614806175232 21
1747705467405 0.9155200719833374 22
1747705482794 0.915645182132721 23
1747705497871 0.915516197681427 24
1747705513159 0.9154536724090576 25
1747705528192 0.9155669808387756 26
1747705543656 0.9153872132301331 27
1747705558995 0.9155005812644958 28
1747705574328 0.9156100153923035 29
1747705590038 0.9155318140983582 30
1747705605901 0.9156412482261658 31
1747705621632 0.9155396223068237 32
1747705637059 0.9156607985496521 33
1747705652599 0.9156334400177002 34
1747705668096 0.9156686067581177 35
1747705683646 0.915586531162262 36
1747705699404 0.9156998991966248 37
1747705715274 0.9155631065368652 38
1747705730920 0.9156334400177002 39
1747705746461 0.9157819747924805 40
1747705762055 0.9156334400177002 41
1747705777682 0.9157311916351318 42
1747705793262 0.9155826568603516 43
1747705808939 0.915688157081604 44
1747705824626 0.9157702326774597 45
1747705840421 0.9156569242477417 46
1747705855381 0.9157781004905701 47
1747705870819 0.9157781004905701 48
1747705886329 0.9157859086990356 49
