1747714841923 0.24291473481749346 0
1747714858264 0.23881563373624148 1
1747714874793 0.2378741027641671 2
1747714890527 0.23773286215650546 3
1747714907233 0.2374120348460295 4
1747714923633 0.23731093148310325 5
1747714939954 0.23723374760744215 6
1747714956893 0.2371568409682333 7
1747714972559 0.23718335528572576 8
1747714989076 0.23713406820657298 9
1747715005587 0.23708598183352733 10
1747715022247 0.23707783047739397 11
1747715038742 0.23707483340998153 12
1747715054427 0.2369489273120657 13
1747715069607 0.23687293716220792 14
1747715085907 0.2368208364070218 15
1747715102374 0.23692159519028533 16
1747715118997 0.23676136196791817 17
1747715135285 0.2368096026087443 18
1747715151386 0.23678619456344685 19
1747715167760 0.23679982065911642 20
1747715183780 0.23662107723054868 21
1747715199223 0.23664478863364408 22
1747715214873 0.23664186725249797 23
1747715231138 0.23681641817607413 24
1747715247849 0.2365915007568455 25
1747715264302 0.2365183183067829 26
1747715280262 0.23654288967055784 27
1747715296639 0.23650709172622233 28
1747715313388 0.23654687893974244 29
1747715329778 0.236518880616062 30
1747715346176 0.23639475108222463 31
1747715363121 0.2364263234318183 32
1747715378827 0.2363565449498607 33
1747715394030 0.23639569433853833 34
1747715410273 0.23647492983199497 35
1747715426471 0.23632423935689437 36
1747715442275 0.23632064318610743 37
1747715458782 0.23625071457458424 38
1747715475146 0.23625327377370506 39
1747715491503 0.23629312877268566 40
1747715507854 0.23629501427765812 41
1747715524201 0.23624558651702565 42
1747715540592 0.23617328316695843 43
1747715555454 0.2361691767954347 44
1747715571116 0.23616529247935789 45
1747715587387 0.23609220556626104 46
1747715603892 0.23622960364202744 47
1747715619957 0.23610553611985144 48
1747715635726 0.23610716775336626 49
