1747714841922 0.914793074131012 0
1747714858264 0.9150276184082031 1
1747714874792 0.9151644110679626 2
1747714890526 0.9150588512420654 3
1747714907232 0.9152738451957703 4
1747714923632 0.9151370525360107 5
1747714939954 0.915168285369873 6
1747714956892 0.9153129458427429 7
1747714972559 0.9153090119361877 8
1747714989075 0.9153246879577637 9
1747715005587 0.9153051376342773 10
1747715022246 0.9152113199234009 11
1747715038742 0.9151370525360107 12
1747715054426 0.9152073860168457 13
1747715069606 0.9152933955192566 14
1747715085906 0.9153285622596741 15
1747715102373 0.9152425527572632 16
1747715118997 0.9153441786766052 17
1747715135284 0.9152699112892151 18
1747715151386 0.9153872132301331 19
1747715167760 0.9153363704681396 20
1747715183778 0.9152816534042358 21
1747715199222 0.9153363704681396 22
1747715214873 0.9153129458427429 23
1747715231137 0.9152894616127014 24
1747715247848 0.9153285622596741 25
1747715264301 0.9152386784553528 26
1747715280261 0.9153441786766052 27
1747715296638 0.9155083894729614 28
1747715313387 0.9154067635536194 29
1747715329777 0.9153637290000916 30
1747715346175 0.9154458045959473 31
1747715363120 0.9155083894729614 32
1747715378826 0.9154028296470642 33
1747715394029 0.9153872132301331 34
1747715410272 0.9153168201446533 35
1747715426470 0.915414571762085 36
1747715442274 0.9153520464897156 37
1747715458781 0.915355920791626 38
1747715475145 0.9154301881790161 39
1747715491503 0.9151331186294556 40
1747715507853 0.9153285622596741 41
1747715524201 0.9154223799705505 42
1747715540591 0.9155200719833374 43
1747715555454 0.9154067635536194 44
1747715571115 0.9154536724090576 45
1747715587387 0.9153129458427429 46
1747715603891 0.9153207540512085 47
1747715619956 0.9154653549194336 48
1747715635725 0.9154614806175232 49
