1747677035600 0.9146679639816284 0
1747677050502 0.9147617816925049 1
1747677065423 0.9148907661437988 2
1747677080638 0.915168285369873 3
1747677095912 0.9152425527572632 4
1747677111171 0.9151878356933594 5
1747677126235 0.9153363704681396 6
1747677141011 0.9153520464897156 7
1747677155958 0.9152308702468872 8
1747677171482 0.9153324961662292 9
1747677186335 0.9153403043746948 10
1747677201537 0.9153285622596741 11
1747677216644 0.9153872132301331 12
1747677231893 0.9154653549194336 13
1747677247138 0.9153520464897156 14
1747677261903 0.9153403043746948 15
1747677276439 0.9153872132301331 16
1747677291963 0.9154067635536194 17
1747677307440 0.9153129458427429 18
1747677322855 0.9152386784553528 19
1747677337548 0.9153794050216675 20
1747677351801 0.9153403043746948 21
1747677366813 0.9152035117149353 22
1747677382042 0.9153832793235779 23
1747677397311 0.9151800274848938 24
1747677413087 0.9153363704681396 25
1747677427865 0.9152660369873047 26
1747677443238 0.9154184460639954 27
1747677458032 0.9153246879577637 28
1747677473465 0.9152542948722839 29
1747677488948 0.9152816534042358 30
1747677504516 0.9153676629066467 31
1747677519953 0.9152894616127014 32
1747677535288 0.9153090119361877 33
1747677550652 0.9153676629066467 34
1747677566100 0.9153481125831604 35
1747677581601 0.915285587310791 36
1747677596996 0.9153129458427429 37
1747677612434 0.9151604771614075 38
1747677627905 0.9153324961662292 39
1747677643456 0.9153598546981812 40
1747677658920 0.9153637290000916 41
1747677673603 0.9152973294258118 42
1747677688145 0.9154888391494751 43
1747677703459 0.915457546710968 44
1747677718421 0.9152699112892151 45
1747677733676 0.9153363704681396 46
1747677748864 0.9153520464897156 47
1747677764190 0.9153051376342773 48
1747677779642 0.9152660369873047 49
