1743708423449 0.8521833419799805 0
1743708447293 0.9111499786376953 1
1743708471221 0.9190666675567627 2
1743708495041 0.9241999983787537 3
1743708518964 0.9288666844367981 4
1743708542840 0.9317499995231628 5
1743708566360 0.9350000023841858 6
1743708590033 0.9372000098228455 7
1743708613959 0.93913334608078 8
1743708637822 0.9414666891098022 9
1743708661810 0.9430999755859375 10
1743708685792 0.944516658782959 11
1743708709669 0.9460499882698059 12
1743708733726 0.9475333094596863 13
1743708757753 0.9484833478927612 14
1743708781547 0.9488833546638489 15
1743708805141 0.9496999979019165 16
1743708829087 0.9514166712760925 17
1743708852991 0.952833354473114 18
1743708876929 0.9518333077430725 19
1743708900912 0.9534333348274231 20
1743708924939 0.9538833498954773 21
1743708948951 0.9546833038330078 22
1743708972751 0.9541833400726318 23
1743708996943 0.9549166560173035 24
1743709020917 0.9549333453178406 25
1743709044835 0.9556166529655457 26
1743709068988 0.95660001039505 27
1743709092963 0.9563666582107544 28
1743709116999 0.9565333127975464 29
1743709140800 0.9571833610534668 30
1743709164620 0.9576833248138428 31
1743709188578 0.9581000208854675 32
1743709212508 0.9584000110626221 33
1743709236104 0.9586666822433472 34
1743709259778 0.9580833315849304 35
1743709283616 0.9593333601951599 36
1743709307484 0.9589333534240723 37
1743709331233 0.9595666527748108 38
1743709355116 0.9594833254814148 39
1743709378977 0.9601666927337646 40
1743709403080 0.9595833420753479 41
1743709427071 0.9598333239555359 42
1743709451034 0.9610999822616577 43
1743709474979 0.9603999853134155 44
1743709498902 0.9606166481971741 45
1743709522564 0.9610333442687988 46
1743709546303 0.9613833427429199 47
1743709570116 0.961983323097229 48
1743709594093 0.9612333178520203 49
