1743705085742 0.5181703938847533 0
1743705106919 0.24990604051700216 1
1743705127851 0.2340977348305696 2
1743705148962 0.2215838437077534 3
1743705170174 0.2131001747512636 4
1743705191231 0.20792265488522432 5
1743705212436 0.20250776365576645 6
1743705233516 0.19891282415387965 7
1743705254561 0.19640520292930966 8
1743705275622 0.1945173386276285 9
1743705296672 0.19286306738089062 10
1743705318085 0.19128176659128823 11
1743705339615 0.18971540001783868 12
1743705361103 0.18782178371108416 13
1743705382377 0.18620272352661635 14
1743705403594 0.1847262717688938 15
1743705424791 0.18339558250009622 16
1743705446279 0.18214479567769779 17
1743705467741 0.18110793236255537 18
1743705488898 0.18003463460358052 19
1743705510169 0.17902241981059377 20
1743705531321 0.178026275534357 21
1743705552568 0.1771068177054818 22
1743705573882 0.17626125310962032 23
1743705595142 0.17555026648149288 24
1743705616387 0.17455511890955344 25
1743705637604 0.1738175252327786 26
1743705658858 0.17287155607752536 27
1743705680080 0.17204252290813726 28
1743705701302 0.17123737588478613 29
1743705722655 0.17032760402164862 30
1743705743897 0.16961326460581252 31
1743705764972 0.16881681069664267 32
1743705786066 0.16811028082985074 33
1743705807167 0.16747519986020667 34
1743705828224 0.1668428370506658 35
1743705849493 0.1662431746595865 36
1743705870861 0.1656184781063846 37
1743705892191 0.16524618078849268 38
1743705913391 0.1645724315549239 39
1743705934632 0.164040492371035 40
1743705956084 0.16349514243760324 41
1743705977515 0.16299871378178346 42
1743705998729 0.1625286398287797 43
1743706019847 0.16191559582299228 44
1743706041007 0.16137906891998416 45
1743706062185 0.1609543469447161 46
1743706083414 0.16049722667708738 47
1743706104573 0.1601216424331661 48
1743706125684 0.1596584865578015 49
