1747772137027 0.19545455276966095 0
1747772137262 0.4744318127632141 1
1747772137497 0.8034090995788574 2
1747772137732 0.9039772748947144 3
1747772137966 0.9204545617103577 4
1747772138203 0.9289772510528564 5
1747772138439 0.9409090876579285 6
1747772138675 0.9482954740524292 7
1747772139012 0.9619318246841431 8
1747772139363 0.9630681872367859 9
1747772139719 0.9573863744735718 10
1747772140030 0.9636363387107849 11
1747772140281 0.9710227251052856 12
1747772140540 0.9659090638160706 13
1747772140794 0.9715909361839294 14
1747772141056 0.9636363387107849 15
1747772141317 0.9659090638160706 16
1747772141571 0.9755681753158569 17
1747772141829 0.9761363863945007 18
1747772142091 0.9710227251052856 19
1747772142342 0.9636363387107849 20
1747772142594 0.9647727012634277 21
1747772142846 0.9710227251052856 22
1747772143099 0.9511363506317139 23
1747772143350 0.9659090638160706 24
1747772143603 0.9744318127632141 25
1747772143930 0.9767045378684998 26
1747772144287 0.9738636612892151 27
1747772144643 0.9767045378684998 28
1747772144965 0.9704545736312866 29
1747772145213 0.9670454263687134 30
1747772145473 0.9732954502105713 31
1747772145771 0.96875 32
1747772146033 0.9789772629737854 33
1747772146301 0.9784091114997864 34
1747772146544 0.9789772629737854 35
1747772146787 0.9676136374473572 36
1747772147040 0.9738636612892151 37
1747772147293 0.9710227251052856 38
1747772147551 0.9744318127632141 39
1747772147810 0.9801136255264282 40
1747772148062 0.9789772629737854 41
1747772148320 0.9795454740524292 42
1747772148577 0.9823863506317139 43
1747772148917 0.9784091114997864 44
1747772149275 0.9818181991577148 45
1747772149650 0.9801136255264282 46
1747772149976 0.9835227131843567 47
1747772150231 0.9738636612892151 48
1747772150514 0.9755681753158569 49
