1747770926214 21.415817260742188 0
1747770926370 21.294031143188477 1
1747770926606 21.313539505004883 2
1747770926850 21.280405044555664 3
1747770927089 21.30474853515625 4
1747770927328 21.310461044311523 5
1747770927569 21.228736877441406 6
1747770927736 21.22602653503418 7
1747770927888 21.20058250427246 8
1747770928047 20.733171463012695 9
1747770928208 19.968427658081055 10
1747770928370 17.929590225219727 11
1747770928532 15.887510299682617 12
1747770928694 14.961983680725098 13
1747770928857 14.69563102722168 14
1747770929020 14.629098892211914 15
1747770929180 14.605164527893066 16
1747770929345 14.532042503356934 17
1747770929506 14.50879192352295 18
1747770929668 14.432300567626953 19
1747770929831 14.382420539855957 20
1747770929995 14.267669677734375 21
1747770930164 14.068913459777832 22
1747770930337 13.751765251159668 23
1747770930506 13.189786911010742 24
1747770930675 12.588829040527344 25
1747770930847 12.213181495666504 26
1747770931014 11.97027587890625 27
1747770931184 11.855566024780273 28
1747770931358 11.747746467590332 29
1747770931599 11.683454513549805 30
1747770931842 11.610950469970703 31
1747770932083 11.555644989013672 32
1747770932328 11.514256477355957 33
1747770932577 11.505292892456055 34
1747770932820 11.466873168945312 35
1747770933064 11.421464920043945 36
1747770933311 11.385215759277344 37
1747770933555 11.344022750854492 38
1747770933796 11.283408164978027 39
1747770933967 11.252037048339844 40
1747770934127 11.208311080932617 41
1747770934300 11.12816047668457 42
1747770934466 11.070785522460938 43
1747770934633 10.93092155456543 44
1747770934813 10.671731948852539 45
1747770934990 10.182368278503418 46
1747770935164 9.881122589111328 47
1747770935349 9.643230438232422 48
1747770935529 9.442780494689941 49
