1747770926215 938.6474721373625 0
1747770926371 921.9010160873039 1
1747770926608 916.0826365756184 2
1747770926851 920.2114960711388 3
1747770927091 913.8564868689427 4
1747770927330 920.7127484844976 5
1747770927570 914.3587610788614 6
1747770927737 908.6781368464332 7
1747770927889 902.2683412556344 8
1747770928048 858.4935888485636 9
1747770928209 764.2640214644431 10
1747770928371 587.0599831427197 11
1747770928533 472.9578087784453 12
1747770928696 435.0088416665262 13
1747770928858 424.687930784167 14
1747770929022 420.85486554813855 15
1747770929182 418.4058197925974 16
1747770929346 416.75023790608066 17
1747770929507 412.6612119926488 18
1747770929669 410.151299960546 19
1747770929832 405.3048728682228 20
1747770929996 400.8571471924284 21
1747770930165 395.9328796365905 22
1747770930338 379.56698616767017 23
1747770930507 357.4839564764714 24
1747770930676 329.62863417462734 25
1747770930848 307.7029783713565 26
1747770931015 293.0747289202538 27
1747770931185 282.22152744803316 28
1747770931360 275.16858442938775 29
1747770931601 268.7954029353029 30
1747770931844 265.94037717967956 31
1747770932085 261.35232672641484 32
1747770932330 258.1303497942131 33
1747770932578 256.11240306379574 34
1747770932822 254.19258498254436 35
1747770933066 251.41311237642057 36
1747770933313 249.7213960574107 37
1747770933556 247.16241650828601 38
1747770933798 246.05378421296987 39
1747770933968 245.25182652048315 40
1747770934129 241.502247209898 41
1747770934302 238.3006222804557 42
1747770934467 234.05034792916283 43
1747770934634 224.10370241461973 44
1747770934814 204.1477549751869 45
1747770934991 186.9181109324176 46
1747770935166 175.61800023575285 47
1747770935350 168.23381540786673 48
1747770935531 161.36405702065912 49
