1743949859428 0.2819425165653229 0
1743949884246 0.2638598084449768 1
1743949909239 0.2546720802783966 2
1743949934345 0.2491912990808487 3
1743949959161 0.24302701652050018 4
1743949984135 0.2387981116771698 5
1743950009122 0.23352359235286713 6
1743950033980 0.23083484172821045 7
1743950058875 0.22590257227420807 8
1743950083869 0.22222349047660828 9
1743950108886 0.21856024861335754 10
1743950133724 0.21558618545532227 11
1743950158455 0.21310535073280334 12
1743950183516 0.2104271650314331 13
1743950208334 0.2081526815891266 14
1743950233161 0.2058076113462448 15
1743950257959 0.2036990076303482 16
1743950282910 0.2021576315164566 17
1743950307685 0.20114241540431976 18
1743950332490 0.1985217034816742 19
1743950357465 0.19686847925186157 20
1743950382448 0.1953280121088028 21
1743950407375 0.19377076625823975 22
1743950432224 0.1926768720149994 23
1743950456865 0.1912647783756256 24
1743950481546 0.19404123723506927 25
1743950506379 0.189309760928154 26
1743950531214 0.18750053644180298 27
1743950556119 0.1869550347328186 28
1743950580985 0.1895468682050705 29
1743950605828 0.18482720851898193 30
1743950630571 0.18326126039028168 31
1743950655283 0.1821255087852478 32
1743950679938 0.1814248263835907 33
1743950704750 0.17984534800052643 34
1743950729391 0.17911824584007263 35
1743950754328 0.1784493625164032 36
1743950779096 1.095391869544983 37
1743950803806 0.3617970943450928 38
1743950828631 0.3230220675468445 39
1743950853402 0.30460092425346375 40
1743950878090 0.2920108735561371 41
1743950902373 0.2799418866634369 42
1743950926997 0.27193668484687805 43
1743950951645 0.26606303453445435 44
1743950976149 0.2594606578350067 45
1743951000889 0.25329142808914185 46
1743951025850 0.246963769197464 47
1743951050776 0.24257013201713562 48
1743951075598 0.23695452511310577 49
