1743949859430 0.2263255422926116 0
1743949884248 0.20786638328459145 1
1743949909242 0.19980110885583904 2
1743949934347 0.1943465014735356 3
1743949959163 0.18842430875078856 4
1743949984137 0.18408250350559374 5
1743950009123 0.1786853813440206 6
1743950033983 0.17498923202358188 7
1743950058877 0.16997541764276866 8
1743950083870 0.1658613172633854 9
1743950108888 0.16172244703017544 10
1743950133726 0.15818852218781002 11
1743950158457 0.15528787749231593 12
1743950183518 0.15228163530821745 13
1743950208335 0.1496239156669822 14
1743950233162 0.14708144784292881 15
1743950257960 0.14476860043097498 16
1743950282912 0.14269098717547854 17
1743950307686 0.1412020316748093 18
1743950332492 0.1386563575109708 19
1743950357467 0.13668714039157953 20
1743950382449 0.13485464666935718 21
1743950407377 0.13305244584526488 22
1743950432225 0.13172554193590102 23
1743950456867 0.1300415253496471 24
1743950481547 0.13172490649507507 25
1743950506381 0.12777890477082526 26
1743950531216 0.1258483809216364 27
1743950556120 0.12476419033591404 28
1743950580987 0.1264055329482505 29
1743950605829 0.12251757615071042 30
1743950630573 0.12103539626908859 31
1743950655284 0.11955990671531024 32
1743950679940 0.11873985388242983 33
1743950704752 0.11733736914924901 34
1743950729392 0.11627671833431832 35
1743950754330 0.11566300820645517 36
1743950779098 61971.51803928489 37
1743950803808 0.28770415882983846 38
1743950828632 0.2521421223857517 39
1743950853404 0.23677874792632417 40
1743950878092 0.22613902720826812 41
1743950902375 0.2149137846432088 42
1743950926998 0.20833581927872194 43
1743950951647 0.20395835871251763 44
1743950976150 0.1964232463724239 45
1743951000890 0.18935575189578133 46
1743951025852 0.18191945522211111 47
1743951050777 0.1777974235812196 48
1743951075600 0.17180603746292292 49
