1747770587330 2.763639211654663 0
1747770587487 1.860544204711914 1
1747770587642 1.6448050737380981 2
1747770587798 1.5212165117263794 3
1747770587956 1.4032083749771118 4
1747770588113 1.3155215978622437 5
1747770588271 1.229149580001831 6
1747770588472 1.147858738899231 7
1747770588688 1.0604767799377441 8
1747770588911 0.9910445809364319 9
1747770589123 0.9484253525733948 10
1747770589342 0.8565344214439392 11
1747770589568 0.7580878138542175 12
1747770589785 0.7015149593353271 13
1747770590005 0.6794270873069763 14
1747770590229 0.6145585775375366 15
1747770590455 0.5624416470527649 16
1747770590679 0.5511739253997803 17
1747770590866 0.5007794499397278 18
1747770591009 0.4740103483200073 19
1747770591159 0.46777305006980896 20
1747770591311 0.4791125953197479 21
1747770591469 0.42899471521377563 22
1747770591632 0.4121336340904236 23
1747770591789 0.41046154499053955 24
1747770591965 0.4016213119029999 25
1747770592121 0.4059511721134186 26
1747770592280 0.3746291995048523 27
1747770592441 0.37090200185775757 28
1747770592596 0.3783662021160126 29
1747770592757 0.35339608788490295 30
1747770592913 0.3486112654209137 31
1747770593080 0.3285874128341675 32
1747770593240 0.3334942162036896 33
1747770593394 0.33293548226356506 34
1747770593551 0.3315238952636719 35
1747770593713 0.3265005052089691 36
1747770593875 0.3138485848903656 37
1747770594035 0.31679487228393555 38
1747770594196 0.3135789632797241 39
1747770594356 0.2964683473110199 40
1747770594510 0.3152540922164917 41
1747770594724 0.33732229471206665 42
1747770594953 0.33043450117111206 43
1747770595170 0.30056995153427124 44
1747770595394 0.312967449426651 45
1747770595615 0.28921598196029663 46
1747770595814 0.296109676361084 47
1747770595957 0.2721439599990845 48
1747770596112 0.284976601600647 49
