1743910696117 0.21246190995803793 0
1743910721005 0.12799394944501158 1
1743910745805 0.09998914032424601 2
1743910770502 0.08523320741110055 3
1743910795101 0.07110562147538935 4
1743910819791 0.06370250286637257 5
1743910844583 0.05678513784360052 6
1743910870087 0.0524975005351828 7
1743910895775 0.04882706821550744 8
1743910921616 0.04288477170822506 9
1743910947731 0.04063335274621479 10
1743910972642 0.03793514229522188 11
1743910997568 0.033476745021396026 12
1743911022335 0.03398737442631451 13
1743911047127 0.031400104192150856 14
1743911071789 0.030043567685255956 15
1743911096566 0.027066559482595395 16
1743911121426 0.02759630770057251 17
1743911146249 0.02887146239638939 18
1743911170848 0.026386054013596786 19
1743911195417 0.023653416814199444 20
1743911220165 0.02332805743207924 21
1743911245029 0.021942104435501448 22
1743911269938 0.02732422562159551 23
1743911294629 0.018932439352812518 24
1743911319329 0.019827925389860907 25
1743911344250 0.022080392695224098 26
1743911368905 0.017503784730543905 27
1743911393503 0.022698261912551167 28
1743911418358 0.01799333898992472 29
1743911443416 0.02001618518015189 30
1743911468137 0.022909853667160023 31
1743911493062 0.016904387753760682 32
1743911517811 0.01706526944962146 33
1743911542734 0.020057647065266304 34
1743911567404 0.01711469811848955 35
1743911592109 0.013937285841515054 36
1743911617056 0.017498720116216327 37
1743911641981 0.017789172673307235 38
1743911666736 0.01718774047542275 39
1743911691572 0.016305479137732722 40
1743911716367 0.014156438452315305 41
1743911741080 0.01726660508294668 42
1743911765957 0.014646319153026556 43
1743911790717 0.016837938454091064 44
1743911815642 0.012553217543858384 45
1743911840702 0.015499518356515937 46
1743911865437 0.015076830390639565 47
1743911890288 0.013265345215233697 48
1743911914902 0.01007957259595679 49
