1743910696116 0.9362999796867371 0
1743910721004 0.9604666829109192 1
1743910745803 0.968999981880188 2
1743910770501 0.9733666777610779 3
1743910795100 0.9772999882698059 4
1743910819790 0.9793000221252441 5
1743910844582 0.9815666675567627 6
1743910870086 0.9830833077430725 7
1743910895774 0.9839500188827515 8
1743910921615 0.9858666658401489 9
1743910947730 0.9867833256721497 10
1743910972641 0.9876000285148621 11
1743910997567 0.9894833564758301 12
1743911022334 0.988349974155426 13
1743911047126 0.9898666739463806 14
1743911071788 0.9901166558265686 15
1743911096565 0.9911166429519653 16
1743911121425 0.9909999966621399 17
1743911146248 0.9908000230789185 18
1743911170847 0.9916333556175232 19
1743911195416 0.9917500019073486 20
1743911220164 0.9922666549682617 21
1743911245028 0.9928833246231079 22
1743911269937 0.9918333292007446 23
1743911294628 0.9940000176429749 24
1743911319327 0.9934333562850952 25
1743911344249 0.9932166934013367 26
1743911368904 0.9942833185195923 27
1743911393502 0.9931333065032959 28
1743911418356 0.9943166375160217 29
1743911443415 0.9946666955947876 30
1743911468136 0.9936833381652832 31
1743911493061 0.994533360004425 32
1743911517810 0.994700014591217 33
1743911542733 0.9944499731063843 34
1743911567403 0.9947166442871094 35
1743911592108 0.9958000183105469 36
1743911617055 0.9949166774749756 37
1743911641980 0.9945999979972839 38
1743911666735 0.9951833486557007 39
1743911691571 0.9953666925430298 40
1743911716366 0.9955333471298218 41
1743911741079 0.9944333434104919 42
1743911765956 0.9958333373069763 43
1743911790716 0.9950166940689087 44
1743911815641 0.996399998664856 45
1743911840701 0.9953166842460632 46
1743911865436 0.9955833554267883 47
1743911890287 0.9961666464805603 48
1743911914900 0.9967833161354065 49
