1743856858511 0.30308961868286133 0
1743856880998 0.2386818677186966 1
1743856903536 0.2239861786365509 2
1743856926115 0.21271753311157227 3
1743856948632 0.20311018824577332 4
1743856971448 0.19445163011550903 5
1743856994135 0.18684761226177216 6
1743857016895 0.1789974719285965 7
1743857039627 0.1705510914325714 8
1743857062256 0.1622765064239502 9
1743857085006 0.15533927083015442 10
1743857107641 0.14983494579792023 11
1743857130236 0.14570105075836182 12
1743857153152 0.1424216777086258 13
1743857175883 0.13995875418186188 14
1743857198649 0.137709379196167 15
1743857221591 0.13584598898887634 16
1743857244400 0.1342163234949112 17
1743857267338 0.13279931247234344 18
1743857290281 0.13117432594299316 19
1743857313056 0.1300279051065445 20
1743857335689 0.12853692471981049 21
1743857358434 0.12768445909023285 22
1743857381216 0.12623336911201477 23
1743857404107 0.1252790242433548 24
1743857426998 0.12450893968343735 25
1743857449806 0.12306703627109528 26
1743857472463 0.12240862101316452 27
1743857495097 0.12147249281406403 28
1743857517943 0.1205436959862709 29
1743857540647 0.11985078454017639 30
1743857563350 0.11895471811294556 31
1743857585957 0.11872964352369308 32
1743857608793 0.11789875477552414 33
1743857631421 0.11728169769048691 34
1743857653919 0.11655370891094208 35
1743857676634 0.11597422510385513 36
1743857699390 0.11554562300443649 37
1743857722165 0.11475430428981781 38
1743857744822 0.11437685042619705 39
1743857767506 0.11385402083396912 40
1743857790174 0.11292348057031631 41
1743857812736 0.11291820555925369 42
1743857835343 0.11230414360761642 43
1743857858089 0.11168749630451202 44
1743857880937 0.11157725006341934 45
1743857903744 0.11108949035406113 46
1743857926705 0.11084888130426407 47
1743857949513 0.11038240045309067 48
1743857972395 0.11008156836032867 49
