1743777525870 0.3081952947243372 0
1743777550005 0.2665104680599678 1
1743777574113 0.266527463320683 2
1743777597983 0.26638239501721345 3
1743777621817 0.26636549040760865 4
1743777645844 0.266383457992764 5
1743777670073 0.26627759849810884 6
1743777693997 0.2468237021762796 7
1743777718172 0.2289357835959993 8
1743777742535 0.21750963182579983 9
1743777766816 0.21013986129395468 10
1743777790796 0.20451031593894994 11
1743777815016 0.19948268630582092 12
1743777839306 0.1951610708310864 13
1743777863350 0.1909569328137848 14
1743777887289 0.18589072483327018 15
1743777910918 0.18183348901064902 16
1743777934930 0.17835235336345528 17
1743777958946 0.1752232270715307 18
1743777983128 0.17248921371458248 19
1743778007427 0.16956509240722845 20
1743778031610 0.1672882547962127 21
1743778055776 0.1650082694171514 22
1743778079962 0.16305492063812518 23
1743778104343 0.1611604187170466 24
1743778128322 0.15952017872285187 25
1743778152412 0.15775334211484757 26
1743778176426 0.156335826566761 27
1743778200550 0.15466979414222193 28
1743778224589 0.15309926045787264 29
1743778249260 0.15141890218555787 30
1743778273490 0.15000472145992905 31
1743778297824 0.1485431823303637 32
1743778322493 0.1472804225896231 33
1743778346817 0.14568331716941937 34
1743778371046 0.14474906734547147 35
1743778395338 0.14347225840263236 36
1743778419674 0.14258619591347224 37
1743778443887 0.14150525337728817 38
1743778468214 0.14061276366387518 39
1743778492596 0.1398443374652623 40
1743778516943 0.13888318009004513 41
1743778541240 0.13801207037052862 42
1743778565520 0.13733942271124805 43
1743778589914 0.1365824993260053 44
1743778614240 0.1358797253177775 45
1743778638785 0.1351979054031651 46
1743778663138 0.13446328618419906 47
1743778687454 0.13378209483127843 48
1743778711877 0.13312163850684025 49
