1747771729206 2.4562846676857335 0
1747771729412 1.4391425179143074 1
1747771729615 0.6335368346911184 2
1747771729816 0.33509206578050044 3
1747771730017 0.24994916692742805 4
1747771730217 0.19944355466276537 5
1747771730417 0.20301428747088934 6
1747771730624 0.17272165209823345 7
1747771730825 0.14337287761416292 8
1747771731026 0.13981983091665748 9
1747771731227 0.1391982406417738 10
1747771731428 0.14961444475041788 11
1747771731659 0.14231036131191252 12
1747771731952 0.12794053886010232 13
1747771732243 0.10901190693737342 14
1747771732533 0.10557876909131894 15
1747771732819 0.10487266851671685 16
1747771733010 0.10784741533482134 17
1747771733201 0.11784943175224485 18
1747771733394 0.22351439846960258 19
1747771733589 0.1805842237901635 20
1747771733784 0.10697816589625343 21
1747771733979 0.10098667136083143 22
1747771734173 0.0902291544858178 23
1747771734366 0.08289448141319568 24
1747771734560 0.09347734448608268 25
1747771734754 0.09447772854399991 26
1747771734948 0.09604109976523714 27
1747771735142 0.11929458118701257 28
1747771735336 0.08648444848935512 29
1747771735530 0.08481065073599744 30
1747771735730 0.10124076550891456 31
1747771735924 0.07792618536164309 32
1747771736119 0.07196209804150418 33
1747771736314 0.09146585791326722 34
1747771736508 0.2035346953381009 35
1747771736789 0.12777074086604284 36
1747771737080 0.09407833139030948 37
1747771737369 0.09499466840115874 38
1747771737660 0.08086373294317281 39
1747771737892 0.09426519195724781 40
1747771738082 0.10050931808399721 41
1747771738274 0.08660974494503122 42
1747771738471 0.06819519933399502 43
1747771738661 0.08715487778868392 44
1747771738853 0.07913968682776558 45
1747771739045 0.08068997821355481 46
1747771739237 0.0739558804279105 47
1747771739430 0.08234899845827617 48
1747771739623 0.0852692980853327 49
