1747771729204 0.26931819319725037 0
1747771729410 0.6494318246841431 1
1747771729613 0.8420454263687134 2
1747771729814 0.8965908885002136 3
1747771730015 0.9085227251052856 4
1747771730215 0.9312499761581421 5
1747771730415 0.9267045259475708 6
1747771730623 0.9363636374473572 7
1747771730823 0.9460227489471436 8
1747771731024 0.9482954740524292 9
1747771731225 0.9409090876579285 10
1747771731426 0.9437500238418579 11
1747771731656 0.9431818127632141 12
1747771731949 0.9511363506317139 13
1747771732240 0.9596590995788574 14
1747771732530 0.9585227370262146 15
1747771732817 0.956250011920929 16
1747771733008 0.9579545259475708 17
1747771733199 0.9551136493682861 18
1747771733392 0.918749988079071 19
1747771733587 0.9312499761581421 20
1747771733782 0.9607954621315002 21
1747771733977 0.9630681872367859 22
1747771734171 0.9647727012634277 23
1747771734364 0.9681817889213562 24
1747771734559 0.9670454263687134 25
1747771734752 0.9624999761581421 26
1747771734946 0.9613636136054993 27
1747771735140 0.9556818008422852 28
1747771735334 0.9693182110786438 29
1747771735528 0.9659090638160706 30
1747771735728 0.9613636136054993 31
1747771735922 0.9676136374473572 32
1747771736118 0.96875 33
1747771736312 0.9659090638160706 34
1747771736506 0.9312499761581421 35
1747771736786 0.9522727131843567 36
1747771737077 0.9642045497894287 37
1747771737366 0.9647727012634277 38
1747771737657 0.9647727012634277 39
1747771737890 0.9659090638160706 40
1747771738080 0.9590908885002136 41
1747771738273 0.9704545736312866 42
1747771738469 0.9710227251052856 43
1747771738659 0.9670454263687134 44
1747771738851 0.9710227251052856 45
1747771739043 0.9659090638160706 46
1747771739235 0.9693182110786438 47
1747771739428 0.9670454263687134 48
1747771739622 0.9664772748947144 49
