1743779511607 0.3036443420271606 0
1743779536099 0.26654976583646517 1
1743779560335 0.2664817889863433 2
1743779584457 0.26589778890817506 3
1743779608812 0.24515717099032822 4
1743779632948 0.2292011918380977 5
1743779657171 0.21841834662326062 6
1743779681528 0.21075841476916837 7
1743779705750 0.20286136930732204 8
1743779729958 0.19606822772243726 9
1743779754260 0.19039717322212854 10
1743779778516 0.1858652098977083 11
1743779802791 0.1817943777344464 12
1743779827230 0.17843526001048615 13
1743779851394 0.1754615566501671 14
1743779875619 0.17293372890765066 15
1743779900056 0.17034058726683346 16
1743779924179 0.168318115930199 17
1743779948520 0.16639644162357448 18
1743779972926 0.1644699216202217 19
1743779997203 0.16264785408639001 20
1743780021626 0.1607961820806675 21
1743780045871 0.15908585166466746 22
1743780069991 0.157620676979009 23
1743780094033 0.1561203838018196 24
1743780117777 0.1546487456341011 25
1743780141318 0.15320259456850843 26
1743780164876 0.15155434026738074 27
1743780188302 0.15031838569101202 28
1743780211856 0.14907295201071505 29
1743780235645 0.14778135538743642 30
1743780259354 0.14664905467562875 31
1743780282701 0.14543682152705137 32
1743780306256 0.1445652970932482 33
1743780330070 0.14374268320988765 34
1743780353804 0.14249647616212024 35
1743780377597 0.14185099393821446 36
1743780401173 0.14093604410274196 37
1743780424653 0.14017026280644865 38
1743780447855 0.1394655948265536 39
1743780471258 0.13904938516225915 40
1743780494738 0.1383298802283843 41
1743780518500 0.1377715563269918 42
1743780542245 0.13714126638422844 43
1743780565863 0.13662903384837294 44
1743780589499 0.1362538508607494 45
1743780612972 0.1355457806811205 46
1743780636270 0.13509133822198058 47
1743780659720 0.1344436022578172 48
1743780683543 0.13405470698782157 49
