1743779511606 0.35618770122528076 0
1743779536098 0.318108469247818 1
1743779560334 0.31807395815849304 2
1743779584456 0.31756362318992615 3
1743779608811 0.2891368567943573 4
1743779632946 0.2754707336425781 5
1743779657170 0.2663789987564087 6
1743779681527 0.2602168917655945 7
1743779705749 0.2541479170322418 8
1743779729957 0.24873775243759155 9
1743779754259 0.24400195479393005 10
1743779778515 0.24056211113929749 11
1743779802790 0.23729202151298523 12
1743779827229 0.23435023427009583 13
1743779851393 0.23179848492145538 14
1743779875618 0.22934891283512115 15
1743779900055 0.22707206010818481 16
1743779924178 0.22538529336452484 17
1743779948519 0.22360454499721527 18
1743779972925 0.2219584435224533 19
1743779997202 0.22051692008972168 20
1743780021625 0.2188161313533783 21
1743780045870 0.21733471751213074 22
1743780069990 0.21607451140880585 23
1743780094032 0.21490316092967987 24
1743780117776 0.2136518508195877 25
1743780141316 0.2124914526939392 26
1743780164875 0.21100392937660217 27
1743780188301 0.20988447964191437 28
1743780211855 0.2090369611978531 29
1743780235644 0.2078448385000229 30
1743780259353 0.2070235311985016 31
1743780282700 0.20584642887115479 32
1743780306255 0.20526123046875 33
1743780330069 0.20470212399959564 34
1743780353803 0.20350712537765503 35
1743780377596 0.20296630263328552 36
1743780401172 0.20227168500423431 37
1743780424652 0.20155362784862518 38
1743780447854 0.20097282528877258 39
1743780471257 0.20070427656173706 40
1743780494737 0.19990842044353485 41
1743780518499 0.19959884881973267 42
1743780542244 0.19903001189231873 43
1743780565862 0.19853460788726807 44
1743780589497 0.19812391698360443 45
1743780612971 0.19754338264465332 46
1743780636269 0.1973358392715454 47
1743780659719 0.19673141837120056 48
1743780683542 0.19630448520183563 49
