1747590548528 0.08300062268972397 0
1747590555676 0.04336940497159958 1
1747590562704 0.027110084891319275 2
1747590569941 0.015207427553832531 3
1747590577404 0.011805524118244648 4
1747590584809 0.010606758296489716 5
1747590592010 0.010436167009174824 6
1747590599175 0.009700985625386238 7
1747590606457 0.009719586931169033 8
1747590613901 0.00961461290717125 9
1747590621346 0.009139097295701504 10
1747590628407 0.008678337559103966 11
1747590635552 0.0087120421230793 12
1747590642610 0.008831429295241833 13
1747590649658 0.008172867819666862 14
1747590657270 0.008223909884691238 15
1747590664458 0.007953994907438755 16
1747590671638 0.008132746443152428 17
1747590678928 0.007898061536252499 18
1747590686300 0.0077344514429569244 19
1747590693755 0.007615766488015652 20
1747590701033 0.00761512853205204 21
1747590708315 0.007280530873686075 22
1747590715575 0.007326739374548197 23
1747590722799 0.00729229673743248 24
1747590730230 0.007189324125647545 25
1747590738057 0.006837090477347374 26
1747590745227 0.006865148898214102 27
1747590752427 0.007048642262816429 28
1747590759562 0.006589003372937441 29
1747590766988 0.00669862562790513 30
1747590774068 0.006549956742674112 31
1747590781162 0.006575936451554298 32
1747590788432 0.006525030825287104 33
1747590795505 0.006649994291365147 34
1747590802919 0.006539726629853249 35
1747590810630 0.006395802833139896 36
1747590818021 0.0063896505162119865 37
1747590825003 0.006210923660546541 38
1747590832117 0.0062769874930381775 39
1747590839479 0.006185090634971857 40
1747590847007 0.005984920542687178 41
1747590854265 0.006231946870684624 42
1747590861459 0.005995784420520067 43
1747590868684 0.005957421846687794 44
1747590876117 0.005886278115212917 45
1747590884005 0.006090931594371796 46
1747590890901 0.005598689429461956 47
1747590898037 0.005863490980118513 48
1747590905246 0.00569938775151968 49
