1747771631362 0.44034090638160706 0
1747771631580 0.4517045319080353 1
1747771631795 0.4681818187236786 2
1747771632013 0.5176136493682861 3
1747771632236 0.6022727489471436 4
1747771632455 0.6255682110786438 5
1747771632672 0.6568182110786438 6
1747771632889 0.6965909004211426 7
1747771633114 0.7017045617103577 8
1747771633332 0.7215909361839294 9
1747771633571 0.7420454621315002 10
1747771633892 0.762499988079071 11
1747771634213 0.7630681991577148 12
1747771634535 0.7840909361839294 13
1747771634818 0.7869318127632141 14
1747771635029 0.8051136136054993 15
1747771635232 0.8153409361839294 16
1747771635436 0.8289772868156433 17
1747771635647 0.8278409242630005 18
1747771635858 0.8448863625526428 19
1747771636076 0.8386363387107849 20
1747771636292 0.8431817889213562 21
1747771636509 0.8590909242630005 22
1747771636726 0.8551136255264282 23
1747771636942 0.8670454621315002 24
1747771637147 0.8647727370262146 25
1747771637362 0.8681818246841431 26
1747771637579 0.8778409361839294 27
1747771637805 0.8795454502105713 28
1747771638016 0.8812500238418579 29
1747771638230 0.893750011920929 30
1747771638450 0.8840909004211426 31
1747771638766 0.886931836605072 32
1747771639089 0.887499988079071 33
1747771639411 0.8897727131843567 34
1747771639728 0.8897727131843567 35
1747771639932 0.8926136493682861 36
1747771640144 0.8948863744735718 37
1747771640359 0.9039772748947144 38
1747771640577 0.893750011920929 39
1747771640796 0.8994318246841431 40
1747771641006 0.9022727012634277 41
1747771641223 0.8977272510528564 42
1747771641431 0.8994318246841431 43
1747771641646 0.9051136374473572 44
1747771641864 0.9022727012634277 45
1747771642073 0.9056817889213562 46
1747771642291 0.9045454263687134 47
1747771642510 0.9022727012634277 48
1747771642729 0.9136363863945007 49
