1747680270763 0.9140230417251587 0
1747680285947 0.9147617816925049 1
1747680301107 0.9149767756462097 2
1747680316489 0.915195643901825 3
1747680331810 0.9152738451957703 4
1747680347095 0.9152894616127014 5
1747680362670 0.9152660369873047 6
1747680378392 0.9151292443275452 7
1747680393679 0.9152699112892151 8
1747680408797 0.9153872132301331 9
1747680424473 0.9153403043746948 10
1747680439887 0.9153324961662292 11
1747680455061 0.9153598546981812 12
1747680470366 0.9153363704681396 13
1747680485226 0.9153989553451538 14
1747680499410 0.9154184460639954 15
1747680514503 0.9154341220855713 16
1747680529799 0.9154223799705505 17
1747680545019 0.9153872132301331 18
1747680560305 0.9153989553451538 19
1747680575604 0.9153324961662292 20
1747680590960 0.9155357480049133 21
1747680606422 0.9154419302940369 22
1747680621379 0.9153285622596741 23
1747680636631 0.9153676629066467 24
1747680651853 0.9152894616127014 25
1747680667156 0.9152894616127014 26
1747680681755 0.9153910875320435 27
1747680696264 0.9153324961662292 28
1747680711268 0.9154810309410095 29
1747680726319 0.9153872132301331 30
1747680741149 0.9153246879577637 31
1747680756419 0.9153715372085571 32
1747680770652 0.9153832793235779 33
1747680785718 0.9154653549194336 34
1747680800628 0.9154106378555298 35
1747680814728 0.9154106378555298 36
1747680829271 0.9155122637748718 37
1747680844425 0.9153246879577637 38
1747680859546 0.9153910875320435 39
1747680874278 0.9153676629066467 40
1747680889300 0.9154301881790161 41
1747680904926 0.9153637290000916 42
1747680920233 0.9155396223068237 43
1747680935497 0.9153989553451538 44
1747680950769 0.9153598546981812 45
1747680966097 0.9154223799705505 46
1747680981497 0.9153910875320435 47
1747680996854 0.9153832793235779 48
1747681012586 0.9153715372085571 49
