1747680270765 0.25188107838769036 0
1747680285948 0.24218728496018888 1
1747680301109 0.24022432858041934 2
1747680316491 0.23950064869399995 3
1747680331812 0.23900598999334036 4
1747680347097 0.23862615955541572 5
1747680362673 0.23832734765768607 6
1747680378393 0.2381387020674839 7
1747680393682 0.2378628375225699 8
1747680408798 0.23782943800564937 9
1747680424476 0.23786144060183584 10
1747680439889 0.23766855971822423 11
1747680455062 0.2375945564986487 12
1747680470368 0.2375708000016942 13
1747680485227 0.23747167448792852 14
1747680499411 0.23744611626064652 15
1747680514505 0.23745900306673579 16
1747680529801 0.23733508238526638 17
1747680545020 0.2373809598012022 18
1747680560307 0.23729312786913384 19
1747680575605 0.23727735680671694 20
1747680590962 0.2371878878994526 21
1747680606425 0.23715653233532324 22
1747680621381 0.23716660438507667 23
1747680636632 0.23710967027455265 24
1747680651854 0.23707820174760097 25
1747680667158 0.236997951999078 26
1747680681757 0.23698299145280965 27
1747680696265 0.23704957971833704 28
1747680711269 0.23698145742405005 29
1747680726320 0.236978792594617 30
1747680741151 0.2369157209637844 31
1747680756420 0.2369396717930706 32
1747680770654 0.23693196934102942 33
1747680785720 0.23697255111713422 34
1747680800630 0.23687145256481212 35
1747680814730 0.23687231667344608 36
1747680829272 0.23689928690090678 37
1747680844427 0.23684742944299655 38
1747680859548 0.2368707027473815 39
1747680874279 0.2368469671996802 40
1747680889302 0.23677460713255705 41
1747680904927 0.23684663424492364 42
1747680920235 0.23678723535706658 43
1747680935498 0.2367771163786077 44
1747680950770 0.23678958168574485 45
1747680966099 0.2367769895152978 46
1747680981498 0.2367939726200144 47
1747680996855 0.23680585132842846 48
1747681012589 0.23676396495082705 49
