1747771080436 7.6890034675598145 0
1747771080683 5.337998867034912 1
1747771080927 3.9808597564697266 2
1747771081167 3.0937085151672363 3
1747771081411 2.4868521690368652 4
1747771081653 2.127725839614868 5
1747771081841 1.9147359132766724 6
1747771081995 1.723737120628357 7
1747771082154 1.5815324783325195 8
1747771082323 1.4466028213500977 9
1747771082489 1.4644111394882202 10
1747771082663 1.3949469327926636 11
1747771082842 1.272311806678772 12
1747771083029 1.259292483329773 13
1747771083230 1.25434410572052 14
1747771083428 1.191228985786438 15
1747771083604 1.1590412855148315 16
1747771083773 1.1139230728149414 17
1747771083941 1.141345500946045 18
1747771084104 1.1160414218902588 19
1747771084269 1.0915945768356323 20
1747771084436 1.0321850776672363 21
1747771084605 0.9133631587028503 22
1747771084773 0.9298636317253113 23
1747771084944 0.7783306241035461 24
1747771085113 0.7713931202888489 25
1747771085280 0.8193686604499817 26
1747771085450 0.8150907158851624 27
1747771085682 0.7341280579566956 28
1747771085915 0.6529085636138916 29
1747771086148 0.6814484000205994 30
1747771086385 0.6150476932525635 31
1747771086615 0.5524030923843384 32
1747771086848 0.5368542671203613 33
1747771087084 0.5337252020835876 34
1747771087315 0.5691177845001221 35
1747771087547 0.5515958070755005 36
1747771087779 0.5834736824035645 37
1747771087991 0.6208900213241577 38
1747771088149 0.5971832871437073 39
1747771088323 0.6032485961914062 40
1747771088493 0.5286818742752075 41
1747771088660 0.5611050724983215 42
1747771088826 0.5005881786346436 43
1747771088994 0.4383533298969269 44
1747771089194 0.4985899031162262 45
1747771089364 0.557719349861145 46
1747771089537 0.5657919049263 47
1747771089704 0.5028558373451233 48
1747771089873 0.5023621916770935 49
