1747771080438 110.18681852606868 0
1747771080684 51.84148219294786 1
1747771080929 28.259028633826066 2
1747771081168 17.822302948861388 3
1747771081413 12.183944871324465 4
1747771081655 9.327139915219709 5
1747771081841 7.745494844372327 6
1747771081997 6.772692839899015 7
1747771082156 5.917467976513826 8
1747771082324 5.390872944591628 9
1747771082490 5.4143201698826875 10
1747771082665 5.091470937090256 11
1747771082843 4.438792502991192 12
1747771083031 4.351053404532965 13
1747771083231 4.194996446951224 14
1747771083429 3.8424748498532137 15
1747771083605 3.6994385959701512 16
1747771083774 3.429722400185308 17
1747771083942 3.571315849608299 18
1747771084105 3.1414942088887554 19
1747771084270 2.8417967330232456 20
1747771084437 2.5399965994521034 21
1747771084606 1.9710648667327675 22
1747771084774 1.8054830270781408 23
1747771084945 1.2904541926957898 24
1747771085114 1.1398822410321086 25
1747771085281 1.1719630527513176 26
1747771085451 1.142122624825283 27
1747771085683 0.9286046112206925 28
1747771085916 0.7398516061391068 29
1747771086150 0.7893465374669296 30
1747771086386 0.6443116397144631 31
1747771086617 0.5387973050853939 32
1747771086850 0.5075773931066375 33
1747771087086 0.49270420763959294 34
1747771087316 0.5563123573796726 35
1747771087549 0.5316911983172011 36
1747771087780 0.5830501239003592 37
1747771087992 0.6526462016814178 38
1747771088150 0.6053610790239808 39
1747771088324 0.6163235036266844 40
1747771088494 0.4809032026057447 41
1747771088661 0.5313630966097352 42
1747771088827 0.42367826297649364 43
1747771088995 0.34217280306365055 44
1747771089195 0.45530709580634604 45
1747771089365 0.5224433321734872 46
1747771089538 0.5443296621761138 47
1747771089705 0.4290752589209396 48
1747771089875 0.43564658507048953 49
