1747758754633 0.2840308419306658 0
1747758772958 0.24746975002513882 1
1747758791294 0.24337766795022317 2
1747758809440 0.24054736117681996 3
1747758827961 0.2396112763784829 4
1747758846238 0.23928367684768026 5
1747758864230 0.2386761975981731 6
1747758882614 0.23811336496465296 7
1747758900944 0.2380722526412823 8
1747758919192 0.23799173854068828 9
1747758937496 0.23808685277215577 10
1747758956099 0.26357093968230555 11
1747758974443 0.23732887032807923 12
1747758992627 0.2374024894991703 13
1747759011136 0.23738634511312584 14
1747759029700 0.23755466815565204 15
1747759047665 0.24492701038449885 16
1747759066054 0.237335503666571 17
1747759084400 0.23726119779549393 18
1747759102636 0.23781877667408044 19
1747759121088 0.23729367592309164 20
1747759139418 0.2372470714312166 21
1747759157421 0.24041250007750595 22
1747759175793 0.23697980069962948 23
1747759194163 0.23710013040750386 24
1747759212387 0.23715593361460363 25
1747759230801 0.23692833777041963 26
1747759249209 0.23691456690773421 27
1747759267670 0.23683214614627227 28
1747759285845 0.2378646408884456 29
1747759304534 0.23805856926291832 30
1747759322684 0.2366144924305681 31
1747759341051 0.23674079954681462 32
1747759359522 0.2366075127108311 33
1747759377729 0.23716123154341434 34
1747759396038 0.23652513891312507 35
1747759414518 0.23683998485782598 36
1747759432707 0.23698312619042727 37
1747759450790 0.2377039964501752 38
1747759469091 0.2363392449424658 39
1747759487602 0.23640560598339616 40
1747759505430 0.23915199256419145 41
1747759523775 0.23644623654677244 42
1747759542001 0.23666639180966145 43
1747759560169 0.2363096757579858 44
1747759578788 0.2367394843343272 45
1747759597121 0.2366551645240854 46
1747759615241 0.23633829140034163 47
1747759634080 0.23634193425590116 48
1747759652434 0.23632647656215097 49
