1747758754632 0.9128816723823547 0
1747758772956 0.914503812789917 1
1747758791292 0.914605438709259 2
1747758809438 0.9152308702468872 3
1747758827959 0.9150041341781616 4
1747758846237 0.9150197505950928 5
1747758864229 0.9151057600975037 6
1747758882613 0.915183961391449 7
1747758900942 0.915226936340332 8
1747758919190 0.9152582287788391 9
1747758937494 0.9152542948722839 10
1747758956097 0.9152308702468872 11
1747758974440 0.9153012037277222 12
1747758992625 0.915285587310791 13
1747759011134 0.9151526689529419 14
1747759029699 0.9152308702468872 15
1747759047664 0.9152894616127014 16
1747759066053 0.915226936340332 17
1747759084399 0.91512531042099 18
1747759102635 0.9151722192764282 19
1747759121086 0.9153051376342773 20
1747759139416 0.9154497385025024 21
1747759157418 0.9152777791023254 22
1747759175792 0.9153832793235779 23
1747759194161 0.9153285622596741 24
1747759212384 0.9152113199234009 25
1747759230799 0.9153129458427429 26
1747759249208 0.915226936340332 27
1747759267668 0.9153910875320435 28
1747759285843 0.9152973294258118 29
1747759304532 0.9153676629066467 30
1747759322682 0.9154341220855713 31
1747759341049 0.9154223799705505 32
1747759359520 0.9154458045959473 33
1747759377727 0.9152621030807495 34
1747759396036 0.915226936340332 35
1747759414517 0.9153324961662292 36
1747759432705 0.9152582287788391 37
1747759450788 0.9152582287788391 38
1747759469089 0.9153754711151123 39
1747759487600 0.9154497385025024 40
1747759505428 0.9154653549194336 41
1747759523773 0.9155279397964478 42
1747759541999 0.9156412482261658 43
1747759560168 0.915516197681427 44
1747759578787 0.9153363704681396 45
1747759597119 0.9155318140983582 46
1747759615239 0.9154301881790161 47
1747759634078 0.9155318140983582 48
1747759652431 0.9154536724090576 49
