1747770188732 1.8268159627914429 0
1747770188920 1.449694037437439 1
1747770189105 1.2714544534683228 2
1747770189293 1.1455261707305908 3
1747770189478 1.043685793876648 4
1747770189665 0.9439347982406616 5
1747770189851 0.8548793792724609 6
1747770190041 0.7752212882041931 7
1747770190228 0.6960657835006714 8
1747770190416 0.6288909316062927 9
1747770190601 0.5583184361457825 10
1747770190746 0.4957396984100342 11
1747770190885 0.44856226444244385 12
1747770191012 0.4040098190307617 13
1747770191154 0.37135449051856995 14
1747770191301 0.3456559181213379 15
1747770191448 0.30786484479904175 16
1747770191585 0.2798987925052643 17
1747770191723 0.25892871618270874 18
1747770191863 0.2457919418811798 19
1747770191995 0.23708204925060272 20
1747770192129 0.2209865152835846 21
1747770192271 0.21010182797908783 22
1747770192402 0.19689035415649414 23
1747770192536 0.18924689292907715 24
1747770192671 0.1763361394405365 25
1747770192809 0.16972585022449493 26
1747770192944 0.1640271693468094 27
1747770193082 0.15716974437236786 28
1747770193219 0.14950725436210632 29
1747770193354 0.1437472701072693 30
1747770193488 0.14055615663528442 31
1747770193621 0.13125789165496826 32
1747770193755 0.12424281984567642 33
1747770193890 0.12315164506435394 34
1747770194026 0.1195351853966713 35
1747770194164 0.1139422059059143 36
1747770194300 0.10861290246248245 37
1747770194451 0.11021747440099716 38
1747770194642 0.10623501986265182 39
1747770194837 0.09671717882156372 40
1747770195030 0.09398308396339417 41
1747770195226 0.09281497448682785 42
1747770195416 0.0887763574719429 43
1747770195610 0.08439716696739197 44
1747770195741 0.08181145042181015 45
1747770195861 0.07486765086650848 46
1747770195983 0.08011149615049362 47
1747770196107 0.07179468125104904 48
1747770196234 0.07804583013057709 49
