1747770188734 6.637216571300064 0
1747770188922 4.873461868700891 1
1747770189107 4.016255103722451 2
1747770189294 3.3849397460302106 3
1747770189479 2.8771093615216246 4
1747770189667 2.403135188843621 5
1747770189853 2.0286825774629795 6
1747770190043 1.670125633164045 7
1747770190229 1.3800105968571181 8
1747770190418 1.1169576843385962 9
1747770190602 0.8916826897815716 10
1747770190747 0.7018883037324545 11
1747770190886 0.5656029997158908 12
1747770191013 0.45173818304470964 13
1747770191155 0.3732935804646377 14
1747770191302 0.315235837507815 15
1747770191449 0.2642459359511042 16
1747770191587 0.21967202508538736 17
1747770191725 0.1906646680027526 18
1747770191864 0.17328020109320522 19
1747770191996 0.15397370399015584 20
1747770192130 0.1403795872873615 21
1747770192272 0.12626287423137597 22
1747770192403 0.11489769982227042 23
1747770192537 0.1089874593209206 24
1747770192673 0.09601191125846487 25
1747770192810 0.09122604715109128 26
1747770192946 0.08421411298045768 27
1747770193083 0.0804711839591913 28
1747770193220 0.07067615827456822 29
1747770193356 0.06664228874643555 30
1747770193489 0.06425121851013746 31
1747770193623 0.05669734600792526 32
1747770193756 0.052621026896720165 33
1747770193892 0.049342541710784706 34
1747770194027 0.04605456239968969 35
1747770194165 0.04219674101320232 36
1747770194301 0.03791131808155385 37
1747770194452 0.04101024817400474 38
1747770194644 0.03457736322010652 39
1747770194838 0.03229541689061774 40
1747770195031 0.029184254061664205 41
1747770195228 0.026152767191236184 42
1747770195418 0.024939532054524215 43
1747770195612 0.02161660840143927 44
1747770195742 0.020174001900983597 45
1747770195862 0.018186113746297455 46
1747770195984 0.01890446260878235 47
1747770196108 0.015698563956480054 48
1747770196235 0.017293872795842474 49
