1747569287422 0.15578500926494598 0
1747569292829 0.15530039370059967 1
1747569298085 0.15360847115516663 2
1747569302756 0.1477993279695511 3
1747569308168 0.1363728940486908 4
1747569313638 0.1289660930633545 5
1747569319239 0.12551674246788025 6
1747569324944 0.12250307202339172 7
1747569330697 0.12043410539627075 8
1747569336265 0.11904263496398926 9
1747569341702 0.11837321519851685 10
1747569346779 0.11796405911445618 11
1747569352062 0.11762963235378265 12
1747569357542 0.11728766560554504 13
1747569363148 0.11718472093343735 14
1747569368774 0.11687704920768738 15
1747569374372 0.11677002161741257 16
1747569379966 0.11714868992567062 17
1747569385499 0.11691399663686752 18
1747569390893 0.11632891744375229 19
1747569396246 0.11536313593387604 20
1747569401707 0.11519652605056763 21
1747569407300 0.11500973999500275 22
1747569413070 0.11506208032369614 23
1747569418766 0.11504468321800232 24
1747569424603 0.1150466725230217 25
1747569430147 0.11502029746770859 26
1747569435627 0.11497776210308075 27
1747569440699 0.11498767137527466 28
1747569445992 0.11489897966384888 29
1747569451519 0.11491737514734268 30
1747569457024 0.11484068632125854 31
1747569462518 0.11485517024993896 32
1747569468031 0.11486994475126266 33
1747569473630 0.11486118286848068 34
1747569478723 0.11487144231796265 35
1747569484096 0.11487236618995667 36
1747569489535 0.1147804781794548 37
1747569495265 0.11476035416126251 38
1747569500986 0.11483383923768997 39
1747569506549 0.11481177061796188 40
1747569511983 0.11484959721565247 41
1747569517146 0.11483601480722427 42
1747569522438 0.11480849236249924 43
1747569527905 0.11483171582221985 44
1747569533664 0.11479472368955612 45
1747569539330 0.11473410576581955 46
1747569545058 0.11480619758367538 47
1747569550724 0.11477875709533691 48
1747569556283 0.11485999822616577 49
