1747569287423 0.5608418528528383 0
1747569292830 0.18641475272255148 1
1747569298087 0.12627103670748285 2
1747569302758 0.09540146050718559 3
1747569308170 0.07338535214816339 4
1747569313640 0.06515463464123675 5
1747569319240 0.06277994502045306 6
1747569324946 0.06123294633935726 7
1747569330698 0.06026399745374688 8
1747569336266 0.05975510163158503 9
1747569341704 0.059426664642228275 10
1747569346781 0.05913738130832467 11
1747569352063 0.05892579385349641 12
1747569357544 0.058708778552581824 13
1747569363149 0.0584918593287473 14
1747569368776 0.05825207358913576 15
1747569374374 0.05800077971237472 16
1747569379967 0.05770532957531411 17
1747569385501 0.05741062657442128 18
1747569390895 0.057150108314454204 19
1747569396248 0.056992460654373155 20
1747569401708 0.0569272381751718 21
1747569407301 0.05692293313590921 22
1747569413072 0.05689164742560519 23
1747569418767 0.056876242184310775 24
1747569424605 0.056867275818571 25
1747569430148 0.056864312149254304 26
1747569435628 0.056840675343961436 27
1747569440701 0.05682839237172305 28
1747569445994 0.056822805041565484 29
1747569451521 0.056830954042776397 30
1747569457025 0.056804616807764594 31
1747569462520 0.05680461644512626 32
1747569468032 0.05679012505054511 33
1747569473631 0.0567836911869877 34
1747569478725 0.05678221249198834 35
1747569484098 0.056764441874552804 36
1747569489537 0.05678708829867816 37
1747569495267 0.056775885103154455 38
1747569500987 0.056757125387887394 39
1747569506550 0.05675504237816388 40
1747569511984 0.05676653759225379 41
1747569517148 0.05675243185632802 42
1747569522440 0.056746423487234875 43
1747569527906 0.056746008259126325 44
1747569533666 0.05674753585223611 45
1747569539331 0.056742641661207356 46
1747569545060 0.0567380861993384 47
1747569550725 0.05673334332691368 48
1747569556284 0.056715523815555384 49
