1743819737951 0.42247703728605707 0
1743819909245 0.1648028234997797 1
1743820082288 0.1247330559907489 2
1743820252725 0.10482401359672909 3
1743820423083 0.09151679083234793 4
1743820593413 0.07876768780637049 5
1743820752663 0.07039199627896225 6
1743820826101 0.06663856831818152 7
1743820895458 0.05815190270676592 8
1743820959480 0.053575938085705106 9
1743821024599 0.04858504960131582 10
1743821092744 0.05029455722373766 11
1743821154159 0.041621467073209226 12
1743821215572 0.04426182082860844 13
1743821282633 0.03607560583835768 14
1743821357106 0.03938375121124694 15
1743821429124 0.0364497984906001 16
1743821503692 0.03179280397264252 17
1743821571596 0.034432071547557765 18
1743821641862 0.0277587391032831 19
1743821712303 0.028363191401866602 20
1743821783400 0.033395585616492175 21
1743821844941 0.026482889993807837 22
1743821910963 0.03085834567056202 23
1743821978778 0.024787707243794185 24
1743822046319 0.024217931276166515 25
1743822108849 0.03385546889966948 26
1743822178981 0.020070624370293978 27
1743822245502 0.021451113413064566 28
1743822309664 0.0284972957636992 29
1743822380550 0.021157103300181637 30
1743822433217 0.019926773969988803 31
1743822459295 0.0213531376254256 32
1743822485188 0.021050872020345647 33
1743822511180 0.0159664845710121 34
1743822537474 0.03800151777817852 35
1743822563822 0.016882631352471783 36
1743822590040 0.012987710675914093 37
1743822616392 0.021792217858415393 38
1743822642407 0.022668450699694226 39
1743822668380 0.01754037997106355 40
1743822694286 0.02327963016392312 41
1743822720165 0.01536962719614264 42
1743822746116 0.021278632816018928 43
1743822772002 0.014589853485604503 44
1743822798171 0.016492293562829875 45
1743822824387 0.011706079115305652 46
1743822850728 0.05695244554793007 47
1743822876720 0.009761069733661133 48
1743822902880 0.01254252506946233 49
