1743819737950 0.8666666746139526 0
1743819909244 0.9512666463851929 1
1743820082287 0.9632666707038879 2
1743820252724 0.9694499969482422 3
1743820423082 0.9725000262260437 4
1743820593411 0.9776333570480347 5
1743820752662 0.978866696357727 6
1743820826099 0.9798833131790161 7
1743820895457 0.9824666380882263 8
1743820959479 0.9836166501045227 9
1743821024598 0.9850500226020813 10
1743821092743 0.9851333498954773 11
1743821154158 0.9871000051498413 12
1743821215571 0.9870333075523376 13
1743821282632 0.9889500141143799 14
1743821357105 0.9886333346366882 15
1743821429122 0.9894000291824341 16
1743821503690 0.9899666905403137 17
1743821571595 0.9893166422843933 18
1743821641860 0.9918500185012817 19
1743821712302 0.9914166927337646 20
1743821783398 0.989983320236206 21
1743821844939 0.9922666549682617 22
1743821910961 0.9905833601951599 23
1743821978776 0.9922999739646912 24
1743822046318 0.9928666949272156 25
1743822108847 0.9900166392326355 26
1743822178980 0.9944166541099548 27
1743822245501 0.9936666488647461 28
1743822309662 0.9912833571434021 29
1743822380548 0.9941166639328003 30
1743822433215 0.9942499995231628 31
1743822459292 0.9937999844551086 32
1743822485187 0.9941166639328003 33
1743822511179 0.9953333139419556 34
1743822537473 0.9898999929428101 35
1743822563821 0.994783341884613 36
1743822590038 0.9962166547775269 37
1743822616391 0.9941166639328003 38
1743822642405 0.9944833517074585 39
1743822668378 0.9952999949455261 40
1743822694284 0.9939333200454712 41
1743822720164 0.9959333539009094 42
1743822746114 0.9947500228881836 43
1743822772001 0.996150016784668 44
1743822798170 0.9955666661262512 45
1743822824386 0.9965500235557556 46
1743822850727 0.9870833158493042 47
1743822876718 0.9967166781425476 48
1743822902879 0.9963666796684265 49
