1747770283327 8.916036908090287 0
1747770283438 5.721659083060416 1
1747770283549 4.434970421330573 2
1747770283669 3.263147537001063 3
1747770283790 2.4285847363168953 4
1747770283912 1.8088186355431635 5
1747770284033 1.3308681734169263 6
1747770284154 0.9954068655722408 7
1747770284274 0.7595177785195333 8
1747770284393 0.6284584138735152 9
1747770284512 0.5340946032215752 10
1747770284634 0.4714161346644721 11
1747770284746 0.40196069559228825 12
1747770284857 0.36933184065029306 13
1747770284971 0.3366331900756014 14
1747770285089 0.3203647976178758 15
1747770285241 0.29456785482202663 16
1747770285406 0.26483496195969325 17
1747770285570 0.23850854093100401 18
1747770285739 0.24395124669287774 19
1747770285906 0.2376309311329823 20
1747770286074 0.22015410014349948 21
1747770286241 0.1992495266130489 22
1747770286415 0.19097023182668194 23
1747770286577 0.178631057151785 24
1747770286741 0.17501436255085728 25
1747770286908 0.1587075422114699 26
1747770287073 0.1516507778597355 27
1747770287244 0.14021177612701805 28
1747770287411 0.14919946669080078 29
1747770287581 0.14013841226131843 30
1747770287702 0.1360053219301028 31
1747770287820 0.1255986367839474 32
1747770287938 0.12120501241617299 33
1747770288059 0.1176643151296267 34
1747770288180 0.10775637174801211 35
1747770288304 0.10740928441565296 36
1747770288427 0.10647308793018605 37
1747770288547 0.0984685645380418 38
1747770288667 0.09020429609728206 39
1747770288789 0.09039098945701658 40
1747770288906 0.08529406949886673 41
1747770289024 0.08585665981419197 42
1747770289145 0.08387416656445205 43
1747770289264 0.08051430305449789 44
1747770289386 0.0811169906188289 45
1747770289506 0.07301104190653207 46
1747770289628 0.07239834483352488 47
1747770289748 0.06401910420870044 48
1747770289871 0.0633500319545916 49
