1747770283326 2.1210708618164062 0
1747770283437 1.6304175853729248 1
1747770283548 1.4237480163574219 2
1747770283668 1.2383564710617065 3
1747770283789 1.0908581018447876 4
1747770283911 0.962440550327301 5
1747770284032 0.8338212370872498 6
1747770284153 0.733571469783783 7
1747770284273 0.6533244848251343 8
1747770284392 0.5939855575561523 9
1747770284511 0.5527984499931335 10
1747770284633 0.5172566175460815 11
1747770284745 0.47276824712753296 12
1747770284856 0.45165762305259705 13
1747770284969 0.42912399768829346 14
1747770285087 0.4187886416912079 15
1747770285239 0.39901700615882874 16
1747770285404 0.3772523105144501 17
1747770285569 0.35674554109573364 18
1747770285737 0.3621823787689209 19
1747770285904 0.35931721329689026 20
1747770286073 0.3454633355140686 21
1747770286239 0.3246724009513855 22
1747770286414 0.3150259554386139 23
1747770286576 0.30619463324546814 24
1747770286739 0.3067914545536041 25
1747770286906 0.2874036133289337 26
1747770287071 0.2823367714881897 27
1747770287242 0.2709895074367523 28
1747770287410 0.28013765811920166 29
1747770287580 0.2753955125808716 30
1747770287701 0.27345117926597595 31
1747770287819 0.2596229314804077 32
1747770287937 0.25559014081954956 33
1747770288058 0.2498507797718048 34
1747770288179 0.23714782297611237 35
1747770288303 0.23747952282428741 36
1747770288426 0.24142560362815857 37
1747770288546 0.23081687092781067 38
1747770288666 0.21800635755062103 39
1747770288788 0.22060182690620422 40
1747770288905 0.2136266529560089 41
1747770289023 0.21675921976566315 42
1747770289144 0.21302102506160736 43
1747770289263 0.20617231726646423 44
1747770289385 0.21028827130794525 45
1747770289505 0.19812935590744019 46
1747770289627 0.19884958863258362 47
1747770289747 0.1860743761062622 48
1747770289870 0.18639478087425232 49
