1747771441786 0.33181819319725037 0
1747771442125 0.6278409361839294 1
1747771442399 0.7960227131843567 2
1747771442635 0.8579545617103577 3
1747771442876 0.8698863387107849 4
1747771443116 0.9153409004211426 5
1747771443359 0.9420454502105713 6
1747771443602 0.9517045617103577 7
1747771443845 0.949431836605072 8
1747771444087 0.9448863863945007 9
1747771444331 0.9534090757369995 10
1747771444574 0.9522727131843567 11
1747771444818 0.9607954621315002 12
1747771445061 0.9619318246841431 13
1747771445305 0.9517045617103577 14
1747771445548 0.9630681872367859 15
1747771445792 0.9642045497894287 16
1747771446066 0.9579545259475708 17
1747771446407 0.9590908885002136 18
1747771446744 0.956818163394928 19
1747771447083 0.9624999761581421 20
1747771447361 0.9534090757369995 21
1747771447597 0.96875 22
1747771447839 0.9636363387107849 23
1747771448083 0.9602272510528564 24
1747771448330 0.9619318246841431 25
1747771448575 0.9619318246841431 26
1747771448820 0.9636363387107849 27
1747771449066 0.9670454263687134 28
1747771449312 0.9670454263687134 29
1747771449557 0.9681817889213562 30
1747771449803 0.9659090638160706 31
1747771450048 0.96875 32
1747771450297 0.9676136374473572 33
1747771450542 0.9750000238418579 34
1747771450788 0.9715909361839294 35
1747771451070 0.9676136374473572 36
1747771451408 0.9693182110786438 37
1747771451744 0.9732954502105713 38
1747771452081 0.9721590876579285 39
1747771452350 0.9710227251052856 40
1747771452587 0.9681817889213562 41
1747771452830 0.9602272510528564 42
1747771453074 0.9596590995788574 43
1747771453328 0.9664772748947144 44
1747771453584 0.9693182110786438 45
1747771453832 0.9659090638160706 46
1747771454078 0.9715909361839294 47
1747771454324 0.96875 48
1747771454570 0.9659090638160706 49
