1747771441789 2.483558805096767 0
1747771442128 1.3749057253749506 1
1747771442401 0.7750100064237743 2
1747771442637 0.4931579853273494 3
1747771442878 0.4453231731387451 4
1747771443118 0.2670717639076675 5
1747771443361 0.15191357484269533 6
1747771443604 0.13905389621036326 7
1747771443847 0.1357473329655854 8
1747771444090 0.13144154408216818 9
1747771444334 0.12697359772075012 10
1747771444576 0.11964368561679799 11
1747771444820 0.10856823603682553 12
1747771445063 0.10204737060784776 13
1747771445307 0.11694859388300209 14
1747771445550 0.09663334540524117 15
1747771445794 0.09994046793554634 16
1747771446069 0.10670254543612637 17
1747771446410 0.1152840207494819 18
1747771446747 0.10467765376502992 19
1747771447086 0.10128569647672322 20
1747771447363 0.11833244569299714 21
1747771447599 0.08181218648984134 22
1747771447841 0.11036590852239127 23
1747771448086 0.09277166124196627 24
1747771448332 0.09426529471148205 25
1747771448577 0.1054566529308284 26
1747771448822 0.10325490464584944 27
1747771449068 0.08500055961093163 28
1747771449314 0.08554303687408267 29
1747771449559 0.08444870613272717 30
1747771449805 0.0809911988996845 31
1747771450050 0.08648996510971695 32
1747771450299 0.08534575090056287 33
1747771450544 0.063485948165414 34
1747771450790 0.06724010591213368 35
1747771451073 0.08108067357990832 36
1747771451410 0.07967690048640663 37
1747771451747 0.07354443324012871 38
1747771452084 0.07048099355383443 39
1747771452352 0.06941068806198615 40
1747771452589 0.08070515828879152 41
1747771452832 0.10147387955228564 42
1747771453076 0.10474567887436356 43
1747771453329 0.0815824876372586 44
1747771453586 0.07653646952770031 45
1747771453834 0.07738701190143815 46
1747771454080 0.07301885689846886 47
1747771454326 0.0732802044166642 48
1747771454572 0.0944373699831577 49
