1747731242658 0.24291291358408623 0
1747731260011 0.23927219233970873 1
1747731277316 0.23881468115306215 2
1747731294558 0.2381966256726272 3
1747731311603 0.23797364781981914 4
1747731328314 0.23777812290009304 5
1747731345467 0.23756355684642508 6
1747731362322 0.23745307220304707 7
1747731379678 0.23724208395261923 8
1747731396603 0.23738294733255585 9
1747731413839 0.2371457047039123 10
1747731430830 0.2371542404163667 11
1747731448170 0.2370290115032339 12
1747731465289 0.2369737727733846 13
1747731482224 0.23683447342047817 14
1747731499700 0.2367264115402037 15
1747731516699 0.23681027925332154 16
1747731534393 0.23659089471842865 17
1747731551145 0.23672164121119 18
1747731568332 0.23655226609768848 19
1747731585269 0.23635233759836552 20
1747731602539 0.2364138756770418 21
1747731619534 0.23620503378239666 22
1747731636269 0.2361726883923207 23
1747731653518 0.23627108138876174 24
1747731670297 0.2362287847445771 25
1747731686887 0.23632557128321782 26
1747731704167 0.2360496299675349 27
1747731721337 0.2359631442494352 28
1747731738788 0.23597828402544851 29
1747731755454 0.23594696614340077 30
1747731772795 0.23580681079328222 31
1747731789834 0.23585728908047207 32
1747731807411 0.23574052710393165 33
1747731824221 0.23578112334024062 34
1747731840969 0.23560513622436152 35
1747731858268 0.23563702410917373 36
1747731875001 0.2357398744000526 37
1747731892301 0.23556289748817621 38
1747731909316 0.23539617777062352 39
1747731926745 0.23542788202969106 40
1747731943539 0.2354810858935163 41
1747731960366 0.23530259905320527 42
1747731977507 0.23534077285160923 43
1747731994542 0.23525372037648606 44
1747732011844 0.23541943764589904 45
1747732028910 0.23518313599212912 46
1747732046274 0.23508606039110994 47
1747732063259 0.2351272038668397 48
1747732080729 0.23507335424982112 49
