1743702782335 0.4951774775981903 0
1743702803392 0.3080197274684906 1
1743702824495 0.2764698565006256 2
1743702845680 0.26183438301086426 3
1743702866973 0.2525227963924408 4
1743702888354 0.24728615581989288 5
1743702909490 0.2431391179561615 6
1743702930488 0.24043557047843933 7
1743702951727 0.23844647407531738 8
1743702972765 0.23660314083099365 9
1743702993894 0.23511381447315216 10
1743703014990 0.23362746834754944 11
1743703036241 0.23213611543178558 12
1743703057722 0.23067888617515564 13
1743703078973 0.2293923944234848 14
1743703100155 0.22806212306022644 15
1743703121170 0.22676415741443634 16
1743703142400 0.22529032826423645 17
1743703163818 0.22383059561252594 18
1743703184959 0.2224026322364807 19
1743703206220 0.22116264700889587 20
1743703227421 0.21990399062633514 21
1743703248622 0.2186451256275177 22
1743703269503 0.21757440268993378 23
1743703290552 0.21640053391456604 24
1743703311708 0.21532295644283295 25
1743703332753 0.21423324942588806 26
1743703354002 0.21344193816184998 27
1743703375117 0.2125508338212967 28
1743703396403 0.21170809864997864 29
1743703417736 0.2110738754272461 30
1743703438861 0.21036003530025482 31
1743703460065 0.2098064422607422 32
1743703481189 0.2092294692993164 33
1743703502595 0.20863869786262512 34
1743703523930 0.20804764330387115 35
1743703545352 0.2075115293264389 36
1743703566684 0.2072247862815857 37
1743703588027 0.20652051270008087 38
1743703609276 0.20615854859352112 39
1743703630408 0.20579330623149872 40
1743703651619 0.20536915957927704 41
1743703672902 0.20504362881183624 42
1743703693948 0.20458588004112244 43
1743703715026 0.2042601853609085 44
1743703736137 0.20398230850696564 45
1743703757046 0.20359426736831665 46
1743703777996 0.20329590141773224 47
1743703799311 0.2029762715101242 48
1743703820689 0.20259538292884827 49
