1747673913536 0.9148126244544983 0
1747673928571 0.9153676629066467 1
1747673942922 0.9153285622596741 2
1747673957990 0.915355920791626 3
1747673973095 0.9154067635536194 4
1747673987874 0.9152582287788391 5
1747674003079 0.9152151942253113 6
1747674018359 0.9152230620384216 7
1747674033669 0.9152738451957703 8
1747674048929 0.9154106378555298 9
1747674064597 0.9153754711151123 10
1747674079012 0.9154028296470642 11
1747674094532 0.9152894616127014 12
1747674110016 0.9153520464897156 13
1747674125358 0.9152738451957703 14
1747674140831 0.9153051376342773 15
1747674156073 0.9154614806175232 16
1747674171357 0.9153754711151123 17
1747674186716 0.9154184460639954 18
1747674202143 0.9155279397964478 19
1747674217529 0.9153989553451538 20
1747674232952 0.9153363704681396 21
1747674248252 0.9155435562133789 22
1747674262450 0.9154966473579407 23
1747674277104 0.9153872132301331 24
1747674292578 0.9155357480049133 25
1747674307994 0.915516197681427 26
1747674323196 0.9153598546981812 27
1747674338537 0.9154379963874817 28
1747674353900 0.915574848651886 29
1747674369216 0.9155005812644958 30
1747674384389 0.9155200719833374 31
1747674399621 0.9153989553451538 32
1747674415181 0.9155083894729614 33
1747674429785 0.9153363704681396 34
1747674443957 0.9154770970344543 35
1747674459418 0.9155904650688171 36
1747674475131 0.9155279397964478 37
1747674489445 0.9154536724090576 38
1747674504083 0.915516197681427 39
1747674519486 0.9155982732772827 40
1747674535015 0.9156920909881592 41
1747674550269 0.9155044555664062 42
1747674565281 0.9154770970344543 43
1747674579999 0.9154419302940369 44
1747674594875 0.9154419302940369 45
1747674610115 0.9153715372085571 46
1747674625645 0.9154067635536194 47
1747674641024 0.9154028296470642 48
1747674656754 0.9153441786766052 49
