1747673913537 0.2430297634075483 0
1747673928573 0.23869546443288464 1
1747673942923 0.2379345242414886 2
1747673957992 0.23770615131601586 3
1747673973096 0.23759669278891965 4
1747673987876 0.23754442869484935 5
1747674003081 0.2374541890648762 6
1747674018360 0.2374196333870831 7
1747674033670 0.23727987510350873 8
1747674048931 0.2374203078604116 9
1747674064600 0.23718196139168385 10
1747674079013 0.23714483066827127 11
1747674094534 0.23703961366624368 12
1747674110018 0.23702408265075275 13
1747674125360 0.23699918723605712 14
1747674140834 0.23691285601357068 15
1747674156075 0.23696301024657612 16
1747674171359 0.23695084386646298 17
1747674186718 0.23690157746034007 18
1747674202145 0.2369115954039919 19
1747674217531 0.2367401062090023 20
1747674232954 0.2368181481890327 21
1747674248254 0.2366872912403761 22
1747674262452 0.2367265392270738 23
1747674277106 0.23671231757234576 24
1747674292580 0.236752817461308 25
1747674307995 0.23673788345080796 26
1747674323197 0.23664967364238165 27
1747674338539 0.23671723467370645 28
1747674353902 0.2366657046729724 29
1747674369217 0.23663714749338735 30
1747674384390 0.2366136954663244 31
1747674399623 0.23656536847785434 32
1747674415183 0.23653053126529763 33
1747674429786 0.2365184389056393 34
1747674443959 0.23648007703422375 35
1747674459420 0.2365292610398409 36
1747674475133 0.23652042253107056 37
1747674489446 0.236501888897212 38
1747674504085 0.2365571327546915 39
1747674519487 0.23654438242017298 40
1747674535017 0.2364003760362016 41
1747674550270 0.23646453516716814 42
1747674565283 0.23642080963255083 43
1747674580001 0.2364490811781525 44
1747674594877 0.2364352607090726 45
1747674610116 0.23640794218663533 46
1747674625646 0.23643411599130076 47
1747674641026 0.23639491282767905 48
1747674656756 0.23641185560132183 49
