1747770569429 5.376873016357422 0
1747770569567 2.9399027824401855 1
1747770569710 1.9092429876327515 2
1747770569910 1.6053797006607056 3
1747770570111 1.4517230987548828 4
1747770570319 1.32522714138031 5
1747770570529 1.2187047004699707 6
1747770570732 1.1435446739196777 7
1747770570933 1.0644583702087402 8
1747770571136 1.0197176933288574 9
1747770571337 0.9198254346847534 10
1747770571538 0.8435377478599548 11
1747770571749 0.7762019038200378 12
1747770571958 0.6893209218978882 13
1747770572168 0.6571645140647888 14
1747770572299 0.6183069944381714 15
1747770572435 0.5840271711349487 16
1747770572579 0.5303573608398438 17
1747770572728 0.5053691864013672 18
1747770572882 0.4947272837162018 19
1747770573033 0.4726058840751648 20
1747770573186 0.471900075674057 21
1747770573337 0.4387615919113159 22
1747770573488 0.43834441900253296 23
1747770573643 0.40362676978111267 24
1747770573796 0.3911551237106323 25
1747770573950 0.4187619388103485 26
1747770574102 0.38962608575820923 27
1747770574253 0.3623449504375458 28
1747770574406 0.3829768896102905 29
1747770574557 0.3683500289916992 30
1747770574711 0.3907425105571747 31
1747770574864 0.3557625114917755 32
1747770575020 0.3811030387878418 33
1747770575172 0.3639279007911682 34
1747770575319 0.33401501178741455 35
1747770575456 0.3306313753128052 36
1747770575598 0.31043729186058044 37
1747770575736 0.308519572019577 38
1747770575884 0.3146721124649048 39
1747770576084 0.295746773481369 40
1747770576286 0.31184378266334534 41
1747770576490 0.3237138092517853 42
1747770576697 0.336795449256897 43
1747770576904 0.2859460711479187 44
1747770577115 0.32366451621055603 45
1747770577328 0.2918534576892853 46
1747770577535 0.30045050382614136 47
1747770577746 0.3371167778968811 48
1747770577965 0.32766249775886536 49
