1747747447635 0.2432325190815776 0
1747747464851 0.2393598659390185 1
1747747482267 0.23896279646348226 2
1747747499138 0.23849725582524173 3
1747747516435 0.23802257628917495 4
1747747533527 0.23787233457390475 5
1747747551192 0.23790590066556533 6
1747747568411 0.2375362571309141 7
1747747585753 0.2375883288269865 8
1747747602837 0.23747233481361413 9
1747747620532 0.2372595491495735 10
1747747637819 0.23724866741520398 11
1747747655434 0.2371922499168794 12
1747747672572 0.23703978501598846 13
1747747690124 0.23700126566478688 14
1747747707241 0.2369808793844152 15
1747747724927 0.23690703837954094 16
1747747742050 0.23688958164101476 17
1747747759673 0.23669359642776105 18
1747747776821 0.23672651691020496 19
1747747794376 0.23661679696225546 20
1747747811524 0.2365736900540903 21
1747747829176 0.23657096458497182 22
1747747846308 0.23644128794826832 23
1747747864032 0.23644979812045516 24
1747747881392 0.23635623067321548 25
1747747899032 0.23634858654898547 26
1747747915986 0.2362811186689351 27
1747747933259 0.236213961000776 28
1747747950296 0.23635048832415312 29
1747747968001 0.23618134953039813 30
1747747985062 0.23618118678423247 31
1747748002558 0.2363024147998131 32
1747748019658 0.23618846699281207 33
1747748037044 0.23603794907889633 34
1747748054177 0.23599238668254038 35
1747748071730 0.2359845600710878 36
1747748088815 0.23569977483077437 37
1747748106273 0.23573833800089547 38
1747748123263 0.23582045256777123 39
1747748140680 0.2358327631882529 40
1747748157731 0.23562653103973816 41
1747748174874 0.23569162583112926 42
1747748192193 0.23555760152695232 43
1747748208967 0.23558651152083643 44
1747748226009 0.23550233524861722 45
1747748242819 0.23547193764115376 46
1747748260356 0.23553049631484962 47
1747748277562 0.23531748684658643 48
1747748294997 0.23535936607359026 49
