1743704584298 0.9281499981880188 0
1743704608075 0.9326333403587341 1
1743704631702 0.9346500039100647 2
1743704655407 0.9376833438873291 3
1743704679152 0.9389833211898804 4
1743704702844 0.942300021648407 5
1743704726469 0.942466676235199 6
1743704750206 0.9443166851997375 7
1743704773901 0.9446333050727844 8
1743704797705 0.9467666745185852 9
1743704821585 0.947350025177002 10
1743704845208 0.9482666850090027 11
1743704868988 0.9489333629608154 12
1743704892780 0.9500666856765747 13
1743704916636 0.9518499970436096 14
1743704940521 0.9519833326339722 15
1743704964376 0.9516000151634216 16
1743704988217 0.9531333446502686 17
1743705011735 0.9531333446502686 18
1743705035265 0.9543166756629944 19
1743705058653 0.9559166431427002 20
1743705082211 0.9557666778564453 21
1743705105991 0.9551666378974915 22
1743705129842 0.9558500051498413 23
1743705153555 0.9563166499137878 24
1743705177358 0.9573166370391846 25
1743705201298 0.9565333127975464 26
1743705225018 0.9577500224113464 27
1743705248758 0.9579833149909973 28
1743705272516 0.9585333466529846 29
1743705296529 0.9593499898910522 30
1743705320281 0.9592166543006897 31
1743705344122 0.9598333239555359 32
1743705368009 0.960099995136261 33
1743705391837 0.9609500169754028 34
1743705415453 0.960016667842865 35
1743705439139 0.9610499739646912 36
1743705463011 0.9610166549682617 37
1743705486922 0.9602166414260864 38
1743705510728 0.9621000289916992 39
1743705534229 0.9607999920845032 40
1743705557885 0.9619666934013367 41
1743705581613 0.9624000191688538 42
1743705605348 0.9619500041007996 43
1743705629107 0.961566686630249 44
1743705652950 0.9625833630561829 45
1743705676953 0.9632666707038879 46
1743705700713 0.9621666669845581 47
1743705724498 0.963366687297821 48
1743705748504 0.9635000228881836 49
