1743704584299 0.2555606341781554 0
1743704608076 0.2381059192567563 1
1743704631703 0.22834611207255173 2
1743704655408 0.21920694301706903 3
1743704679152 0.2144472142360358 4
1743704702845 0.20433167492071808 5
1743704726470 0.20074962204857622 6
1743704750207 0.19458295896443337 7
1743704773902 0.19146001194597254 8
1743704797706 0.18535890401967223 9
1743704821586 0.18321160016557028 10
1743704845209 0.1802043090655511 11
1743704868989 0.1773355843701079 12
1743704892781 0.17372288446938144 13
1743704916637 0.16739407159155598 14
1743704940522 0.16614981004447052 15
1743704964377 0.1652617429086913 16
1743704988218 0.16222311606548903 17
1743705011736 0.16094015881647758 18
1743705035265 0.15860827078076425 19
1743705058653 0.15241766099003184 20
1743705082212 0.15370056605889215 21
1743705105992 0.15321153985882296 22
1743705129843 0.15015316500875017 23
1743705153556 0.14881984150682281 24
1743705177359 0.14673428624086682 25
1743705201299 0.14732391217860805 26
1743705225019 0.14449842146408892 27
1743705248759 0.1431013159762675 28
1743705272517 0.1429278510474415 29
1743705296530 0.14003243353457576 30
1743705320282 0.13971164830031432 31
1743705344123 0.13820338475217928 32
1743705368010 0.13739117497697564 33
1743705391838 0.13615025800258526 34
1743705415453 0.13659118004575418 35
1743705439140 0.1341323245879298 36
1743705463012 0.1343596753578212 37
1743705486923 0.13378503092137628 38
1743705510728 0.13104652744736597 39
1743705534230 0.1322736848428594 40
1743705557885 0.1302373850574956 41
1743705581614 0.12923507598718675 42
1743705605349 0.12812544834286738 43
1743705629108 0.12934516248136957 44
1743705652950 0.12709042475271376 45
1743705676954 0.1258158966330948 46
1743705700713 0.12836077181329653 47
1743705724499 0.12477861074014214 48
1743705748505 0.12429268081848587 49
