1747579594370 0.010213186964392662 0
1747579599998 0.007914142683148384 1
1747579605112 0.0074010491371154785 2
1747579610634 0.0070080566219985485 3
1747579616251 0.006768722087144852 4
1747579621819 0.006460335571318865 5
1747579627369 0.00623207725584507 6
1747579632732 0.0060312082059681416 7
1747579637825 0.00589193869382143 8
1747579643360 0.005740309599786997 9
1747579649006 0.005474976729601622 10
1747579654795 0.005345469806343317 11
1747579660331 0.00531433941796422 12
1747579665848 0.005053623579442501 13
1747579671386 0.004877279978245497 14
1747579677037 0.004987380467355251 15
1747579682696 0.004898396320641041 16
1747579688253 0.004930148366838694 17
1747579693951 0.004498233553022146 18
1747579699641 0.004537372384220362 19
1747579705627 0.004670843947678804 20
1747579711522 0.00439525255933404 21
1747579717321 0.0044625382870435715 22
1747579722975 0.004304444883018732 23
1747579728583 0.004314384888857603 24
1747579734333 0.004205388016998768 25
1747579740146 0.004174636211246252 26
1747579745612 0.0041647194884717464 27
1747579751091 0.004107458516955376 28
1747579756540 0.0039174193516373634 29
1747579762347 0.00400405190885067 30
1747579768162 0.0037913606502115726 31
1747579773898 0.0038299071602523327 32
1747579779609 0.003851475426927209 33
1747579785342 0.0038531601894646883 34
1747579791023 0.003724762238562107 35
1747579796487 0.0038686601910740137 36
1747579801988 0.003544644685462117 37
1747579807472 0.0036290078423917294 38
1747579813223 0.003475375007838011 39
1747579819113 0.003587869228795171 40
1747579824982 0.003491475712507963 41
1747579830958 0.0035168761387467384 42
1747579836886 0.003350580111145973 43
1747579842735 0.0034961181227117777 44
1747579848464 0.003374809632077813 45
1747579853830 0.0032965904101729393 46
1747579859274 0.0034427132923156023 47
1747579864532 0.003214304568246007 48
1747579870108 0.0032140573021024466 49
