1747611250668 0.17213226854801178 0
1747611260445 0.1549173891544342 1
1747611269552 0.14747069776058197 2
1747611279250 0.14419706165790558 3
1747611288320 0.14228568971157074 4
1747611298122 0.13047415018081665 5
1747611307832 0.12211630493402481 6
1747611317008 0.1187831461429596 7
1747611326625 0.11807924509048462 8
1747611336337 0.1180315837264061 9
1747611346142 0.11775600165128708 10
1747611354414 0.12018601596355438 11
1747611364218 0.12165214121341705 12
1747611373315 0.12132011353969574 13
1747611383112 0.121416375041008 14
1747611391797 0.12197960168123245 15
1747611400797 0.12106255441904068 16
1747611410938 0.12156733125448227 17
1747611420134 0.11931922286748886 18
1747611430007 0.11536715924739838 19
1747611439477 0.1113097071647644 20
1747611448382 0.10870436578989029 21
1747611457977 0.10865333676338196 22
1747611466989 0.10840318351984024 23
1747611476563 0.1083817332983017 24
1747611485730 0.10585404187440872 25
1747611495301 0.1037096232175827 26
1747611505234 0.10412688553333282 27
1747611514881 0.10356184095144272 28
1747611525116 0.1030537337064743 29
1747611534338 0.10203950852155685 30
1747611543668 0.1013568714261055 31
1747611552577 0.10019434988498688 32
1747611561904 0.09886616468429565 33
1747611571602 0.09657338261604309 34
1747611581138 0.09593313932418823 35
1747611590371 0.09580301493406296 36
1747611599709 0.09587789326906204 37
1747611608973 0.09606308490037918 38
1747611618596 0.09582509845495224 39
1747611627858 0.0957312285900116 40
1747611637692 0.09554647654294968 41
1747611646999 0.09577856212854385 42
1747611656898 0.09601948410272598 43
1747611665909 0.09586992859840393 44
1747611675591 0.09597530961036682 45
1747611684796 0.09626597911119461 46
1747611694511 0.09608498215675354 47
1747611703611 0.09804952144622803 48
1747611712935 0.09637818485498428 49
