1747621958868 0.322517067193985 0
1747621969441 0.19302679598331451 1
1747621979886 0.16310101747512817 2
1747621990444 0.1391705572605133 3
1747622001277 0.11209576576948166 4
1747622012430 0.09027343988418579 5
1747622023171 0.08253524452447891 6
1747622033526 0.07619809359312057 7
1747622044173 0.06308340281248093 8
1747622055005 0.06506616622209549 9
1747622065727 0.0586601123213768 10
1747622076392 0.05071384459733963 11
1747622086738 0.04462869465351105 12
1747622097653 0.041169602423906326 13
1747622108525 0.036715876311063766 14
1747622118902 0.03692920506000519 15
1747622129076 0.03172772005200386 16
1747622139422 0.030023206025362015 17
1747622150119 0.02908944897353649 18
1747622161215 0.03043665736913681 19
1747622171834 0.028116701170802116 20
1747622182109 0.027618911117315292 21
1747622192254 0.02697743847966194 22
1747622203316 0.024483459070324898 23
1747622214448 0.02517961896955967 24
1747622225008 0.0231858491897583 25
1747622235778 0.024609988555312157 26
1747622246841 0.024303680285811424 27
1747622257726 0.0250715184956789 28
1747622268274 0.0233549103140831 29
1747622278526 0.024639757350087166 30
1747622288962 0.022059062495827675 31
1747622299071 0.021563611924648285 32
1747622309507 0.020626429468393326 33
1747622320211 0.020518796518445015 34
1747622330716 0.020290696993470192 35
1747622341539 0.019836489111185074 36
1747622352445 0.018334886059165 37
1747622363449 0.01843431405723095 38
1747622374056 0.01906517893075943 39
1747622384812 0.01739124208688736 40
1747622395899 0.017357924953103065 41
1747622406937 0.02242918126285076 42
1747622417377 0.02100052684545517 43
1747622427834 0.018063105642795563 44
1747622438053 0.017000814899802208 45
1747622448905 0.016460483893752098 46
1747622459146 0.017682820558547974 47
1747622470176 0.016894781962037086 48
1747622481343 0.01603573001921177 49
