1747621958869 0.4775390841667732 0
1747621969442 0.14360637663868153 1
1747621979888 0.12703380652310906 2
1747621990445 0.09826109191482647 3
1747622001278 0.07362825137724374 4
1747622012431 0.05785223252367663 5
1747622023173 0.053168051177489684 6
1747622033528 0.04978662040430367 7
1747622044174 0.04143766209926162 8
1747622055007 0.04069285810740846 9
1747622065728 0.0330459724005217 10
1747622076394 0.02552868024458253 11
1747622086739 0.019758173409571554 12
1747622097654 0.01573533397307213 13
1747622108527 0.012938283127999826 14
1747622118904 0.013195268596383218 15
1747622129078 0.009900302179712654 16
1747622139424 0.0090964296590481 17
1747622150121 0.009304249081842703 18
1747622161217 0.010675898254598028 19
1747622171836 0.00971566449212369 20
1747622182110 0.009717272186357444 21
1747622192255 0.009446093373261555 22
1747622203317 0.008139776801608909 23
1747622214450 0.00882823792861444 24
1747622225010 0.007765784699274851 25
1747622235780 0.008283620548262642 26
1747622246842 0.006226177897958412 27
1747622257728 0.007248654356209362 28
1747622268275 0.00669183289800846 29
1747622278527 0.007924528202455074 30
1747622288963 0.006434422666932485 31
1747622299072 0.0065255744069886564 32
1747622309509 0.006080549778782393 33
1747622320213 0.0061398531263958 34
1747622330718 0.006224915773684582 35
1747622341540 0.005249964000645378 36
1747622352446 0.005087347680848867 37
1747622363451 0.005309656929577755 38
1747622374058 0.005749002468530118 39
1747622384813 0.004864772510625736 40
1747622395900 0.005060526063601499 41
1747622406938 0.0076989846929743505 42
1747622417379 0.005871802975016928 43
1747622427836 0.0046346635179943686 44
1747622438054 0.004255236497502161 45
1747622448906 0.004362949497388079 46
1747622459147 0.005114153178272288 47
1747622470178 0.004862824561663812 48
1747622481345 0.003980563892471609 49
