1747740179545 0.34700336472270743 0
1747740196885 0.24262346252099318 1
1747740213743 0.24044356263750885 2
1747740231098 0.2408087950514932 3
1747740248341 0.2394903004716499 4
1747740265938 0.23879942149235 5
1747740282833 0.2390288840992455 6
1747740299982 0.2382610238028343 7
1747740317216 0.23810614480644296 8
1747740334013 0.23904090403409017 9
1747740351223 0.23789824788102043 10
1747740368124 0.2381014283475589 11
1747740385226 0.23824543433814416 12
1747740402486 0.24210832398943377 13
1747740419608 0.23758831681449624 14
1747740436627 0.2382273231526028 15
1747740453758 0.24045172467406944 16
1747740471271 0.23729495780743512 17
1747740488414 0.2376586529584891 18
1747740505519 0.23770275276254887 19
1747740522650 0.23733754839754698 20
1747740540091 0.23799567005917827 21
1747740557273 0.23740109473926133 22
1747740574785 0.23725367528890204 23
1747740591889 0.238892674462451 24
1747740609443 0.23681369903458602 25
1747740626423 0.23708303960373286 26
1747740643925 0.23701176484563818 27
1747740660810 0.23847283448480694 28
1747740677970 0.2368154843582345 29
1747740694992 0.23715831000987778 30
1747740712604 0.23683122949674532 31
1747740729607 0.23780562310925263 32
1747740746697 0.23814023332065026 33
1747740764160 0.23658271820607152 34
1747740781005 0.23675085540992352 35
1747740798319 0.23948569774226053 36
1747740815268 0.23653437907563593 37
1747740832737 0.23675018600747202 38
1747740850059 0.23687089502826394 39
1747740867698 0.23640124530625461 40
1747740884846 0.23655321897375015 41
1747740902084 0.23746441744063054 42
1747740919042 0.23640981963857471 43
1747740936376 0.2364726084982845 44
1747740953283 0.24216470240373844 45
1747740970715 0.23624312588714375 46
1747740987690 0.32397910154700865 47
1747741004971 0.23671059451794513 48
1747741022230 0.2364510700273891 49
