1747586104862 0.08507914912015042 0
1747586111722 0.07364667674025359 1
1747586118963 0.06890451626242547 2
1747586126092 0.06526835919578668 3
1747586133037 0.06466986211988214 4
1747586139983 0.06277775265089848 5
1747586146928 0.06273223107934821 6
1747586153786 0.06160430405378928 7
1747586160268 0.059805025841922786 8
1747586167507 0.05762957440603204 9
1747586174097 0.05809482786990698 10
1747586180888 0.056260380332695745 11
1747586186971 0.055255296637607455 12
1747586193784 0.05429567037461949 13
1747586200695 0.052011536091929655 14
1747586207721 0.05123792966831069 15
1747586214657 0.04916231598031182 16
1747586221530 0.04756633355116476 17
1747586228424 0.04641456723162303 18
1747586234677 0.04573756781246827 19
1747586241583 0.04540458894049579 20
1747586248466 0.04500943844292701 21
1747586255630 0.044631773518697154 22
1747586262819 0.04434801630281621 23
1747586269579 0.044214260865610006 24
1747586276311 0.044109721575851 25
1747586283002 0.0438863856006421 26
1747586289852 0.0436348062077635 27
1747586296840 0.0436772651872059 28
1747586303736 0.04350995109443821 29
1747586310562 0.04350773702908943 30
1747586317820 0.043171810260054504 31
1747586325155 0.04315608337793529 32
1747586331506 0.04308122088076282 33
1747586338376 0.042894601071740014 34
1747586345155 0.042659515150451986 35
1747586352012 0.04272862360299318 36
1747586358739 0.04274128871281423 37
1747586365377 0.042773791376229185 38
1747586372462 0.04247647442693264 39
1747586379659 0.042431071514054404 40
1747586386475 0.042439142987406996 41
1747586393415 0.04225157181081699 42
1747586399818 0.042181651042598 43
1747586406808 0.04211368341259348 44
1747586413928 0.042031317997803054 45
1747586421077 0.041985625645022256 46
1747586428357 0.04188911536647616 47
1747586435264 0.04187004663824418 48
1747586442116 0.04181895514943232 49
