1747770483250 0.20965908467769623 0
1747770483495 0.6897727251052856 1
1747770483735 0.8539772629737854 2
1747770483926 0.9136363863945007 3
1747770484144 0.925000011920929 4
1747770484357 0.9238636493682861 5
1747770484602 0.9346590638160706 6
1747770484834 0.9409090876579285 7
1747770485038 0.9414772987365723 8
1747770485301 0.9448863863945007 9
1747770485590 0.9528409242630005 10
1747770485876 0.9522727131843567 11
1747770486139 0.9488636255264282 12
1747770486434 0.9505681991577148 13
1747770486733 0.9556818008422852 14
1747770486996 0.956818163394928 15
1747770487567 0.956818163394928 16
1747770488284 0.9545454382896423 17
1747770489001 0.9545454382896423 18
1747770489706 0.9522727131843567 19
1747770490387 0.956250011920929 20
1747770490575 0.9534090757369995 21
1747770490805 0.9613636136054993 22
1747770491018 0.9579545259475708 23
1747770491229 0.9590908885002136 24
1747770491442 0.9681817889213562 25
1747770491724 0.9693182110786438 26
1747770492009 0.9619318246841431 27
1747770492296 0.9636363387107849 28
1747770492584 0.9664772748947144 29
1747770492865 0.9613636136054993 30
1747770493177 0.9590908885002136 31
1747770493482 0.9676136374473572 32
1747770493780 0.9613636136054993 33
1747770494004 0.956818163394928 34
1747770494235 0.9630681872367859 35
1747770494464 0.9619318246841431 36
1747770494733 0.9704545736312866 37
1747770494964 0.9727272987365723 38
1747770495156 0.9630681872367859 39
1747770495394 0.9647727012634277 40
1747770495612 0.9653409123420715 41
1747770495821 0.9602272510528564 42
1747770496044 0.9642045497894287 43
1747770496260 0.96875 44
1747770496484 0.9676136374473572 45
1747770496695 0.9710227251052856 46
1747770496915 0.9642045497894287 47
1747770497169 0.9715909361839294 48
1747770497395 0.9664772748947144 49
