1747770483251 6.31733919744604 0
1747770483497 0.969183226225682 1
1747770483737 0.47612423142621474 2
1747770483928 0.33794622802294466 3
1747770484146 0.28799075068034047 4
1747770484359 0.26968567697533913 5
1747770484604 0.2381872178954008 6
1747770484836 0.21931131367328355 7
1747770485040 0.20991559560349302 8
1747770485304 0.19218193599959346 9
1747770485592 0.16479068421745344 10
1747770485878 0.1628660969814407 11
1747770486142 0.1620926534769455 12
1747770486436 0.15330162799925162 13
1747770486735 0.14776664830641506 14
1747770486999 0.13833870610757854 15
1747770487570 0.1307328611928675 16
1747770488286 0.12848018614247672 17
1747770489002 0.1351933024203981 18
1747770489708 0.13323104390891816 19
1747770490389 0.13715631344623636 20
1747770490577 0.1330026660868641 21
1747770490807 0.12243385930974035 22
1747770491020 0.12254853254910089 23
1747770491231 0.10994781104339797 24
1747770491444 0.10293366236426026 25
1747770491726 0.09946810012069322 26
1747770492011 0.11108195191371187 27
1747770492299 0.10996438916503429 28
1747770492587 0.10579627650408263 29
1747770492868 0.10600380412965839 30
1747770493179 0.10604587110108339 31
1747770493484 0.09489945685352184 32
1747770493783 0.10037923626920021 33
1747770494006 0.119965455559046 34
1747770494237 0.11068986948517431 35
1747770494466 0.11001043556560955 36
1747770494735 0.09152599574827391 37
1747770494966 0.08580736668673097 38
1747770495158 0.10407174075048398 39
1747770495396 0.1062606189806858 40
1747770495614 0.10346925598769643 41
1747770495823 0.10688247949274401 42
1747770496046 0.10759196993871586 43
1747770496262 0.09397293173303552 44
1747770496486 0.09736650960364242 45
1747770496697 0.08319316811800438 46
1747770496917 0.09600043812792174 47
1747770497171 0.08190835435908851 48
1747770497397 0.08786375016807327 49
