1747770829091 4673.558207127937 0
1747770829210 4578.37739444025 1
1747770829335 4202.32926695552 2
1747770829460 3107.4373244093536 3
1747770829583 1973.3864997841124 4
1747770829710 1338.6356668915146 5
1747770829836 1046.6294958366557 6
1747770829971 956.1214569519859 7
1747770830083 932.9906009462887 8
1747770830204 932.7193049860388 9
1747770830325 922.7306537787235 10
1747770830448 920.8322304637999 11
1747770830572 931.6004641292677 12
1747770830712 922.4145268406435 13
1747770830884 919.9435215038211 14
1747770831056 919.5289827332447 15
1747770831227 922.9098208757702 16
1747770831400 921.596625070404 17
1747770831572 918.1211209682193 18
1747770831744 924.2278207623528 19
1747770831915 917.4266766009296 20
1747770832086 924.7069422734938 21
1747770832259 921.5301973304497 22
1747770832431 918.8864228658939 23
1747770832602 918.3540326558831 24
1747770832774 919.3235384100761 25
1747770832946 919.4013085058563 26
1747770833120 920.3692472398662 27
1747770833243 917.393092164167 28
1747770833359 917.8180867387088 29
1747770833480 922.4448709201272 30
1747770833606 916.5968034507356 31
1747770833728 915.8311926432089 32
1747770833864 922.2545624144531 33
1747770833995 910.5125499602217 34
1747770834129 911.620205408797 35
1747770834259 905.0750619244116 36
1747770834384 878.3832377795187 37
1747770834510 833.8328725376915 38
1747770834643 779.4193298718959 39
1747770834761 691.2077432952763 40
1747770834882 582.42215548893 41
1747770835010 487.3054603657455 42
1747770835137 444.0137930202904 43
1747770835268 428.2087573284363 44
1747770835393 422.00042571375445 45
1747770835524 419.88763309516986 46
1747770835651 418.7609347011927 47
1747770835787 416.51070522625236 48
1747770835922 416.6160266579639 49
