1747770458930 33.73679733276367 0
1747770459091 29.0677490234375 1
1747770459262 25.410356521606445 2
1747770459419 23.22967529296875 3
1747770459568 22.053050994873047 4
1747770459716 21.78290367126465 5
1747770459869 21.6926212310791 6
1747770460022 21.57742691040039 7
1747770460175 21.441503524780273 8
1747770460331 21.389577865600586 9
1747770460486 21.3647518157959 10
1747770460639 21.293598175048828 11
1747770460793 21.23605728149414 12
1747770460948 21.202781677246094 13
1747770461109 21.136146545410156 14
1747770461270 21.12289810180664 15
1747770461431 21.070201873779297 16
1747770461601 21.002586364746094 17
1747770461821 20.96040153503418 18
1747770462043 20.908300399780273 19
1747770462268 20.882110595703125 20
1747770462490 20.758438110351562 21
1747770462711 20.66848373413086 22
1747770462936 20.474225997924805 23
1747770463161 20.21381187438965 24
1747770463391 19.90529441833496 25
1747770463620 19.520977020263672 26
1747770463840 18.9974365234375 27
1747770464057 18.46917152404785 28
1747770464195 18.111509323120117 29
1747770464345 17.755626678466797 30
1747770464501 17.480525970458984 31
1747770464652 17.34319305419922 32
1747770464809 17.239734649658203 33
1747770464967 17.153291702270508 34
1747770465121 17.138877868652344 35
1747770465275 17.071918487548828 36
1747770465432 16.97596549987793 37
1747770465587 16.84235382080078 38
1747770465741 16.710704803466797 39
1747770465903 16.589263916015625 40
1747770466070 16.45002555847168 41
1747770466213 16.309961318969727 42
1747770466360 16.141830444335938 43
1747770466512 15.986150741577148 44
1747770466669 15.861200332641602 45
1747770466821 15.750237464904785 46
1747770466976 15.65163516998291 47
1747770467136 15.564614295959473 48
1747770467295 15.482210159301758 49
