1743756758207 0.911133348941803 0
1743756782214 0.9546666741371155 1
1743756806299 0.9664499759674072 2
1743756830034 0.9719666838645935 3
1743756853693 0.9761999845504761 4
1743756877570 0.9786166548728943 5
1743756901509 0.9802666902542114 6
1743756925340 0.9839333295822144 7
1743756949225 0.9840333461761475 8
1743756973167 0.9860000014305115 9
1743756996980 0.9879166483879089 10
1743757020890 0.9876833558082581 11
1743757044894 0.9884666800498962 12
1743757068651 0.9891166687011719 13
1743757092457 0.9901166558265686 14
1743757116406 0.9910666942596436 15
1743757140051 0.9905833601951599 16
1743757163849 0.9911999702453613 17
1743757187622 0.9921833276748657 18
1743757211559 0.9919166564941406 19
1743757235601 0.9922833442687988 20
1743757259320 0.9933000206947327 21
1743757283173 0.9931666851043701 22
1743757306930 0.993066668510437 23
1743757330702 0.9938333630561829 24
1743757354479 0.993066668510437 25
1743757378111 0.9947166442871094 26
1743757401756 0.9928833246231079 27
1743757425494 0.9956666827201843 28
1743757449161 0.994616687297821 29
1743757473099 0.9946333169937134 30
1743757496830 0.9949666857719421 31
1743757520800 0.9949333071708679 32
1743757544695 0.9946666955947876 33
1743757568468 0.9956499934196472 34
1743757592372 0.9952666759490967 35
1743757616221 0.9947500228881836 36
1743757639852 0.9959166646003723 37
1743757663796 0.9952499866485596 38
1743757687717 0.9958999752998352 39
1743757759203 0.9956333041191101 40
1743757842956 0.9961666464805603 41
1743757927099 0.9947999715805054 42
1743758011344 0.9959666728973389 43
1743758095310 0.9965333342552185 44
1743758179356 0.9959999918937683 45
1743758263594 0.9957000017166138 46
1743758347395 0.996066689491272 47
1743758419581 0.9975666403770447 48
1743758443411 0.9958333373069763 49
