1743756758208 0.2999708615224897 0
1743756782215 0.15154511458906647 1
1743756806300 0.11074625376707377 2
1743756830035 0.08970032415819794 3
1743756853694 0.07603791020483826 4
1743756877571 0.0686508435889253 5
1743756901510 0.0620093864728606 6
1743756925341 0.051027108387785625 7
1743756949226 0.049882669592234995 8
1743756973168 0.04301899898000577 9
1743756996981 0.03818873939842301 10
1743757020891 0.036617861421175256 11
1743757044895 0.03459390020076859 12
1743757068652 0.03265992006759001 13
1743757092458 0.029973215470586644 14
1743757116407 0.027807822033948704 15
1743757140052 0.02784310570534061 16
1743757163850 0.02531019405261481 17
1743757187623 0.024140340655401053 18
1743757211560 0.023782025371514394 19
1743757235602 0.022567494182145584 20
1743757259321 0.019673145703342367 21
1743757283174 0.019568773534054375 22
1743757306931 0.019933758187983843 23
1743757330702 0.018508155280218125 24
1743757354480 0.02093485621594433 25
1743757378112 0.015270131745897602 26
1743757401757 0.021591679806382734 27
1743757425495 0.013160870015637892 28
1743757449162 0.01711420916108965 29
1743757473100 0.016199989560046167 30
1743757496831 0.014857598374672317 31
1743757520801 0.015781140396661265 32
1743757544696 0.016159111225997523 33
1743757568469 0.011884505847680882 34
1743757592373 0.014046710790771137 35
1743757616222 0.015254899830853185 36
1743757639853 0.012132075922052279 37
1743757663797 0.013947618881068206 38
1743757687718 0.012343547135584934 39
1743757759203 0.01332652465908291 40
1743757842957 0.010972867008362565 41
1743757927100 0.016066707602932696 42
1743758011345 0.012159564422229973 43
1743758095310 0.01017749987387169 44
1743758179357 0.012220584453084427 45
1743758263595 0.013167564937188143 46
1743758347396 0.013114358700069828 47
1743758419582 0.007877553121456462 48
1743758443411 0.01272354415099393 49
