1743927898864 0.26667300162213853 0
1743927921759 0.25137844023241857 1
1743927944703 0.2404188638630801 2
1743927967724 0.22844621015236388 3
1743927990961 0.2237390501725555 4
1743928014072 0.220172678641369 5
1743928037132 0.21622784894397634 6
1743928060171 0.21193551545168082 7
1743928082883 0.20840137043767146 8
1743928105677 0.2040930514993008 9
1743928128686 0.2001986674214359 10
1743928151796 0.19673719682822402 11
1743928174612 0.19370399638939875 12
1743928197625 0.1907580368226523 13
1743928220610 0.18793371377676693 14
1743928243589 0.18550610409255283 15
1743928266640 0.183585729907977 16
1743928289558 0.1818358386779645 17
1743928312749 0.18040471835084868 18
1743928335913 0.17900535856386976 19
1743928358965 0.17764563088310303 20
1743928382055 0.1764839559243647 21
1743928405138 0.1755170670698568 22
1743928428270 0.17417508677487145 23
1743928451091 0.17329347503459072 24
1743928473792 0.17255779584429004 25
1743928496637 0.1716228710783052 26
1743928519840 0.17073840097509466 27
1743928542862 0.170120638659673 28
1743928565816 0.16925526034820074 29
1743928588630 0.16851917099585423 30
1743928611577 0.16788140729354759 31
1743928634403 0.16720641690367125 32
1743928657332 0.1666057100008075 33
1743928680211 0.16623520500780364 34
1743928702994 0.16509723173318297 35
1743928725909 0.16479307100158583 36
1743928748982 0.16440391056919693 37
1743928772111 0.1637290181930458 38
1743928795109 0.163211591108743 39
1743928818323 0.16271713239465208 40
1743928841443 0.16242970496611156 41
1743928864445 0.16207240410177162 42
1743928887400 0.16135663979928222 43
1743928910273 0.161103474107351 44
1743928933184 0.16105024805173093 45
1743928955929 0.16030231944055257 46
1743928978890 0.1599136085864211 47
1743929002138 0.1599308160677345 48
1743929025206 0.1592097010894213 49
