1743927898863 0.318705290555954 0
1743927921758 0.2967742085456848 1
1743927944701 0.2850649952888489 2
1743927967722 0.27510014176368713 3
1743927990959 0.27049633860588074 4
1743928014071 0.26708289980888367 5
1743928037131 0.2638775706291199 6
1743928060170 0.260297954082489 7
1743928082881 0.2576940953731537 8
1743928105676 0.25420284271240234 9
1743928128684 0.2510204017162323 10
1743928151795 0.24846524000167847 11
1743928174610 0.24638411402702332 12
1743928197624 0.24415971338748932 13
1743928220608 0.24174630641937256 14
1743928243588 0.23985165357589722 15
1743928266638 0.23846568167209625 16
1743928289557 0.23710893094539642 17
1743928312747 0.2359534651041031 18
1743928335911 0.23501625657081604 19
1743928358964 0.2339680939912796 20
1743928382054 0.23289847373962402 21
1743928405136 0.23223954439163208 22
1743928428269 0.23099996149539948 23
1743928451089 0.23030024766921997 24
1743928473790 0.22967669367790222 25
1743928496636 0.22875045239925385 26
1743928519839 0.22794510424137115 27
1743928542860 0.2273605465888977 28
1743928565815 0.22660820186138153 29
1743928588628 0.22599534690380096 30
1743928611576 0.2252626121044159 31
1743928634401 0.22494646906852722 32
1743928657331 0.22434787452220917 33
1743928680210 0.2240745723247528 34
1743928702992 0.2228974848985672 35
1743928725907 0.22288666665554047 36
1743928748981 0.22237488627433777 37
1743928772110 0.22188511490821838 38
1743928795108 0.22133399546146393 39
1743928818321 0.2209315001964569 40
1743928841441 0.22074133157730103 41
1743928864444 0.220388263463974 42
1743928887398 0.21971780061721802 43
1743928910272 0.21954789757728577 44
1743928933183 0.21947824954986572 45
1743928955928 0.21879349648952484 46
1743928978888 0.2185956835746765 47
1743929002137 0.21872971951961517 48
1743929025205 0.21811175346374512 49
