1743775286603 0.3142699835509191 0
1743775424658 0.14463579347656058 1
1743775562879 0.106756678285013 2
1743775700754 0.09060032638473448 3
1743775838990 0.07825750680858216 4
1743775977413 0.06596110038178744 5
1743776021874 0.05909403968684274 6
1743776046603 0.05342113208917219 7
1743776071460 0.045807980794563524 8
1743776096311 0.046319274590648093 9
1743776121170 0.04440359069546428 10
1743776145979 0.03541036566469633 11
1743776170726 0.03790262840067179 12
1743776195839 0.030484945604579112 13
1743776220617 0.03529178456948192 14
1743776245581 0.03058511168523886 15
1743776270661 0.02774961249431855 16
1743776295390 0.02937803978013764 17
1743776320048 0.025507105841104712 18
1743776344994 0.02537950400902097 19
1743776369824 0.025409405888766837 20
1743776394779 0.023913157828549383 21
1743776419378 0.02077544448315712 22
1743776444003 0.026003279461324937 23
1743776468723 0.022263483169425554 24
1743776493415 0.020177729598077856 25
1743776518192 0.020884298372451808 26
1743776543016 0.020985607954955004 27
1743776567729 0.018700678308842148 28
1743776592300 0.022627896107049347 29
1743776617111 0.02218450497191051 30
1743776641893 0.014277423352820036 31
1743776666572 0.019821697823564147 32
1743776691269 0.01867402324941403 33
1743776716030 0.020022305344153855 34
1743776741007 0.017056069411668238 35
1743776765677 0.019540300941003542 36
1743776790367 0.014409554228252639 37
1743776815153 0.018515009260117427 38
1743776839900 0.019296321662047828 39
1743776864461 0.012368234483267551 40
1743776889140 0.020858406309258015 41
1743776913891 0.014797877182022055 42
1743776938664 0.018547169849906182 43
1743776963482 0.015692499942864774 44
1743776988309 0.015913037948246743 45
1743777013006 0.012559297700980881 46
1743777037620 0.01620647584761622 47
1743777062335 0.013086924830385429 48
1743777087064 0.02107028800013136 49
