1743775286602 0.9013833403587341 0
1743775424657 0.9555166959762573 1
1743775562878 0.9674833416938782 2
1743775700753 0.9722333550453186 3
1743775838989 0.9748666882514954 4
1743775977413 0.9789666533470154 5
1743776021873 0.9812166690826416 6
1743776046602 0.9829166531562805 7
1743776071459 0.9851333498954773 8
1743776096310 0.9850666522979736 9
1743776121169 0.9849500060081482 10
1743776145978 0.9886500239372253 11
1743776170725 0.987583339214325 12
1743776195838 0.989883303642273 13
1743776220616 0.9885500073432922 14
1743776245580 0.990149974822998 15
1743776270660 0.9904999732971191 16
1743776295389 0.9905499815940857 17
1743776320047 0.9922333359718323 18
1743776344993 0.9918000102043152 19
1743776369823 0.9920833110809326 20
1743776394778 0.9925666451454163 21
1743776419377 0.9932166934013367 22
1743776444002 0.9919000267982483 23
1743776468722 0.9929333329200745 24
1743776493414 0.9935500025749207 25
1743776518191 0.9937999844551086 26
1743776543015 0.9935333132743835 27
1743776567728 0.9945666790008545 28
1743776592299 0.9933833479881287 29
1743776617110 0.9936000108718872 30
1743776641892 0.9955000281333923 31
1743776666571 0.9937999844551086 32
1743776691268 0.9946500062942505 33
1743776716029 0.9940333366394043 34
1743776741006 0.9947166442871094 35
1743776765676 0.9942666888237 36
1743776790366 0.9959666728973389 37
1743776815152 0.994700014591217 38
1743776839899 0.994350016117096 39
1743776864460 0.9962499737739563 40
1743776889139 0.9941999912261963 41
1743776913890 0.9958000183105469 42
1743776938664 0.9943666458129883 43
1743776963481 0.9957333207130432 44
1743776988308 0.9954500198364258 45
1743777013005 0.9967833161354065 46
1743777037619 0.9950500130653381 47
1743777062334 0.9961833357810974 48
1743777087063 0.9950000047683716 49
