1747771034908 0.1869318187236786 0
1747771035146 0.41988635063171387 1
1747771035415 0.5778409242630005 2
1747771035698 0.7454545497894287 3
1747771036074 0.8295454382896423 4
1747771036461 0.862500011920929 5
1747771036788 0.887499988079071 6
1747771037136 0.9193181991577148 7
1747771037498 0.9227272868156433 8
1747771037885 0.9329545497894287 9
1747771038254 0.9448863863945007 10
1747771038472 0.9448863863945007 11
1747771038731 0.949999988079071 12
1747771039028 0.956250011920929 13
1747771039329 0.9448863863945007 14
1747771039631 0.9443181753158569 15
1747771039936 0.949431836605072 16
1747771040244 0.9602272510528564 17
1747771040556 0.9585227370262146 18
1747771040880 0.9613636136054993 19
1747771041186 0.9539772868156433 20
1747771041495 0.9545454382896423 21
1747771041802 0.9630681872367859 22
1747771042155 0.9602272510528564 23
1747771042539 0.956250011920929 24
1747771042945 0.9624999761581421 25
1747771043298 0.9636363387107849 26
1747771043684 0.9613636136054993 27
1747771044062 0.9619318246841431 28
1747771044385 0.9676136374473572 29
1747771044660 0.9670454263687134 30
1747771044951 0.9619318246841431 31
1747771045254 0.9624999761581421 32
1747771045553 0.9613636136054993 33
1747771045859 0.956818163394928 34
1747771046166 0.9710227251052856 35
1747771046478 0.9670454263687134 36
1747771046779 0.9664772748947144 37
1747771047084 0.9624999761581421 38
1747771047391 0.9647727012634277 39
1747771047700 0.9750000238418579 40
1747771048015 0.9664772748947144 41
1747771048366 0.9732954502105713 42
1747771048724 0.9801136255264282 43
1747771049062 0.9750000238418579 44
1747771049424 0.9732954502105713 45
1747771049799 0.9738636612892151 46
1747771050124 0.9721590876579285 47
1747771050483 0.9715909361839294 48
1747771050810 0.9642045497894287 49
