1747771034910 3.2213482901693977 0
1747771035149 2.1709970566188583 1
1747771035417 1.6142074675993265 2
1747771035701 1.0401566889135039 3
1747771036077 0.720545749158268 4
1747771036464 0.4864598344784406 5
1747771036791 0.3283470400301133 6
1747771037139 0.2259971786821384 7
1747771037501 0.20667444055527814 8
1747771037888 0.18703405384986757 9
1747771038256 0.16225454660564465 10
1747771038474 0.15190812307497406 11
1747771038733 0.13852568583665356 12
1747771039031 0.12472431557334082 13
1747771039331 0.13526275880409067 14
1747771039634 0.13533010961721836 15
1747771039939 0.13310642672890463 16
1747771040247 0.11421246275653694 17
1747771040558 0.10531497532096347 18
1747771040882 0.10235502752883538 19
1747771041189 0.12546498718359672 20
1747771041497 0.11364667752445554 21
1747771041804 0.09435942589599075 22
1747771042159 0.10352582815626346 23
1747771042544 0.11593330660871722 24
1747771042948 0.08809249374044932 25
1747771043301 0.0970173391394187 26
1747771043688 0.09913636029551386 27
1747771044065 0.09999396235326226 28
1747771044388 0.08277452348133284 29
1747771044662 0.08451472530331372 30
1747771044953 0.09252603015222016 31
1747771045256 0.1049994082390002 32
1747771045556 0.09688274886887012 33
1747771045861 0.10739380790648469 34
1747771046169 0.08479434698920593 35
1747771046480 0.08116762955898878 36
1747771046781 0.08285219027214454 37
1747771047087 0.09188883319120367 38
1747771047393 0.08943807286156435 39
1747771047703 0.06928205755614779 40
1747771048017 0.08212709738474869 41
1747771048369 0.07144587320438614 42
1747771048727 0.059251015380078605 43
1747771049065 0.07208098733531905 44
1747771049427 0.07881919978309355 45
1747771049802 0.06715838121243387 46
1747771050127 0.0730223789522608 47
1747771050486 0.07334187735944704 48
1747771050812 0.08213716901248261 49
