1743943078305 0.3299240171909332 0
1743943102485 0.31849974393844604 1
1743943126816 0.3112218976020813 2
1743943150931 0.2803621292114258 3
1743943175217 0.26055487990379333 4
1743943199442 0.24493126571178436 5
1743943223789 0.23558230698108673 6
1743943247756 0.2274819016456604 7
1743943272278 0.22187498211860657 8
1743943296687 0.21593956649303436 9
1743943320974 0.2296614646911621 10
1743943345253 0.21156281232833862 11
1743943369537 0.2066289782524109 12
1743943393739 0.20327772200107574 13
1743943418110 0.20004276931285858 14
1743943442692 0.1977378875017166 15
1743943467174 0.19545310735702515 16
1743943491504 0.19280168414115906 17
1743943515966 0.19060900807380676 18
1743943540190 0.18880897760391235 19
1743943564646 0.18652690947055817 20
1743943588909 0.18554872274398804 21
1743943613073 0.18309232592582703 22
1743943637399 0.18133535981178284 23
1743943661870 0.1796051263809204 24
1743943686164 0.17727603018283844 25
1743943710520 0.1771746128797531 26
1743943734967 0.17428810894489288 27
1743943759608 0.17247065901756287 28
1743943784053 0.17164695262908936 29
1743943808268 0.17036019265651703 30
1743943832398 0.16883493959903717 31
1743943856751 0.16782011091709137 32
1743943881234 0.16685783863067627 33
1743943905649 0.16596446931362152 34
1743943929792 0.1649167239665985 35
1743943954068 0.17415323853492737 36
1743943978536 0.16376645863056183 37
1743944002891 0.16215310990810394 38
1743944027491 0.1614128202199936 39
1743944051866 0.16070249676704407 40
1743944076336 0.15958966314792633 41
1743944100713 0.1589169055223465 42
1743944124895 0.15842866897583008 43
1743944149332 0.20787204802036285 44
1743944173591 0.2023986428976059 45
1743944197912 0.18821275234222412 46
1743944222051 0.18102304637432098 47
1743944246225 0.17699368298053741 48
1743944270632 0.17418871819972992 49
