1743943078307 0.2775988294985895 0
1743943102487 0.2667919436263159 1
1743943126817 0.261044650758368 2
1743943150932 0.23334302022421943 3
1743943175218 0.2097613465154373 4
1743943199443 0.19125622042845664 5
1743943223790 0.1807495852715909 6
1743943247758 0.17166663881381047 7
1743943272279 0.16467456271169864 8
1743943296689 0.1578103964908086 9
1743943320975 0.525162136072894 10
1743943345254 0.15226729289622226 11
1743943369539 0.1473172863463087 12
1743943393741 0.14345487044835895 13
1743943418111 0.13991730555116386 14
1743943442694 0.13689873877973227 15
1743943467176 0.13406664893747652 16
1743943491505 0.131226383642276 17
1743943515967 0.12848585158847847 18
1743943540192 0.12604674487663275 19
1743943564648 0.1235282807087206 20
1743943588911 0.12195307438671475 21
1743943613074 0.1191853779697631 22
1743943637400 0.11689256433794232 23
1743943661871 0.11495630952031305 24
1743943686165 0.11281470687675467 25
1743943710521 0.11185662529395979 26
1743943734969 0.10949302380682698 27
1743943759610 0.10747393429742677 28
1743943784055 0.10632353167710741 29
1743943808270 0.10499742887259243 30
1743943832400 0.10365067589703983 31
1743943856752 0.10251978212621154 32
1743943881235 0.10146521571877488 33
1743943905650 0.10046346247765109 34
1743943929793 0.09955326526931842 35
1743943954070 0.10644452614004207 36
1743943978537 0.09834885184402038 37
1743944002893 0.09694872923060022 38
1743944027492 0.09606737235495928 39
1743944051868 0.09515522423723416 40
1743944076337 0.09440830336330906 41
1743944100715 0.0935180174021897 42
1743944124896 0.0931151710295766 43
1743944149333 1.4268199365498044 44
1743944173593 0.13254419016656402 45
1743944197913 0.11836395474440412 46
1743944222053 0.1119150976036336 47
1743944246227 0.108294025316504 48
1743944270634 0.1056143087055011 49
