1747638806173 0.504142165184021 0
1747638816602 0.6279420256614685 1
1747638826690 0.42719319462776184 2
1747638837370 0.29010844230651855 3
1747638847690 0.21517536044120789 4
1747638857729 0.16643927991390228 5
1747638868012 0.1522953063249588 6
1747638879405 0.13553176820278168 7
1747638889482 0.12845225632190704 8
1747638899878 0.1290934830904007 9
1747638909965 0.11288738995790482 10
1747638920121 0.11441618949174881 11
1747638930705 0.1028180867433548 12
1747638940884 0.09230959415435791 13
1747638951382 0.0851520523428917 14
1747638961980 0.0841335579752922 15
1747638971971 0.10324715077877045 16
1747638982443 0.08416467905044556 17
1747638992774 0.08054431527853012 18
1747639002601 0.0714603140950203 19
1747639013321 0.06740166246891022 20
1747639023481 0.06468193978071213 21
1747639033331 0.06084379181265831 22
1747639043958 0.05959659814834595 23
1747639054144 0.061311088502407074 24
1747639064479 0.05976155027747154 25
1747639074773 0.053510572761297226 26
1747639084577 0.0497443713247776 27
1747639094901 0.0936807170510292 28
1747639105707 0.08872280269861221 29
1747639115957 0.07397396862506866 30
1747639126332 0.059146616607904434 31
1747639136816 0.052957382053136826 32
1747639146765 0.05224006623029709 33
1747639156967 0.06792587786912918 34
1747639167257 0.05326893925666809 35
1747639177186 0.05465067923069 36
1747639187717 0.05558011680841446 37
1747639198026 0.06335721164941788 38
1747639208132 0.05476321280002594 39
1747639218322 0.04989267885684967 40
1747639228886 0.047295890748500824 41
1747639239035 0.04358125105500221 42
1747639249769 0.04597020521759987 43
1747639260244 0.04070764407515526 44
1747639270407 0.03701011463999748 45
1747639281014 0.03631787747144699 46
1747639291695 0.03562041372060776 47
1747639301949 0.03762832656502724 48
1747639312190 0.03559509664773941 49
