1747601350491 0.2241438281037051 0
1747601358909 0.015479411057815445 1
1747601367348 0.0031099899608863888 2
1747601376359 0.0020399922461420104 3
1747601384910 0.0016343596687591012 4
1747601393836 0.0016596371184898317 5
1747601402797 0.0014941197534299715 6
1747601411571 0.0014285869208256852 7
1747601420798 0.0012144901675638293 8
1747601429290 0.0011680182534844056 9
1747601437733 0.0010728483884033864 10
1747601446341 0.0010673604474728635 11
1747601454860 0.000974419840048703 12
1747601463746 0.0009303705544394011 13
1747601472718 0.0009230438514573172 14
1747601481474 0.000863172197361651 15
1747601490329 0.0007452399966667968 16
1747601499052 0.0007373677423508567 17
1747601507613 0.0007338718724260907 18
1747601516320 0.0006935075403319498 19
1747601524944 0.0006561493792709618 20
1747601533815 0.0007873681106372386 21
1747601542650 0.0006594158882342287 22
1747601551299 0.0006312388527344088 23
1747601560406 0.0005956202945603324 24
1747601569009 0.0005892697113453456 25
1747601577437 0.00054204171860688 26
1747601586242 0.0005810508652982696 27
1747601594805 0.0005128867109831169 28
1747601603613 0.0005197734155669741 29
1747601612310 0.0005676918421101117 30
1747601620735 0.0004862489736041625 31
1747601629579 0.0004891127097540049 32
1747601638136 0.0004508464119160568 33
1747601646882 0.0004486736462065024 34
1747601655934 0.0004248721978911753 35
1747601664518 0.0004678520346993268 36
1747601673343 0.0005112335279769596 37
1747601682323 0.00037111728937282243 38
1747601690324 0.0004119433173446937 39
1747601699010 0.0004581026847438145 40
1747601707934 0.0004251463500972453 41
1747601716466 0.00038400611836149784 42
1747601725484 0.000382698786648804 43
1747601734165 0.0003461754111914372 44
1747601742802 0.0004106703035733906 45
1747601751604 0.000365658571089852 46
1747601760010 0.0003498484629599047 47
1747601769010 0.000436342475741567 48
1747601777852 0.0003657220603153701 49
