1747770537585 957.9236917485706 0
1747770537710 489.47133504791515 1
1747770537833 285.0677489479494 2
1747770537956 164.18128922932718 3
1747770538087 112.29934150482647 4
1747770538223 78.50840264807847 5
1747770538355 43.72287239422092 6
1747770538494 15.313766684769137 7
1747770538635 9.416370916220135 8
1747770538816 8.002668997519862 9
1747770538996 7.215137146996985 10
1747770539179 6.531018884144162 11
1747770539359 6.003489492348355 12
1747770539548 5.434531978312615 13
1747770539734 5.126645037063363 14
1747770539922 4.644064834532985 15
1747770540111 4.220697583934553 16
1747770540293 3.880157841076681 17
1747770540476 3.5773029511355685 18
1747770540658 3.2632199472601227 19
1747770540843 2.9803247151097456 20
1747770541021 2.6551214827166416 21
1747770541168 2.398954095282971 22
1747770541287 2.100558700805411 23
1747770541410 1.866871079648081 24
1747770541536 1.6239725714888666 25
1747770541669 1.3960841872504344 26
1747770541806 1.222087751422281 27
1747770541947 1.0425350395008086 28
1747770542080 0.8999036880011806 29
1747770542221 0.8175291700084797 30
1747770542350 0.7287031657283487 31
1747770542470 0.6640830494284771 32
1747770542590 0.606903392371106 33
1747770542745 0.5546812011553922 34
1747770542887 0.5125917392766551 35
1747770543014 0.5046720745261647 36
1747770543135 0.46338816457661614 37
1747770543256 0.4402903234696996 38
1747770543378 0.4115873598262069 39
1747770543502 0.40118933684282626 40
1747770543626 0.3856365686678514 41
1747770543753 0.3821833031455628 42
1747770543887 0.3586843286136823 43
1747770544022 0.3384942688298224 44
1747770544151 0.3229549037824179 45
1747770544283 0.33012084153981874 46
1747770544412 0.3352840757867754 47
1747770544548 0.30043126799834613 48
1747770544677 0.31956136802156265 49
