1743930388282 0.2574461676381976 0
1743930411090 0.2461398167423654 1
1743930433987 0.23860448580156074 2
1743930456982 0.22877270167938157 3
1743930479916 0.22515799182644483 4
1743930502925 0.2176314236980636 5
1743930525762 0.21080024042746026 6
1743930548537 0.20633876202115128 7
1743930571432 0.2017525069071483 8
1743930594398 0.19864410155614867 9
1743930617300 0.19612926097870173 10
1743930640296 0.19367545068550093 11
1743930663389 0.19182057632130134 12
1743930686416 0.18985018512990817 13
1743930709409 0.18816755663812462 14
1743930731994 0.1868576687140706 15
1743930755037 0.1853146017084396 16
1743930778069 0.18376623574127435 17
1743930801036 0.1824446185770308 18
1743930824288 0.18119146494788052 19
1743930847308 0.1798094272622602 20
1743930870495 0.1785774589752966 21
1743930893389 0.17693124200526897 22
1743930916433 0.1758216195948583 23
1743930939418 0.17441257273761723 24
1743930962529 0.1733094728210866 25
1743930985570 0.1724792216022659 26
1743931008476 0.17157223319736517 27
1743931031407 0.17072185251676045 28
1743931054293 0.1699986541565461 29
1743931077238 0.1692246810334333 30
1743931100264 0.16836356562363852 31
1743931123258 0.16748689321833396 32
1743931146054 0.16691139431715407 33
1743931169075 0.16574047218867594 34
1743931191924 0.16518142255583113 35
1743931215107 0.1644475465403708 36
1743931237974 0.16366240263962267 37
1743931260682 0.16290608891254987 38
1743931283464 0.16216147222796054 39
1743931306228 0.16137542032757368 40
1743931329112 0.16080346546575489 41
1743931352105 0.16002469790564708 42
1743931375293 0.15987679272260463 43
1743931398410 0.15904454054887043 44
1743931421477 0.15863647342540854 45
1743931444661 0.15782546232315803 46
1743931467753 0.15732151055890461 47
1743931490922 0.15749513600546627 48
1743931513903 0.15648902067551004 49
