1743930388280 0.30554500222206116 0
1743930411089 0.28992703557014465 1
1743930433985 0.28432708978652954 2
1743930456981 0.27564144134521484 3
1743930479915 0.2735128104686737 4
1743930502923 0.26774218678474426 5
1743930525761 0.261520653963089 6
1743930548536 0.2578340768814087 7
1743930571431 0.25407251715660095 8
1743930594397 0.251689612865448 9
1743930617298 0.24970994889736176 10
1743930640295 0.247323676943779 11
1743930663387 0.24579870700836182 12
1743930686415 0.24444901943206787 13
1743930709407 0.2430507242679596 14
1743930731993 0.24206313490867615 15
1743930755036 0.24103643000125885 16
1743930778067 0.23977278172969818 17
1743930801035 0.238612562417984 18
1743930824286 0.23772011697292328 19
1743930847307 0.23642174899578094 20
1743930870494 0.2352418750524521 21
1743930893387 0.23369985818862915 22
1743930916432 0.23270782828330994 23
1743930939417 0.23122550547122955 24
1743930962527 0.23016639053821564 25
1743930985568 0.2294236421585083 26
1743931008475 0.22842857241630554 27
1743931031405 0.22746987640857697 28
1743931054291 0.22677810490131378 29
1743931077236 0.22608600556850433 30
1743931100263 0.2253359854221344 31
1743931123257 0.22440364956855774 32
1743931146053 0.22413858771324158 33
1743931169074 0.2230178564786911 34
1743931191923 0.22239962220191956 35
1743931215105 0.22198829054832458 36
1743931237972 0.22124336659908295 37
1743931260681 0.2206166684627533 38
1743931283463 0.21996042132377625 39
1743931306227 0.21922467648983002 40
1743931329111 0.2189525067806244 41
1743931352104 0.218183234333992 42
1743931375292 0.21851575374603271 43
1743931398408 0.21730558574199677 44
1743931421476 0.21708868443965912 45
1743931444659 0.216378852725029 46
1743931467752 0.21602603793144226 47
1743931490921 0.21634837985038757 48
1743931513901 0.21525193750858307 49
