1743939370439 0.3043017089366913 0
1743939394674 0.2762605845928192 1
1743939419106 0.2661139667034149 2
1743939443452 0.25481823086738586 3
1743939467879 0.2435394823551178 4
1743939492140 0.2356179803609848 5
1743939516565 0.229452982544899 6
1743939540714 0.22408288717269897 7
1743939565353 0.2192912995815277 8
1743939589579 0.2151949405670166 9
1743939613770 0.21122655272483826 10
1743939638126 0.2085082232952118 11
1743939662469 0.3639599084854126 12
1743939686760 0.2506701648235321 13
1743939710768 0.23223179578781128 14
1743939734982 0.2235672026872635 15
1743939759288 0.217559352517128 16
1743939783521 0.2131941318511963 17
1743939808064 0.20978273451328278 18
1743939832424 0.20692893862724304 19
1743939856556 0.20463106036186218 20
1743939881074 0.2026025354862213 21
1743939905437 0.2009262591600418 22
1743939929777 0.19978450238704681 23
1743939954310 0.19736608862876892 24
1743939978560 0.19563524425029755 25
1743940002830 0.19404928386211395 26
1743940026829 0.19271375238895416 27
1743940051123 0.191034734249115 28
1743940075295 0.18972498178482056 29
1743940099558 0.18849585950374603 30
1743940123700 0.1865377575159073 31
1743940147929 0.18616504967212677 32
1743940172085 0.1842706799507141 33
1743940196241 0.18374323844909668 34
1743940220486 0.1822541505098343 35
1743940244395 0.18084196746349335 36
1743940268509 0.17971773445606232 37
1743940292919 0.1781148910522461 38
1743940317360 0.17783457040786743 39
1743940341466 0.17677520215511322 40
1743940365753 0.1753477305173874 41
1743940389736 0.1741524189710617 42
1743940413998 0.17305393517017365 43
1743940438351 0.1722896844148636 44
1743940462994 0.17142221331596375 45
1743940487491 0.17039433121681213 46
1743940511782 0.1699918657541275 47
1743940536213 0.16858446598052979 48
1743940560728 0.16872695088386536 49
