1743785673068 0.6187499761581421 0
1743785844187 0.909850001335144 1
1743786015817 0.9353833198547363 2
1743786187230 0.9458000063896179 3
1743786358546 0.9539166688919067 4
1743786530126 0.9600666761398315 5
1743786701515 0.9634833335876465 6
1743786873372 0.9637166857719421 7
1743787044408 0.9676333069801331 8
1743787215409 0.9694166779518127 9
1743787387005 0.9717833399772644 10
1743787498310 0.9731500148773193 11
1743787523547 0.9734500050544739 12
1743787548724 0.9748833179473877 13
1743787573849 0.9771666526794434 14
1743787599256 0.9780666828155518 15
1743787624667 0.9770833253860474 16
1743787649806 0.9797000288963318 17
1743787674936 0.9799500107765198 18
1743787700264 0.98089998960495 19
1743787725356 0.9813666939735413 20
1743787750490 0.9811499714851379 21
1743787775755 0.9826666712760925 22
1743787800891 0.9828166961669922 23
1743787826215 0.9843000173568726 24
1743787851548 0.9850999712944031 25
1743787876846 0.9839500188827515 26
1743787902088 0.9847999811172485 27
1743787927408 0.9855499863624573 28
1743787952637 0.985883355140686 29
1743787978191 0.9862333536148071 30
1743788003589 0.9878666400909424 31
1743788028845 0.98580002784729 32
1743788054201 0.9869999885559082 33
1743788079504 0.9884999990463257 34
1743788104476 0.9873499870300293 35
1743788129696 0.9875500202178955 36
1743788154980 0.9888666868209839 37
1743788180035 0.9889000058174133 38
1743788205258 0.9889166951179504 39
1743788230503 0.9894499778747559 40
1743788255586 0.9903833270072937 41
1743788280643 0.9895666837692261 42
1743788305652 0.9902166724205017 43
1743788331103 0.989983320236206 44
1743788356305 0.9907500147819519 45
1743788381419 0.9900333285331726 46
1743788406450 0.9902333617210388 47
1743788431406 0.991516649723053 48
1743788456307 0.9901000261306763 49
