1747604777939 0.08067581802606583 0
1747604786467 0.02608400769531727 1
1747604794678 0.016618382185697556 2
1747604802692 0.014559051021933556 3
1747604811328 0.013718688860535622 4
1747604819696 0.012912323698401451 5
1747604827911 0.011898142285645008 6
1747604836378 0.011478791944682598 7
1747604844794 0.01125137135386467 8
1747604853146 0.011030737310647964 9
1747604861984 0.01050601527094841 10
1747604870066 0.010215047746896744 11
1747604878396 0.00968497060239315 12
1747604886543 0.009667759761214256 13
1747604894504 0.009403730742633343 14
1747604903055 0.009193703532218933 15
1747604911350 0.009060773067176342 16
1747604919392 0.00880146212875843 17
1747604928236 0.0085837971419096 18
1747604936570 0.00848023034632206 19
1747604945026 0.00842871330678463 20
1747604953668 0.008572100661695004 21
1747604961940 0.00834948755800724 22
1747604970065 0.007821446284651756 23
1747604978340 0.008118848316371441 24
1747604986588 0.007840828038752079 25
1747604994922 0.007464124821126461 26
1747605003350 0.0077981059439480305 27
1747605011544 0.007446776144206524 28
1747605019306 0.00732403714209795 29
1747605027452 0.007207723334431648 30
1747605035922 0.007403359282761812 31
1747605044278 0.006827902980148792 32
1747605052876 0.006833698134869337 33
1747605061080 0.007177154533565044 34
1747605069434 0.006996628828346729 35
1747605077938 0.006431605201214552 36
1747605085930 0.006811482831835747 37
1747605094002 0.006783201824873686 38
1747605102545 0.00645953044295311 39
1747605110534 0.006474908906966448 40
1747605118592 0.0063589490018785 41
1747605127531 0.006384380627423525 42
1747605135880 0.006572597194463015 43
1747605144486 0.006336414720863104 44
1747605152962 0.00631217285990715 45
1747605161158 0.006098832469433546 46
1747605169758 0.00592334009706974 47
1747605177772 0.0062330630607903 48
1747605185790 0.0062133995816111565 49
