1747578128771 0.08478213846683502 0
1747578134447 0.0048326305113732815 1
1747578140166 0.0052618952468037605 2
1747578145705 0.005467741284519434 3
1747578151472 0.005156380590051413 4
1747578156506 0.005346118938177824 5
1747578161718 0.004873507656157017 6
1747578167044 0.004980862140655518 7
1747578172448 0.0046243793331086636 8
1747578178038 0.0047014025039970875 9
1747578183745 0.004531212616711855 10
1747578189389 0.004555558320134878 11
1747578194851 0.004426492843776941 12
1747578200228 0.0043469639495015144 13
1747578205784 0.004314650781452656 14
1747578211129 0.004172774031758308 15
1747578216609 0.004018260631710291 16
1747578222376 0.0040877219289541245 17
1747578228104 0.003946315031498671 18
1747578233721 0.003897525602951646 19
1747578239311 0.0038502176757901907 20
1747578244640 0.0038048571441322565 21
1747578249950 0.0037061828188598156 22
1747578255395 0.0037115721497684717 23
1747578261058 0.00372020760551095 24
1747578266903 0.003738269442692399 25
1747578272877 0.003753111930564046 26
1747578278624 0.003740703221410513 27
1747578284387 0.00360691430978477 28
1747578290054 0.0034628226421773434 29
1747578295680 0.003495609387755394 30
1747578301336 0.003485962515696883 31
1747578306723 0.003509186441078782 32
1747578311929 0.0034097284078598022 33
1747578317451 0.0035060960799455643 34
1747578323224 0.0034436602145433426 35
1747578328906 0.0033422033302485943 36
1747578334587 0.0034666836727410555 37
1747578340463 0.0033792448230087757 38
1747578346248 0.003422311507165432 39
1747578351939 0.003253657603636384 40
1747578357464 0.0033075748942792416 41
1747578362911 0.0032285056076943874 42
1747578368269 0.003298793686553836 43
1747578374133 0.0033186390064656734 44
1747578379955 0.0032250378280878067 45
1747578385773 0.0031795655377209187 46
1747578391504 0.003369263606145978 47
1747578397186 0.003229859285056591 48
1747578402995 0.003169557312503457 49
