1747578128771 0.4637777086688014 0
1747578134448 0.0002545208999238231 1
1747578140167 0.00035462524353630236 2
1747578145706 0.00045186576919906975 3
1747578151473 0.000249087249336041 4
1747578156507 0.00026468972068614946 5
1747578161718 0.00016154216273307946 6
1747578167045 0.00022213526001343462 7
1747578172449 0.00013507892516251096 8
1747578178039 0.00017824973265446282 9
1747578183746 0.00015334611352514356 10
1747578189391 0.00013954407808777858 11
1747578194852 0.00012981843573383402 12
1747578200229 0.0001206843198815988 13
1747578205785 0.00012443852639251437 14
1747578211130 0.00012129413181962097 15
1747578216610 0.00011566932380608736 16
1747578222376 0.00011935514044371625 17
1747578228105 0.00010497804946998911 18
1747578233722 0.00010436637240951102 19
1747578239312 0.00010752085601887938 20
1747578244642 0.00010816339964852231 21
1747578249951 9.421333977638121e-05 22
1747578255396 0.00010047561436327876 23
1747578261059 9.770679934493771e-05 24
1747578266904 0.0001089787038359353 25
1747578272878 9.5888554681603e-05 26
1747578278625 0.00010104644910726347 27
1747578284388 8.68257898630451e-05 28
1747578290055 7.97698795759584e-05 29
1747578295681 8.912048259179877e-05 30
1747578301337 8.540147540682371e-05 31
1747578306724 8.836009655208257e-05 32
1747578311930 8.594122728608284e-05 33
1747578317452 8.987502617636059e-05 34
1747578323225 8.79225463358421e-05 35
1747578328907 8.386807196520042e-05 36
1747578334588 8.543977382856806e-05 37
1747578340464 7.986177700020299e-05 38
1747578346248 9.088467506216569e-05 39
1747578351940 7.590053024872517e-05 40
1747578357465 7.487356916032754e-05 41
1747578362912 7.716406991962576e-05 42
1747578368270 8.545258289498327e-05 43
1747578374135 8.720089131286137e-05 44
1747578379955 7.394710268134103e-05 45
1747578385774 7.901891174389659e-05 46
1747578391505 7.533118489697997e-05 47
1747578397187 8.00400834783941e-05 48
1747578402996 7.090694676831494e-05 49
