1747569566375 4.327636687360401 0
1747569571777 0.1913775708409925 1
1747569577355 0.12367461793916776 2
1747569582951 0.09031610785216958 3
1747569588496 0.07390922228934967 4
1747569594021 0.06524161474234194 5
1747569598979 0.06141633111420724 6
1747569604732 0.05969801340055173 7
1747569610557 0.05915008245809556 8
1747569616096 0.058659708616054906 9
1747569621500 0.05822155168395215 10
1747569626990 0.05790361854833896 11
1747569632603 0.05772896152753756 12
1747569637748 0.05755193682207981 13
1747569642833 0.05741770711114824 14
1747569648048 0.057348458365724025 15
1747569653770 0.05723290963512083 16
1747569659547 0.0571620273415659 17
1747569665213 0.0570796894893904 18
1747569670780 0.05701576359457887 19
1747569676245 0.05692916872093801 20
1747569681825 0.05685245870320091 21
1747569687212 0.05676396345247686 22
1747569692560 0.05670421575794136 23
1747569697809 0.05660657651199722 24
1747569703294 0.056550318114520805 25
1747569708761 0.05648274776761437 26
1747569714105 0.05643031265579555 27
1747569718913 0.0563922981254191 28
1747569724341 0.05636122625423263 29
1747569729892 0.05633980694509283 30
1747569735079 0.0563241102544168 31
1747569740378 0.056303719495261 32
1747569745919 0.056299423088008095 33
1747569750865 0.0562806636043225 34
1747569756370 0.05627141450501958 35
1747569761927 0.056272023112822984 36
1747569767531 0.05625028102264943 37
1747569772374 0.05625145638518914 38
1747569777784 0.056248498205539246 39
1747569783077 0.05625547839429526 40
1747569788423 0.056236879417394865 41
1747569793673 0.05623346971267429 42
1747569799239 0.0562312728730521 43
1747569804788 0.05622030096064248 44
1747569810340 0.056230062460297554 45
1747569815848 0.05621228075179379 46
1747569821429 0.056229486544867716 47
1747569826760 0.05621089345268009 48
1747569832064 0.05621410266373757 49
