1747770441443 34.03478240966797 0
1747770441583 29.408985137939453 1
1747770441727 25.546598434448242 2
1747770441869 23.287817001342773 3
1747770442016 22.04039764404297 4
1747770442162 21.798582077026367 5
1747770442304 21.680234909057617 6
1747770442445 21.57474708557129 7
1747770442588 21.442344665527344 8
1747770442734 21.419889450073242 9
1747770442876 21.33198356628418 10
1747770443019 21.261489868164062 11
1747770443163 21.23070526123047 12
1747770443307 21.189537048339844 13
1747770443448 21.114667892456055 14
1747770443592 21.098400115966797 15
1747770443739 21.028579711914062 16
1747770443881 21.002595901489258 17
1747770444023 20.968305587768555 18
1747770444170 20.865453720092773 19
1747770444380 20.832870483398438 20
1747770444593 20.716638565063477 21
1747770444807 20.631153106689453 22
1747770445012 20.468048095703125 23
1747770445225 20.181989669799805 24
1747770445440 19.888675689697266 25
1747770445647 19.38796615600586 26
1747770445855 18.85981559753418 27
1747770446060 18.4158935546875 28
1747770446266 17.969675064086914 29
1747770446475 17.672603607177734 30
1747770446677 17.476961135864258 31
1747770446812 17.285802841186523 32
1747770446954 17.2249813079834 33
1747770447098 17.159852981567383 34
1747770447241 17.102294921875 35
1747770447389 17.095054626464844 36
1747770447532 16.98270034790039 37
1747770447675 16.853275299072266 38
1747770447822 16.7485408782959 39
1747770447965 16.617782592773438 40
1747770448108 16.491390228271484 41
1747770448266 16.331510543823242 42
1747770448410 16.18050193786621 43
1747770448552 16.034015655517578 44
1747770448695 15.88341236114502 45
1747770448841 15.771207809448242 46
1747770448984 15.66257381439209 47
1747770449129 15.566049575805664 48
1747770449277 15.495548248291016 49
