1747770441444 2977.39817872941 0
1747770441584 2405.6178493636403 1
1747770441728 1865.169457349621 2
1747770441870 1424.713611611239 3
1747770442017 1138.7111314612166 4
1747770442163 1008.6539386770074 5
1747770442305 974.0361476110393 6
1747770442447 953.700902216073 7
1747770442589 948.4523899589266 8
1747770442735 944.4152895885337 9
1747770442877 940.4160780708129 10
1747770443020 932.9039812742583 11
1747770443164 935.3630423046646 12
1747770443308 924.4233755754743 13
1747770443449 922.8773788719863 14
1747770443593 914.8520825236645 15
1747770443740 920.5422384824451 16
1747770443882 907.9769323597001 17
1747770444024 906.3224595479626 18
1747770444171 897.1516179253921 19
1747770444382 891.5135359402001 20
1747770444595 880.225153823524 21
1747770444809 865.5928247911181 22
1747770445013 852.3975434353871 23
1747770445226 834.0442125380468 24
1747770445442 808.8253595106264 25
1747770445648 777.3570661039736 26
1747770445856 744.7223865868721 27
1747770446062 711.0918242553333 28
1747770446268 688.2225003191218 29
1747770446476 664.4979209458879 30
1747770446678 652.2140090201435 31
1747770446813 639.5984836417325 32
1747770446955 631.8502680462651 33
1747770447099 625.1411603338811 34
1747770447242 615.5199555981179 35
1747770447390 605.4683416492724 36
1747770447533 597.8332511023309 37
1747770447676 581.1419040827196 38
1747770447823 568.5768583206474 39
1747770447966 552.0884996595734 40
1747770448109 537.6656877939506 41
1747770448267 519.6415825097887 42
1747770448411 506.4437943103197 43
1747770448553 491.3525319773533 44
1747770448696 477.5801624116256 45
1747770448842 466.6111762814409 46
1747770448985 454.64505472981426 47
1747770449130 448.3658502606435 48
1747770449278 443.2941971680737 49
