1743934298972 0.3564167320728302 0
1743934321988 0.3180999755859375 1
1743934344985 0.31809720396995544 2
1743934368085 0.31808117032051086 3
1743934391257 0.2924656271934509 4
1743934414298 0.2763989269733429 5
1743934437226 0.2692064046859741 6
1743934460386 0.26356178522109985 7
1743934483600 0.25754085183143616 8
1743934506567 0.2540265917778015 9
1743934529596 0.250520259141922 10
1743934552468 0.24750036001205444 11
1743934575472 0.2441026121377945 12
1743934598093 0.24052077531814575 13
1743934621099 0.23726503551006317 14
1743934643930 0.2343011200428009 15
1743934666578 0.23173512518405914 16
1743934689489 0.2293483465909958 17
1743934712555 0.22757841646671295 18
1743934735577 0.22543522715568542 19
1743934758536 0.22416798770427704 20
1743934781431 0.2222767025232315 21
1743934804539 0.22112596035003662 22
1743934827430 0.21974581480026245 23
1743934850237 0.21867959201335907 24
1743934873082 0.21761362254619598 25
1743934896070 0.2163357138633728 26
1743934918983 0.21539564430713654 27
1743934941984 0.21449428796768188 28
1743934964987 0.21361143887043 29
1743934987932 0.21267013251781464 30
1743935010910 0.21196889877319336 31
1743935034041 0.21127089858055115 32
1743935057055 0.21030661463737488 33
1743935080011 0.2094157338142395 34
1743935103125 0.20867793262004852 35
1743935126191 0.20792874693870544 36
1743935148860 0.2074841409921646 37
1743935171675 0.20639477670192719 38
1743935194768 0.20593999326229095 39
1743935217607 0.2052871584892273 40
1743935240706 0.20484451949596405 41
1743935263849 0.20416104793548584 42
1743935286890 0.20350664854049683 43
1743935310079 0.2030317336320877 44
1743935333078 0.2024303823709488 45
1743935356058 0.20215268433094025 46
1743935378856 0.20175139605998993 47
1743935401838 0.20127293467521667 48
1743935424943 0.20063403248786926 49
