1743934298974 0.30424859449756747 0
1743934321989 0.26654379109072657 1
1743934344986 0.26647344183753885 2
1743934368086 0.2663909146551646 3
1743934391258 0.24772325164034348 4
1743934414300 0.2308645697330937 5
1743934437227 0.222719663286444 6
1743934460387 0.2155339653911115 7
1743934483601 0.20833173920825995 8
1743934506569 0.20353714949463414 9
1743934529597 0.19893046718296586 10
1743934552470 0.19478862976661301 11
1743934575473 0.19029911047812662 12
1743934598094 0.18574175310249671 13
1743934621100 0.18171780981822683 14
1743934643931 0.17815908844543243 15
1743934666579 0.1752839190360928 16
1743934689491 0.17255456054567123 17
1743934712556 0.17023182786068838 18
1743934735578 0.16804002029782728 19
1743934758538 0.16627410883490396 20
1743934781433 0.16441699679235466 21
1743934804540 0.1631364085908136 22
1743934827431 0.16167636874532645 23
1743934850239 0.16044660771158623 24
1743934873083 0.1590883576269234 25
1743934896071 0.15771867473228415 26
1743934918984 0.15657894067336445 27
1743934941986 0.15566772625443864 28
1743934964988 0.1545600600266072 29
1743934987933 0.1535472148283035 30
1743935010912 0.1527448207331326 31
1743935034042 0.15187076124798368 32
1743935057056 0.15087067740989024 33
1743935080012 0.14983492736935333 34
1743935103126 0.14904987430809905 35
1743935126193 0.14817149524638476 36
1743935148861 0.147430054832753 37
1743935171676 0.14641743143598773 38
1743935194769 0.14572653285560977 39
1743935217609 0.1449540857382349 40
1743935240708 0.14428731108976597 41
1743935263850 0.14352721929861262 42
1743935286892 0.14279238539716466 43
1743935310081 0.14228280269269097 44
1743935333079 0.14164589302682346 45
1743935356059 0.141144093195042 46
1743935378857 0.14060422239590423 47
1743935401839 0.14011921222716914 48
1743935424945 0.13941815605855884 49
