1747655557567 0.245521294348973 0
1747655572523 0.2415620592316567 1
1747655586632 0.24010813644317144 2
1747655601149 0.23941593222956334 3
1747655615278 0.23883273296354912 4
1747655630603 0.23858718966631964 5
1747655645571 0.23832760236531214 6
1747655660370 0.23812416726307184 7
1747655674794 0.23804900749924077 8
1747655688895 0.23794556244868634 9
1747655703204 0.23777876338037254 10
1747655717075 0.23771212461627714 11
1747655731303 0.2376225589814821 12
1747655745278 0.23747975075495875 13
1747655759613 0.23747097321033955 14
1747655773977 0.23734565214248976 15
1747655787636 0.2372965594800757 16
1747655801454 0.2372988208447736 17
1747655815487 0.23719220105975497 18
1747655829674 0.23716174549886818 19
1747655843661 0.23710669897924253 20
1747655857682 0.23710093259329146 21
1747655871169 0.23709219008204416 22
1747655885206 0.23696645244591155 23
1747655899235 0.23701715703496656 24
1747655913293 0.23694282548423512 25
1747655927326 0.2369835397598898 26
1747655941572 0.23692925169478568 27
1747655955660 0.23691844976217813 28
1747655969619 0.23693634557148738 29
1747655983554 0.2368717516972315 30
1747655997776 0.23681623984153297 31
1747656012084 0.23689297256825584 32
1747656025914 0.23684341755977723 33
1747656039994 0.2368469561903308 34
1747656054006 0.23671974899872317 35
1747656068228 0.23677689606628807 36
1747656082189 0.2368040127258313 37
1747656096211 0.23675572160068534 38
1747656109821 0.23669197380920468 39
1747656123596 0.2367517679123568 40
1747656137721 0.23668929236922923 41
1747656151960 0.23674975689850633 42
1747656166111 0.2367214011971018 43
1747656179725 0.2366468533250059 44
1747656193761 0.2366623224481153 45
1747656207764 0.23664101570012863 46
1747656221535 0.23669437629749088 47
1747656235480 0.2366721372776198 48
1747656249465 0.236637258695757 49
