1747646883141 0.24560761562342054 0
1747646897166 0.239619378632709 1
1747646910974 0.2393641143250119 2
1747646925165 0.2389783021975876 3
1747646939357 0.23880088743854125 4
1747646953550 0.2384159563449125 5
1747646967899 0.23805831183184248 6
1747646982141 0.2379035113373292 7
1747646996414 0.23778122333428603 8
1747647009993 0.23788519886128545 9
1747647023803 0.23762961483840775 10
1747647037910 0.23779397054102644 11
1747647052107 0.23771726537289536 12
1747647066410 0.23765756124805404 13
1747647080481 0.23762595415718626 14
1747647094503 0.23760550726447136 15
1747647108045 0.2374648433962425 16
1747647121975 0.23761790566220295 17
1747647136034 0.23754222256813923 18
1747647150045 0.2374605737661875 19
1747647164211 0.23752634642768472 20
1747647177785 0.23753900012239731 21
1747647191714 0.2374899177132363 22
1747647205865 0.23746120877226976 23
1747647220014 0.23741454803019493 24
1747647234215 0.23740241297955084 25
1747647247785 0.2373576646620193 26
1747647261755 0.2373397643979176 27
1747647275790 0.23726422855282903 28
1747647289875 0.23722674579180245 29
1747647304132 0.23723687795243042 30
1747647317648 0.23720546338206683 31
1747647331620 0.23721940582672316 32
1747647345758 0.23719617077624405 33
1747647359826 0.2372088968749146 34
1747647373973 0.2371886527846124 35
1747647388386 0.23715701393767286 36
1747647402754 0.23714128677222707 37
1747647416869 0.2370799221441274 38
1747647430833 0.23713569509395235 39
1747647444827 0.23713289476994356 40
1747647459050 0.2372059737116795 41
1747647473378 0.23717526123933627 42
1747647487464 0.23702649965715838 43
1747647501674 0.2370633330074974 44
1747647515310 0.2370854274132699 45
1747647529262 0.2370776036349496 46
1747647543459 0.23699464579599627 47
1747647557495 0.23700807203093494 48
1747647571686 0.23705413327108255 49
