1747646883140 0.9147579073905945 0
1747646897165 0.9147305488586426 1
1747646910973 0.9147695899009705 2
1747646925164 0.9147813320159912 3
1747646939356 0.9150002598762512 4
1747646953549 0.9152347445487976 5
1747646967898 0.9153090119361877 6
1747646982140 0.9151722192764282 7
1747646996413 0.9151917695999146 8
1747647009992 0.9151566028594971 9
1747647023802 0.9150979518890381 10
1747647037910 0.9152386784553528 11
1747647052106 0.9152894616127014 12
1747647066410 0.915195643901825 13
1747647080480 0.9150627851486206 14
1747647094502 0.9152464866638184 15
1747647108044 0.915168285369873 16
1747647121974 0.9152973294258118 17
1747647136033 0.9152660369873047 18
1747647150044 0.9151917695999146 19
1747647164210 0.9151604771614075 20
1747647177784 0.9152738451957703 21
1747647191713 0.9152035117149353 22
1747647205865 0.9153598546981812 23
1747647220013 0.9151487946510315 24
1747647234214 0.9151213765144348 25
1747647247784 0.9152347445487976 26
1747647261754 0.9153285622596741 27
1747647275790 0.9152464866638184 28
1747647289873 0.915285587310791 29
1747647304131 0.9152660369873047 30
1747647317648 0.9151995778083801 31
1747647331620 0.9151761531829834 32
1747647345757 0.9152738451957703 33
1747647359825 0.9152347445487976 34
1747647373972 0.9151526689529419 35
1747647388385 0.9153012037277222 36
1747647402754 0.9153403043746948 37
1747647416867 0.9152230620384216 38
1747647430832 0.9153090119361877 39
1747647444826 0.9151761531829834 40
1747647459049 0.9153129458427429 41
1747647473377 0.9154184460639954 42
1747647487463 0.9152621030807495 43
1747647501673 0.9151722192764282 44
1747647515309 0.9152464866638184 45
1747647529261 0.9151604771614075 46
1747647543458 0.9152073860168457 47
1747647557494 0.9153090119361877 48
1747647571685 0.9152425527572632 49
