1747694980517 0.9145351052284241 0
1747694995749 0.9149142503738403 1
1747695010508 0.9150432348251343 2
1747695025811 0.9151722192764282 3
1747695041061 0.9152933955192566 4
1747695056219 0.9153090119361877 5
1747695071846 0.9153794050216675 6
1747695087266 0.9153598546981812 7
1747695102724 0.9153051376342773 8
1747695117213 0.9152973294258118 9
1747695131640 0.9153207540512085 10
1747695146897 0.9154536724090576 11
1747695161796 0.9152582287788391 12
1747695177152 0.9153129458427429 13
1747695192661 0.9154263138771057 14
1747695207969 0.9153910875320435 15
1747695223581 0.9153832793235779 16
1747695238999 0.9153285622596741 17
1747695254411 0.9154067635536194 18
1747695269486 0.9155904650688171 19
1747695284981 0.915414571762085 20
1747695300384 0.9153598546981812 21
1747695315755 0.9156060814857483 22
1747695331120 0.9153090119361877 23
1747695345986 0.915586531162262 24
1747695360832 0.9155044555664062 25
1747695375703 0.9155513644218445 26
1747695390544 0.9154497385025024 27
1747695405244 0.915457546710968 28
1747695420010 0.9154810309410095 29
1747695434883 0.9156412482261658 30
1747695449655 0.9155513644218445 31
1747695465155 0.9156334400177002 32
1747695480039 0.9155943393707275 33
1747695495173 0.915746808052063 34
1747695510371 0.915645182132721 35
1747695525738 0.9155552983283997 36
1747695540348 0.9154692888259888 37
1747695555849 0.9157819747924805 38
1747695571291 0.9156607985496521 39
1747695586048 0.9157389998435974 40
1747695601271 0.9156491160392761 41
1747695615987 0.9158015251159668 42
1747695631413 0.9157272577285767 43
1747695647164 0.9157038331031799 44
1747695662841 0.9157155156135559 45
1747695677947 0.9156607985496521 46
1747695693445 0.9158093333244324 47
1747695708781 0.9158250093460083 48
1747695724071 0.9157233834266663 49
