1747678650304 0.2582738008129151 0
1747678665633 0.24949310700817934 1
1747678681162 0.24701584140985478 2
1747678696745 0.2444257263658417 3
1747678712176 0.24322533478504346 4
1747678727705 0.24169377795382424 5
1747678742974 0.24047406730332319 6
1747678758031 0.23957314385747097 7
1747678772903 0.23887779855726649 8
1747678788118 0.2385508813389563 9
1747678802835 0.2382100544302444 10
1747678818363 0.2380131780139886 11
1747678833129 0.2379243000940414 12
1747678848189 0.23786934447216498 13
1747678863386 0.2377876181054528 14
1747678878636 0.2376606996886202 15
1747678893360 0.23762220583891916 16
1747678908126 0.2375545862659175 17
1747678923422 0.23759205313620377 18
1747678939049 0.23758791320271716 19
1747678954419 0.23754377275617725 20
1747678969930 0.23747877509832477 21
1747678984675 0.23745460307802524 22
1747678999813 0.2374374253751525 23
1747679015203 0.23744726587266354 24
1747679030999 0.2373919723794163 25
1747679046613 0.2373851474251413 26
1747679061025 0.23734299460175853 27
1747679076156 0.23737561549957412 28
1747679091725 0.23731100917114284 29
1747679107583 0.23731220114824508 30
1747679122788 0.23728029437632742 31
1747679137790 0.2373448679933712 32
1747679152085 0.23734051157160244 33
1747679167264 0.23739074669659688 34
1747679182583 0.23733786764572792 35
1747679197717 0.23732496347891316 36
1747679213241 0.23757806219910754 37
1747679228775 0.23731863847691265 38
1747679243566 0.23730016611225094 39
1747679258330 0.2373121100992768 40
1747679273129 0.2373273157194134 41
1747679288777 0.23722089004873287 42
1747679304217 0.2373008955247751 43
1747679319104 0.2374022357390482 44
1747679334736 0.23722532567306032 45
1747679349989 0.23728635104829437 46
1747679365139 0.23725988353861496 47
1747679380526 0.23723707463498173 48
1747679394807 0.2373577469715956 49
