1747771221753 34.51056671142578 0
1747771221912 21.141603469848633 1
1747771222073 12.437080383300781 2
1747771222239 9.08630657196045 3
1747771222400 7.626206874847412 4
1747771222555 4.729329586029053 5
1747771222708 3.1868762969970703 6
1747771222866 2.4565606117248535 7
1747771223026 1.8872140645980835 8
1747771223185 1.5698126554489136 9
1747771223343 1.4281980991363525 10
1747771223501 1.372389316558838 11
1747771223661 1.3068885803222656 12
1747771223819 1.3059217929840088 13
1747771223977 1.2727347612380981 14
1747771224127 1.18180251121521 15
1747771224279 1.163143277168274 16
1747771224433 1.1609290838241577 17
1747771224589 1.1091159582138062 18
1747771224759 1.0698914527893066 19
1747771224971 1.0437674522399902 20
1747771225183 1.0028122663497925 21
1747771225401 0.9781994223594666 22
1747771225619 0.8797183632850647 23
1747771225839 0.8048268556594849 24
1747771226051 0.7085117697715759 25
1747771226267 0.663120687007904 26
1747771226481 0.6071677207946777 27
1747771226705 0.6127033233642578 28
1747771226915 0.6156455874443054 29
1747771227129 0.6511973738670349 30
1747771227290 0.654100775718689 31
1747771227438 0.5156213641166687 32
1747771227581 0.471388578414917 33
1747771227728 0.4499036967754364 34
1747771227874 0.5127891898155212 35
1747771228023 0.5268503427505493 36
1747771228172 0.4554760754108429 37
1747771228327 0.4621396064758301 38
1747771228476 0.5681442618370056 39
1747771228628 0.48783978819847107 40
1747771228777 0.43363773822784424 41
1747771228927 0.4917154312133789 42
1747771229076 0.44097837805747986 43
1747771229226 0.46808016300201416 44
1747771229384 0.5183298587799072 45
1747771229547 0.42956265807151794 46
1747771229707 0.514851450920105 47
1747771229869 0.5982643961906433 48
1747771230031 0.45665767788887024 49
