1743890872980 0.7006333470344543 0
1743890897770 0.9093833565711975 1
1743890922335 0.9326000213623047 2
1743890947210 0.9420833587646484 3
1743890972100 0.9474499821662903 4
1743890996747 0.9524000287055969 5
1743891021505 0.9556999802589417 6
1743891046402 0.9589499831199646 7
1743891071126 0.9613833427429199 8
1743891095910 0.9619666934013367 9
1743891120754 0.9644833207130432 10
1743891145642 0.9671000242233276 11
1743891170592 0.9668833613395691 12
1743891195181 0.9705333113670349 13
1743891220163 0.970883309841156 14
1743891244946 0.9722166657447815 15
1743891269842 0.9728833436965942 16
1743891294708 0.9733833074569702 17
1743891319962 0.9747999906539917 18
1743891345218 0.9757166504859924 19
1743891369942 0.9766833186149597 20
1743891394817 0.9777500033378601 21
1743891419621 0.9779166579246521 22
1743891444509 0.9785333275794983 23
1743891469479 0.9791499972343445 24
1743891494409 0.9797999858856201 25
1743891519223 0.9801999926567078 26
1743891543768 0.9814000129699707 27
1743891568635 0.9807000160217285 28
1743891593437 0.9819333553314209 29
1743891618121 0.9817333221435547 30
1743891643120 0.9825166463851929 31
1743891668006 0.9835833311080933 32
1743891692800 0.9832000136375427 33
1743891717547 0.9837666749954224 34
1743891742196 0.9842666387557983 35
1743891766979 0.9850000143051147 36
1743891791794 0.9840999841690063 37
1743891816780 0.9855833053588867 38
1743891841714 0.9845166802406311 39
1743891866641 0.9855999946594238 40
1743891891268 0.9851999878883362 41
1743891916027 0.9870833158493042 42
1743891940876 0.9870499968528748 43
1743891965593 0.9858999848365784 44
1743891990157 0.9872166514396667 45
1743892014851 0.9864833354949951 46
1743892039426 0.9872499704360962 47
1743892064024 0.9870333075523376 48
1743892088629 0.9878000020980835 49
