1747770297370 2.061444044113159 0
1747770297497 1.638824701309204 1
1747770297652 1.4091464281082153 2
1747770297829 1.2579805850982666 3
1747770298001 1.1023244857788086 4
1747770298177 0.9556968212127686 5
1747770298369 0.8376627564430237 6
1747770298544 0.7599343657493591 7
1747770298721 0.698859691619873 8
1747770298860 0.6470165848731995 9
1747770298970 0.595284104347229 10
1747770299082 0.5507980585098267 11
1747770299198 0.5206922292709351 12
1747770299317 0.48530107736587524 13
1747770299436 0.4632546603679657 14
1747770299558 0.4395691752433777 15
1747770299685 0.43089693784713745 16
1747770299816 0.4110569655895233 17
1747770299938 0.39383161067962646 18
1747770300063 0.38015538454055786 19
1747770300190 0.38636794686317444 20
1747770300316 0.3693336248397827 21
1747770300449 0.35051777958869934 22
1747770300581 0.341580331325531 23
1747770300713 0.3457803428173065 24
1747770300841 0.3143628239631653 25
1747770300961 0.3272489309310913 26
1747770301084 0.31204262375831604 27
1747770301217 0.3081277906894684 28
1747770301352 0.2953355014324188 29
1747770301490 0.28234538435935974 30
1747770301636 0.281436949968338 31
1747770301780 0.26771724224090576 32
1747770301911 0.26949140429496765 33
1747770302041 0.2651464343070984 34
1747770302174 0.25559237599372864 35
1747770302304 0.2501503825187683 36
1747770302435 0.24376936256885529 37
1747770302580 0.24617131054401398 38
1747770302758 0.24449248611927032 39
1747770302932 0.22905147075653076 40
1747770303115 0.2348131388425827 41
1747770303288 0.2213592529296875 42
1747770303464 0.2143745869398117 43
1747770303645 0.2039954513311386 44
1747770303823 0.2097836583852768 45
1747770304003 0.20304301381111145 46
1747770304180 0.21049317717552185 47
1747770304363 0.1938117891550064 48
1747770304543 0.18471404910087585 49
