1747581453969 0.05112008807659761 0
1747581459647 0.00018747147023080054 1
1747581465292 0.00023105049567645356 2
1747581471164 0.0001673531390702149 3
1747581477104 0.0002107243127894998 4
1747581482730 0.00015995653691798124 5
1747581488229 0.00015779241584459928 6
1747581493554 0.00015525938593469068 7
1747581499270 0.00013993615924296277 8
1747581505064 0.00012215627664200642 9
1747581510915 0.00013286248788700361 10
1747581516624 0.00012732240001647822 11
1747581522331 0.00013616852771967657 12
1747581528194 0.00012390342429198915 13
1747581533650 0.00012986128035581183 14
1747581538874 0.00013054012447661804 15
1747581544228 0.00010736337895075058 16
1747581549792 9.956463579530568e-05 17
1747581555621 0.00011681339183217843 18
1747581561454 0.00010252223697928531 19
1747581567321 9.308883310960795e-05 20
1747581573297 9.87941517089126e-05 21
1747581579041 9.515059951823098e-05 22
1747581584681 9.823895039579013e-05 23
1747581590604 9.467867666264336e-05 24
1747581596005 9.561554578487812e-05 25
1747581601648 0.00010600838438792899 26
1747581607344 8.840185813065721e-05 27
1747581613172 9.491735656097364e-05 28
1747581618952 8.296794159856769e-05 29
1747581624776 8.289185084779302e-05 30
1747581630716 8.535975553904698e-05 31
1747581636605 8.365241838466016e-05 32
1747581642533 9.88257883789909e-05 33
1747581648067 8.655391876817453e-05 34
1747581653140 9.258826392611743e-05 35
1747581658484 8.768725284166765e-05 36
1747581664009 7.626515048695581e-05 37
1747581669620 8.441475663074416e-05 38
1747581675371 7.799080024101586e-05 39
1747581681229 8.194243117293297e-05 40
1747581686847 7.151973149704905e-05 41
1747581692363 7.345130801150766e-05 42
1747581697634 8.286753953816221e-05 43
1747581702987 7.649178808220434e-05 44
1747581708486 7.74779056665749e-05 45
1747581714188 8.596354696707556e-05 46
1747581719842 7.490630716246067e-05 47
1747581725510 7.207639069477051e-05 48
1747581731275 8.390380102734494e-05 49
