1747581453968 0.044104788452386856 0
1747581459647 0.004517709370702505 1
1747581465291 0.005155832972377539 2
1747581471163 0.00494661508128047 3
1747581477104 0.004891765769571066 4
1747581482729 0.004833992570638657 5
1747581488228 0.004699063021689653 6
1747581493553 0.0047788433730602264 7
1747581499269 0.004514618776738644 8
1747581505063 0.004408566281199455 9
1747581510914 0.0042326743714511395 10
1747581516623 0.0042635793797671795 11
1747581522330 0.004213351756334305 12
1747581528193 0.004280870780348778 13
1747581533649 0.00417690072208643 14
1747581538873 0.0041770958341658115 15
1747581544228 0.003936799243092537 16
1747581549791 0.003915794193744659 17
1747581555620 0.0037788492627441883 18
1747581561453 0.003858426120132208 19
1747581567320 0.0037807447370141745 20
1747581573296 0.003831320209428668 21
1747581579040 0.0036946453619748354 22
1747581584679 0.0038458893541246653 23
1747581590603 0.0037017446011304855 24
1747581596003 0.00362333538942039 25
1747581601647 0.003722121473401785 26
1747581607343 0.0037171784788370132 27
1747581613171 0.0036884890869259834 28
1747581618951 0.003475024364888668 29
1747581624775 0.003499587532132864 30
1747581630715 0.003587893210351467 31
1747581636604 0.0034108255058526993 32
1747581642532 0.0034919644240289927 33
1747581648065 0.003479845356196165 34
1747581653139 0.0035242545418441296 35
1747581658483 0.0034024491906166077 36
1747581664008 0.003335642861202359 37
1747581669619 0.003375227330252528 38
1747581675370 0.0033418878447264433 39
1747581681228 0.0034578712657094 40
1747581686846 0.0033921205904334784 41
1747581692362 0.003210417926311493 42
1747581697632 0.0033071620855480433 43
1747581702985 0.0031839306466281414 44
1747581708485 0.0032165925949811935 45
1747581714187 0.0033152769319713116 46
1747581719841 0.0032447362318634987 47
1747581725509 0.0032198172993957996 48
1747581731274 0.003220802405849099 49
