1743874113661 0.2453985885693892 0
1743874135623 0.22296014113397375 1
1743874157785 0.2125065529636563 2
1743874179733 0.20461869603565788 3
1743874201476 0.19833368036975518 4
1743874223439 0.19287676050532612 5
1743874245475 0.18797467428079748 6
1743874267197 0.1833778221371069 7
1743874289106 0.17831161940108678 8
1743874311006 0.17323589872856676 9
1743874332683 0.1687127065064247 10
1743874354627 0.16435293088187716 11
1743874376301 0.16063065692283912 12
1743874398208 0.15732663142813827 13
1743874420163 0.15458302958623846 14
1743874442173 0.15250165952350644 15
1743874463952 0.15082762464026833 16
1743874485738 0.14920869011859347 17
1743874507633 0.1477281610347447 18
1743874529724 0.14665483925090894 19
1743874551656 0.14535300813756127 20
1743874573689 0.14442263191639088 21
1743874595884 0.14361271220408078 22
1743874618085 0.14281732583632337 23
1743874640304 0.1424022235347309 24
1743874662138 0.14153399190878518 25
1743874683911 0.1408461576008164 26
1743874705723 0.14010997391137286 27
1743874727771 0.13955319777426445 28
1743874749719 0.1389595040231757 29
1743874771492 0.13848832146847695 30
1743874793358 0.13805093063018437 31
1743874815135 0.13760507111698914 32
1743874837126 0.1371969695515624 33
1743874858895 0.13679507359407658 34
1743874880697 0.13629144399156903 35
1743874902639 0.13593930730928633 36
1743874924496 0.1355659608327105 37
1743874946327 0.13526386464804377 38
1743874968200 0.13493799077188134 39
1743874990092 0.1345630169431253 40
1743875011979 0.13415618475160634 41
1743875033902 0.13396386152227405 42
1743875055726 0.1337803005694668 43
1743875077511 0.13334735915368026 44
1743875099443 0.13305387829136864 45
1743875121306 0.1328107844677464 46
1743875143078 0.13266774803628875 47
1743875165003 0.13228673031980442 48
1743875187031 0.13204714875648116 49
