1743935657133 0.3002541959285736 0
1743935680130 0.28833043575286865 1
1743935703067 0.2805093824863434 2
1743935726085 0.2788573205471039 3
1743935749170 0.2768019139766693 4
1743935772082 0.27418190240859985 5
1743935794937 0.26995256543159485 6
1743935817842 0.26614251732826233 7
1743935840669 0.26308590173721313 8
1743935863589 0.26076269149780273 9
1743935886622 0.25888198614120483 10
1743935909762 0.2569568157196045 11
1743935932721 0.2552040219306946 12
1743935955964 0.25365662574768066 13
1743935979079 0.25262370705604553 14
1743936002265 0.25155049562454224 15
1743936025375 0.25048863887786865 16
1743936048331 0.24924546480178833 17
1743936071526 0.24812051653862 18
1743936094443 0.2471129447221756 19
1743936117577 0.24618269503116608 20
1743936140817 0.24558782577514648 21
1743936164068 0.24466001987457275 22
1743936187291 0.24378952383995056 23
1743936210260 0.24352838099002838 24
1743936233051 0.24226915836334229 25
1743936255958 0.24107103049755096 26
1743936279098 0.24004802107810974 27
1743936302138 0.2390899658203125 28
1743936325075 0.23800033330917358 29
1743936347914 0.2369099110364914 30
1743936370824 0.23601996898651123 31
1743936393757 0.23520046472549438 32
1743936416634 0.23425933718681335 33
1743936439577 0.23315520584583282 34
1743936462384 0.23243866860866547 35
1743936485167 0.2315690517425537 36
1743936508200 0.23058129847049713 37
1743936531261 0.2298070192337036 38
1743936554075 0.22938419878482819 39
1743936577176 0.22811909019947052 40
1743936600385 0.22738029062747955 41
1743936623206 0.22628355026245117 42
1743936646196 0.22549937665462494 43
1743936669086 0.22487729787826538 44
1743936692064 0.22411708533763885 45
1743936715109 0.22307631373405457 46
1743936737999 0.2224479615688324 47
1743936760991 0.2219170778989792 48
1743936784101 0.221062570810318 49
