1743940605191 0.33140337467193604 0
1743940629685 0.3185786008834839 1
1743940653798 0.3188633918762207 2
1743940678024 0.30370816588401794 3
1743940702290 0.27961817383766174 4
1743940726739 0.26290953159332275 5
1743940751274 0.24654331803321838 6
1743940775813 0.2355738878250122 7
1743940800013 0.24237382411956787 8
1743940824238 0.22936496138572693 9
1743940848572 0.22011978924274445 10
1743940873048 0.21533191204071045 11
1743940897383 0.21077436208724976 12
1743940921918 0.20745161175727844 13
1743940946349 0.2041255384683609 14
1743940970474 0.20154060423374176 15
1743940994687 0.19899463653564453 16
1743941018935 0.19687198102474213 17
1743941042942 0.19400618970394135 18
1743941067201 0.1920563280582428 19
1743941091718 0.18996383249759674 20
1743941115909 0.18877999484539032 21
1743941140236 0.18710310757160187 22
1743941164394 0.1852128803730011 23
1743941188678 0.18393541872501373 24
1743941213031 0.20792508125305176 25
1743941237337 0.2737787067890167 26
1743941261684 0.2304019182920456 27
1743941286071 0.2152402251958847 28
1743941310360 0.2068435549736023 29
1743941334539 0.20089922845363617 30
1743941358810 0.19727754592895508 31
1743941383214 0.19479748606681824 32
1743941407650 0.19140106439590454 33
1743941431827 0.1888703852891922 34
1743941456246 0.1871265023946762 35
1743941480465 0.18634821474552155 36
1743941504670 0.18367891013622284 37
1743941528795 0.18237298727035522 38
1743941552978 0.18142682313919067 39
1743941577135 0.18006351590156555 40
1743941601479 0.17844942212104797 41
1743941625958 0.17704801261425018 42
1743941650354 0.1765415221452713 43
1743941674569 0.17570734024047852 44
1743941699023 0.17475676536560059 45
1743941723319 0.17411372065544128 46
1743941747724 0.1731065958738327 47
1743941772088 0.17180320620536804 48
1743941796510 0.1723717302083969 49
