1743940605192 0.27875831836530374 0
1743940629686 0.26711852299742445 1
1743940653799 0.2667287111182193 2
1743940678025 0.2555615827052264 3
1743940702291 0.2327179550058432 4
1743940726741 0.21168790719885713 5
1743940751276 0.19321330229858244 6
1743940775814 0.18088786921269506 7
1743940800014 0.194356446938411 8
1743940824239 0.17291138732922987 9
1743940848574 0.16291615950620283 10
1743940873050 0.15755345165937332 11
1743940897385 0.1529012093078544 12
1743940921920 0.14896120517354844 13
1743940946350 0.14545010720642662 14
1743940970476 0.142266988758504 15
1743940994689 0.13932357899040232 16
1743941018937 0.13664846369000788 17
1743941042944 0.13369716715740565 18
1743941067203 0.13161630470938737 19
1743941091720 0.12906584720775774 20
1743941115911 0.12732700232935987 21
1743941140238 0.12513917445397202 22
1743941164396 0.1229725981199021 23
1743941188680 0.12113487122934032 24
1743941213033 0.4843673710050227 25
1743941237338 0.20246763163841572 26
1743941261686 0.16483331157734193 27
1743941286072 0.15023349884386256 28
1743941310361 0.14215043201120897 29
1743941334540 0.1367636508252824 30
1743941358812 0.13294625521936898 31
1743941383216 0.13049210656654672 32
1743941407652 0.12721124599441408 33
1743941431829 0.12487819349529367 34
1743941456248 0.12286677390977016 35
1743941480467 0.12164010038248772 36
1743941504672 0.11936860561995188 37
1743941528797 0.11782073872282366 38
1743941552980 0.11643657226454658 39
1743941577137 0.11472835368808783 40
1743941601481 0.11333744709857314 41
1743941625960 0.11202124081762613 42
1743941650356 0.11126237567655166 43
1743941674571 0.11012546690995091 44
1743941699024 0.10958968343514477 45
1743941723320 0.10834320822136007 46
1743941747726 0.10785024008775518 47
1743941772089 0.1064433874126847 48
1743941796512 0.10665821528566212 49
