1747771019351 0.40260966125633013 0
1747771019672 0.2236063000118056 1
1747771019951 0.19513009397627995 2
1747771020221 0.1670266190261843 3
1747771020495 0.1549586634337544 4
1747771020775 0.15639585860266259 5
1747771021054 0.14647629524821698 6
1747771021337 0.146724113860061 7
1747771021622 0.11934823504908186 8
1747771021905 0.1391744415988237 9
1747771022183 0.11166975539677453 10
1747771022470 0.11243418073338282 11
1747771022760 0.10856918343204851 12
1747771023048 0.1112913273141323 13
1747771023345 0.10496392449004789 14
1747771023709 0.11617608572529607 15
1747771024082 0.12687583969862642 16
1747771024462 0.10809766146293161 17
1747771024837 0.114974515562228 18
1747771025215 0.10661276181540782 19
1747771025530 0.11974687945251346 20
1747771025864 0.11499677507777435 21
1747771026113 0.10099592708310513 22
1747771026371 0.0796180056593564 23
1747771026632 0.07742552330029509 24
1747771026902 0.07121500422543661 25
1747771027187 0.08087517436453595 26
1747771027478 0.10034756391444558 27
1747771027773 0.08546134099722046 28
1747771028061 0.08600849666803387 29
1747771028349 0.09885464253148213 30
1747771028663 0.09089688492119498 31
1747771028963 0.09353656364874996 32
1747771029263 0.09060591098255491 33
1747771029567 0.08904176966666673 34
1747771029937 0.08646128019287978 35
1747771030318 0.0778732411323025 36
1747771030701 0.0899165436416948 37
1747771031043 0.07337937427396757 38
1747771031386 0.06242505359398851 39
1747771031741 0.08563422874335028 40
1747771032091 0.0866597351974223 41
1747771032388 0.06939757413119509 42
1747771032676 0.08271964057090064 43
1747771032982 0.09677359842586164 44
1747771033282 0.0723724990685296 45
1747771033583 0.07259844875650649 46
1747771033832 0.06539122258378897 47
1747771034093 0.08190620212483664 48
1747771034359 0.0640579186576862 49
