1743886053600 0.31409209966659546 0
1743886075451 0.2940186560153961 1
1743886097311 0.28495481610298157 2
1743886118995 0.28136271238327026 3
1743886140556 0.27945244312286377 4
1743886162159 0.29333221912384033 5
1743886184071 0.27926814556121826 6
1743886205959 0.2746272385120392 7
1743886228037 0.27359458804130554 8
1743886249962 0.2730005383491516 9
1743886271883 0.272335022687912 10
1743886293966 0.2709425687789917 11
1743886315884 0.26981866359710693 12
1743886337780 0.2685689330101013 13
1743886359532 0.2671571373939514 14
1743886381419 0.26667097210884094 15
1743886403407 0.26568493247032166 16
1743886425182 0.26485106348991394 17
1743886447026 0.2638779878616333 18
1743886469010 0.2628997266292572 19
1743886491215 0.2628946602344513 20
1743886513250 0.26285383105278015 21
1743886535056 0.2615050673484802 22
1743886556959 0.26021116971969604 23
1743886579121 0.2597655653953552 24
1743886601056 0.2591843903064728 25
1743886622904 0.25883984565734863 26
1743886644928 0.25871551036834717 27
1743886666719 0.25784245133399963 28
1743886688573 0.2572460174560547 29
1743886710337 0.256833553314209 30
1743886732257 0.25585225224494934 31
1743886754133 0.25531822443008423 32
1743886775898 0.25480154156684875 33
1743886797785 0.2539023756980896 34
1743886819858 0.2532111704349518 35
1743886841885 0.2526240944862366 36
1743886863754 0.25162309408187866 37
1743886885583 0.2517419755458832 38
1743886907558 0.2503086030483246 39
1743886929557 0.24980448186397552 40
1743886951479 0.24925343692302704 41
1743886973609 0.2489280253648758 42
1743886995555 0.24810095131397247 43
1743887017404 0.2472970187664032 44
1743887039351 0.2468891441822052 45
1743887061278 0.24682646989822388 46
1743887083298 0.24610671401023865 47
1743887105333 0.24532575905323029 48
1743887127076 0.2448856681585312 49
