1743933343589 0.9318833351135254 0
1743933368778 0.9445333480834961 1
1743933393958 0.9513333439826965 2
1743933419282 0.9534500241279602 3
1743933444730 0.9582499861717224 4
1743933469989 0.9620833396911621 5
1743933495141 0.9640666842460632 6
1743933520265 0.9644166827201843 7
1743933545678 0.9675499796867371 8
1743933570972 0.968833327293396 9
1743933596177 0.9722499847412109 10
1743933621524 0.9730499982833862 11
1743933646696 0.9757833480834961 12
1743933671758 0.9761999845504761 13
1743933696811 0.9761833548545837 14
1743933722143 0.9779666662216187 15
1743933747446 0.9787999987602234 16
1743933773017 0.9814000129699707 17
1743933797860 0.9812666773796082 18
1743933822884 0.9814000129699707 19
1743933848046 0.9816833138465881 20
1743933873474 0.9823333621025085 21
1743933898863 0.9844499826431274 22
1743933924146 0.984083354473114 23
1743933949259 0.9845166802406311 24
1743933974373 0.9845499992370605 25
1743933999399 0.9849500060081482 26
1743934024475 0.986133337020874 27
1743934049546 0.9864166378974915 28
1743934074722 0.9859166741371155 29
1743934099700 0.9871333241462708 30
1743934124490 0.9874833226203918 31
1743934149095 0.9876833558082581 32
1743934173727 0.9889666438102722 33
1743934198225 0.9878666400909424 34
1743934222745 0.9893166422843933 35
1743934247424 0.98826664686203 36
1743934271958 0.9896166920661926 37
1743934296842 0.9897500276565552 38
1743934321867 0.9907000064849854 39
1743934347197 0.9890333414077759 40
1743934372204 0.9907666444778442 41
1743934397478 0.991349995136261 42
1743934422552 0.9908999800682068 43
1743934447885 0.9910500049591064 44
1743934473142 0.9911666512489319 45
1743934498666 0.9915833473205566 46
1743934524075 0.9904833436012268 47
1743934549339 0.991683304309845 48
1743934574736 0.9914000034332275 49
