1743933343590 0.25898244187003017 0
1743933368779 0.20580252339457494 1
1743933393959 0.17934398790752584 2
1743933419283 0.1646751309860298 3
1743933444732 0.15010028000561731 4
1743933469990 0.13521666561570306 5
1743933495142 0.12838109786344712 6
1743933520266 0.12287089946712752 7
1743933545680 0.1124415124123351 8
1743933570973 0.10687286184939113 9
1743933596178 0.09628201411107819 10
1743933621526 0.09208599661039854 11
1743933646697 0.08381992544066383 12
1743933671759 0.08199911968579406 13
1743933696812 0.07977636847643495 14
1743933722144 0.0749191556040471 15
1743933747447 0.07123128490112256 16
1743933773019 0.06386794160775898 17
1743933797861 0.06319869206483293 18
1743933822885 0.0612462732825538 19
1743933848048 0.060304497503637096 20
1743933873476 0.05775485568081458 21
1743933898864 0.05263533019598945 22
1743933924147 0.05358188789570968 23
1743933949260 0.04987102601595613 24
1743933974374 0.05089893277563981 25
1743933999400 0.04864364869058476 26
1743934024476 0.045880305300255934 27
1743934049548 0.04497758763125124 28
1743934074724 0.04450341107658365 29
1743934099701 0.04156213834094622 30
1743934124491 0.041987917184256325 31
1743934149097 0.03886916733721392 32
1743934173728 0.03581502205725431 33
1743934198226 0.03814132562029155 34
1743934222746 0.03554641640894049 35
1743934247425 0.036397471864998865 36
1743934271959 0.03416438770553633 37
1743934296843 0.032522565543661265 38
1743934321868 0.030006125762780275 39
1743934347198 0.03482629569474269 40
1743934372205 0.029452834940320437 41
1743934397479 0.02873363392509026 42
1743934422553 0.028304045470390646 43
1743934447886 0.029373711172306916 44
1743934473143 0.028908828083405735 45
1743934498667 0.02686493157200667 46
1743934524076 0.03084702301688658 47
1743934549340 0.025635709270540027 48
1743934574737 0.027889269331267827 49
