1743769941232 0.8763666749000549 0
1743769966038 0.9534000158309937 1
1743769990804 0.9650499820709229 2
1743770015415 0.9710000157356262 3
1743770040154 0.9731833338737488 4
1743770064974 0.9772499799728394 5
1743770089713 0.9788166880607605 6
1743770114691 0.9811499714851379 7
1743770139533 0.9826833605766296 8
1743770164363 0.984333336353302 9
1743770189105 0.9846166372299194 10
1743770214085 0.9869499802589417 11
1743770238947 0.9874333143234253 12
1743770264045 0.9883833527565002 13
1743770289091 0.9884833097457886 14
1743770313979 0.989549994468689 15
1743770338978 0.9906666874885559 16
1743770363890 0.9896000027656555 17
1743770388823 0.9915333390235901 18
1743770413857 0.9910500049591064 19
1743770438887 0.9920666813850403 20
1743770463802 0.9922999739646912 21
1743770488737 0.9923333525657654 22
1743770513866 0.9922000169754028 23
1743770538886 0.9928333163261414 24
1743770563867 0.9938166737556458 25
1743770588750 0.9933833479881287 26
1743770613627 0.9936000108718872 27
1743770638582 0.9935833215713501 28
1743770663410 0.9946333169937134 29
1743770688262 0.9946833252906799 30
1743770713025 0.9932666420936584 31
1743770737986 0.9939000010490417 32
1743770762947 0.9944333434104919 33
1743770787795 0.9936666488647461 34
1743770812641 0.995199978351593 35
1743770837483 0.9943166375160217 36
1743770862452 0.9948166608810425 37
1743770904464 0.9959333539009094 38
1743771039767 0.994616687297821 39
1743771175107 0.9955666661262512 40
1743771310700 0.9946833252906799 41
1743771446596 0.9955333471298218 42
1743771582491 0.9958333373069763 43
1743771718615 0.995116651058197 44
1743771854616 0.9956833124160767 45
1743771990737 0.9966333508491516 46
1743772061427 0.9956499934196472 47
1743772086327 0.9948833584785461 48
1743772111263 0.9966166615486145 49
