1743769941233 0.3942609545459855 0
1743769966039 0.15236863949900065 1
1743769990805 0.11597587098901908 2
1743770015417 0.0958934904755166 3
1743770040156 0.08480998364033439 4
1743770064975 0.07157595345545135 5
1743770089715 0.06448684082753361 6
1743770114692 0.058622016659453956 7
1743770139534 0.05177788046680248 8
1743770164364 0.04693049231554013 9
1743770189106 0.045634535777572184 10
1743770214086 0.04017180896709061 11
1743770238948 0.03806348414780797 12
1743770264046 0.0354325158167304 13
1743770289092 0.03535738939038736 14
1743770313980 0.031081412574374478 15
1743770338979 0.028588723379255037 16
1743770363891 0.03098972116815012 17
1743770388824 0.025298094114259168 18
1743770413858 0.026111400869345002 19
1743770438888 0.02416242023322393 20
1743770463804 0.02344966295352427 21
1743770488738 0.02469904690269152 22
1743770513867 0.023440148762026384 23
1743770538887 0.022539487089269897 24
1743770563868 0.019883387255642714 25
1743770588751 0.019357865462131387 26
1743770613628 0.019828259193817442 27
1743770638583 0.02048453134370578 28
1743770663411 0.017036657847518455 29
1743770688263 0.017292462462251423 30
1743770713027 0.02098787704484109 31
1743770737987 0.01863146465032092 32
1743770762948 0.017284561248587033 33
1743770787796 0.020612168561566606 34
1743770812642 0.014305863562960859 35
1743770837484 0.01754031958476694 36
1743770862453 0.017364974021972127 37
1743770904465 0.013413574129213656 38
1743771039768 0.017274237355909286 39
1743771175108 0.013295851259929154 40
1743771310701 0.016630280989144063 41
1743771446597 0.014009779697514487 42
1743771582492 0.01467787617872637 43
1743771718616 0.014996948103455627 44
1743771854617 0.013533941564068605 45
1743771990739 0.01060240048942595 46
1743772061429 0.014787409157925376 47
1743772086328 0.018490881583895006 48
1743772111264 0.01068588910746753 49
