1743993017879 0.39349976720488056 0
1743993043643 0.16072970200719663 1
1743993069523 0.12569858198190245 2
1743993095411 0.10074922541350306 3
1743993121373 0.08729766601981419 4
1743993147402 0.07668534709456425 5
1743993173767 0.06568564198799745 6
1743993199621 0.0639719946762914 7
1743993225720 0.05550453213512777 8
1743993251753 0.05406485028172707 9
1743993277977 0.04812473142464933 10
1743993304273 0.048524097116765884 11
1743993330541 0.04199614912098144 12
1743993356736 0.04011757292523362 13
1743993383005 0.03805028179497563 14
1743993409340 0.034832264823774245 15
1743993435709 0.03589978255393716 16
1743993462113 0.029874533075518694 17
1743993488327 0.032660309922802035 18
1743993514570 0.03093295572434676 19
1743993540734 0.041736248987524954 20
1743993566671 0.028146667895581644 21
1743993592707 0.02494045198839726 22
1743993618957 0.02696149097978741 23
1743993644886 0.023367254532576796 24
1743993670891 0.029118495356113307 25
1743993696718 0.021207570393859402 26
1743993722692 0.026869025952353277 27
1743993748663 0.019597232412531963 28
1743993774748 0.02547980962078672 29
1743993800858 0.023077300921904645 30
1743993826633 0.01854315247038739 31
1743993852980 0.020707100319978373 32
1743993879222 0.023239008097388204 33
1743993905513 0.019084360198113888 34
1743993931778 0.02019536462112263 35
1743993957892 0.016973246961157443 36
1743993983806 0.02003268690022713 37
1743994009813 0.020743785852145858 38
1743994035812 0.024549049692179373 39
1743994061862 0.016769868729688126 40
1743994087795 0.011068757972308893 41
1743994113588 0.015278386547661985 42
1743994139443 0.024875358928745525 43
1743994165423 0.023417887676986437 44
1743994191431 0.011168579957558569 45
1743994217515 0.013988006365652892 46
1743994243721 0.027831309006133596 47
1743994269985 0.012698196689151842 48
1743994296193 0.014313788476802564 49
