1747770763014 2.8508617877960205 0
1747770763175 1.7535544633865356 1
1747770763342 1.480562448501587 2
1747770763501 1.351193904876709 3
1747770763715 1.1288650035858154 4
1747770763948 0.9928721785545349 5
1747770764177 0.8649248480796814 6
1747770764408 0.7418548464775085 7
1747770764643 0.6642731428146362 8
1747770764875 0.5837625861167908 9
1747770765107 0.5621700286865234 10
1747770765339 0.5633728504180908 11
1747770765581 0.5262724757194519 12
1747770765820 0.5287690758705139 13
1747770766046 0.5014771819114685 14
1747770766203 0.5135699510574341 15
1747770766369 0.4438132047653198 16
1747770766541 0.5074900984764099 17
1747770766713 0.44592157006263733 18
1747770766886 0.42829784750938416 19
1747770767061 0.4793872535228729 20
1747770767234 0.517163097858429 21
1747770767407 0.4748917520046234 22
1747770767583 0.44165030121803284 23
1747770767758 0.4161607623100281 24
1747770767932 0.4293261766433716 25
1747770768110 0.4728626310825348 26
1747770768284 0.4378015398979187 27
1747770768460 0.4345428943634033 28
1747770768636 0.49579137563705444 29
1747770768803 0.44256383180618286 30
1747770768959 0.45300930738449097 31
1747770769118 0.5397186279296875 32
1747770769279 0.4067404270172119 33
1747770769440 0.35566920042037964 34
1747770769600 0.38533785939216614 35
1747770769762 0.375717431306839 36
1747770769998 0.38296905159950256 37
1747770770236 0.3803780674934387 38
1747770770469 0.5195345878601074 39
1747770770707 0.5006104707717896 40
1747770770942 0.46170440316200256 41
1747770771173 0.3444899022579193 42
1747770771407 0.35493189096450806 43
1747770771638 0.36830711364746094 44
1747770771867 0.35194453597068787 45
1747770772103 0.39945289492607117 46
1747770772303 0.5004867911338806 47
1747770772467 0.675836443901062 48
1747770772633 0.6946914196014404 49
