1747609380439 0.9146601557731628 0
1747609421702 0.9146797060966492 1
1747609462368 0.9148086905479431 2
1747609502531 0.9147188067436218 3
1747609543090 0.9150041341781616 4
1747609584282 0.9153403043746948 5
1747609624785 0.9153207540512085 6
1747609665005 0.9154028296470642 7
1747609704930 0.9153324961662292 8
1747609743969 0.9152699112892151 9
1747609784941 0.9152386784553528 10
1747609825596 0.9153285622596741 11
1747609865410 0.9153012037277222 12
1747609905735 0.9152464866638184 13
1747609945441 0.9153285622596741 14
1747609986110 0.9154419302940369 15
1747610026395 0.9154184460639954 16
1747610066651 0.9153598546981812 17
1747610106856 0.9153285622596741 18
1747610147154 0.9153598546981812 19
1747610186886 0.9152894616127014 20
1747610222371 0.9152386784553528 21
1747610261108 0.9152816534042358 22
1747610301497 0.9153129458427429 23
1747610341365 0.9153989553451538 24
1747610381118 0.9153910875320435 25
1747610422048 0.9152973294258118 26
1747610463202 0.9153441786766052 27
1747610502862 0.9153832793235779 28
1747610544185 0.9153598546981812 29
1747610584092 0.9154497385025024 30
1747610624406 0.915355920791626 31
1747610664933 0.9153403043746948 32
1747610705498 0.9153051376342773 33
1747610737261 0.9153598546981812 34
1747610777608 0.9154536724090576 35
1747610817772 0.9154223799705505 36
1747610856999 0.9152151942253113 37
1747610897392 0.915355920791626 38
1747610937457 0.9154458045959473 39
1747610977329 0.9152151942253113 40
1747611016747 0.9152894616127014 41
1747611056167 0.9155083894729614 42
1747611096474 0.915457546710968 43
1747611137060 0.9154536724090576 44
1747611177078 0.9153441786766052 45
1747611212699 0.915457546710968 46
1747611249426 0.9153285622596741 47
1747611289326 0.9153872132301331 48
1747611329173 0.9153794050216675 49
