1747710087457 0.9148595333099365 0
1747710103277 0.9150901436805725 1
1747710119107 0.915183961391449 2
1747710134753 0.9152347445487976 3
1747710150435 0.915183961391449 4
1747710166045 0.9153051376342773 5
1747710181499 0.9151292443275452 6
1747710197149 0.9151175022125244 7
1747710212500 0.915285587310791 8
1747710227955 0.9153676629066467 9
1747710243426 0.915414571762085 10
1747710258845 0.9154106378555298 11
1747710274196 0.9153481125831604 12
1747710289643 0.9150197505950928 13
1747710304879 0.9152113199234009 14
1747710320432 0.9153637290000916 15
1747710336142 0.9152933955192566 16
1747710351897 0.9153598546981812 17
1747710367221 0.9153012037277222 18
1747710382599 0.915414571762085 19
1747710398072 0.9153441786766052 20
1747710413733 0.9154028296470642 21
1747710429283 0.915516197681427 22
1747710444854 0.9154028296470642 23
1747710460446 0.915473222732544 24
1747710475877 0.9154341220855713 25
1747710491546 0.9155279397964478 26
1747710507105 0.9156803488731384 27
1747710522507 0.9155083894729614 28
1747710537751 0.9155826568603516 29
1747710553157 0.9154497385025024 30
1747710568656 0.9154379963874817 31
1747710584594 0.9155787229537964 32
1747710600149 0.9157311916351318 33
1747710615635 0.9156412482261658 34
1747710631284 0.9155787229537964 35
1747710646828 0.9155240058898926 36
1747710662433 0.9155396223068237 37
1747710678254 0.9157702326774597 38
1747710693885 0.9156060814857483 39
1747710709309 0.9157585501670837 40
1747710724720 0.9158992767333984 41
1747710740159 0.9156216979026794 42
1747710755440 0.9155357480049133 43
1747710770948 0.915805459022522 44
1747710786449 0.9157272577285767 45
1747710802197 0.9157663583755493 46
1747710818098 0.9158250093460083 47
1747710833743 0.9158562421798706 48
1747710849341 0.9158914089202881 49
