1747588517654 0.3562718447151227 0
1747588524860 0.06437070999469476 1
1747588532076 0.05445880684857573 2
1747588538483 0.05288836677191332 3
1747588545480 0.051100642226126654 4
1747588552042 0.04978901379653556 5
1747588558982 0.048605205349363766 6
1747588565777 0.047800706944398114 7
1747588572960 0.04721805722355637 8
1747588579766 0.04682277533000308 9
1747588586596 0.046362510222494664 10
1747588593575 0.04328160782856502 11
1747588600401 0.038113842317405236 12
1747588607327 0.03450277815666508 13
1747588614243 0.03263725016713814 14
1747588621355 0.031850122469710335 15
1747588628688 0.031187870025277255 16
1747588635572 0.030674148706918626 17
1747588642516 0.030280736939975877 18
1747588649348 0.030053858648885805 19
1747588656273 0.029908416329690008 20
1747588663182 0.02977429370690069 21
1747588669912 0.02967079515932507 22
1747588676837 0.02954712428165913 23
1747588683834 0.029498112407937906 24
1747588690814 0.029377524932933698 25
1747588697583 0.0293082904622327 26
1747588704353 0.029291498009135775 27
1747588711080 0.02923905008915702 28
1747588717583 0.029254491035162443 29
1747588724905 0.029240183332022433 30
1747588731938 0.029240991092161554 31
1747588738734 0.029239915436710093 32
1747588745482 0.029277975413273222 33
1747588752419 0.029214775423703526 34
1747588759473 0.02922710849825957 35
1747588766465 0.02920770953260484 36
1747588773717 0.02918807965580315 37
1747588781103 0.029223903436372014 38
1747588788233 0.029164353251999543 39
1747588795210 0.02917261044161345 40
1747588802242 0.029174239468177203 41
1747588809231 0.029181123537467248 42
1747588816111 0.029201731508267312 43
1747588823052 0.029129834014138895 44
1747588830297 0.029189055863509863 45
1747588837568 0.029137045509793482 46
1747588844507 0.02913729600772004 47
1747588851473 0.02917703148200284 48
1747588858465 0.0291274714213488 49
