1747588517653 0.18817715346813202 0
1747588524858 0.10968794673681259 1
1747588532075 0.09238541126251221 2
1747588538481 0.08944502472877502 3
1747588545479 0.09230723977088928 4
1747588552040 0.09304168820381165 5
1747588558980 0.09558645635843277 6
1747588565775 0.09465903788805008 7
1747588572958 0.0944061130285263 8
1747588579765 0.09463385492563248 9
1747588586595 0.09396938979625702 10
1747588593574 0.09044843912124634 11
1747588600400 0.08101192116737366 12
1747588607326 0.07583986222743988 13
1747588614241 0.0729026198387146 14
1747588621353 0.07185005396604538 15
1747588628686 0.07056615501642227 16
1747588635570 0.07014291733503342 17
1747588642515 0.07025919109582901 18
1747588649347 0.0698077380657196 19
1747588656272 0.06883861124515533 20
1747588663181 0.06885966658592224 21
1747588669910 0.06848232448101044 22
1747588676835 0.06831991672515869 23
1747588683833 0.0687197893857956 24
1747588690813 0.06872756779193878 25
1747588697582 0.06892786175012589 26
1747588704351 0.06883398443460464 27
1747588711079 0.06881605833768845 28
1747588717581 0.06901509314775467 29
1747588724903 0.0691559836268425 30
1747588731937 0.06897760927677155 31
1747588738732 0.06906071305274963 32
1747588745481 0.06891825050115585 33
1747588752417 0.06891773641109467 34
1747588759471 0.06911512464284897 35
1747588766463 0.0689467117190361 36
1747588773715 0.06892939656972885 37
1747588781102 0.06895651668310165 38
1747588788231 0.06911590695381165 39
1747588795208 0.06906731426715851 40
1747588802241 0.06891538202762604 41
1747588809229 0.0693286582827568 42
1747588816110 0.06920909136533737 43
1747588823050 0.06903437525033951 44
1747588830295 0.0691320151090622 45
1747588837567 0.06942826509475708 46
1747588844506 0.06919283419847488 47
1747588851472 0.0694526731967926 48
1747588858463 0.06908639520406723 49
