1747770689305 2.890175084637125 0
1747770689607 2.786622134787108 1
1747770689940 2.7036501659567582 2
1747770690215 2.61108567610136 3
1747770690502 2.537813946492218 4
1747770690828 2.4325098567634815 5
1747770691113 2.2128996582605356 6
1747770691409 1.9134306936851488 7
1747770691667 1.712293909317442 8
1747770691916 1.5776741251808377 9
1747770692176 1.3795814534234707 10
1747770692443 1.2282662056952864 11
1747770692712 0.9809238757679519 12
1747770692939 0.7283878233514497 13
1747770693189 0.6110897459173825 14
1747770693415 0.5447249528345544 15
1747770693640 0.5008876297503984 16
1747770693867 0.4711686981153285 17
1747770694134 0.4508189165953988 18
1747770694396 0.4106051849966711 19
1747770694625 0.3958533535677793 20
1747770694855 0.378887032790459 21
1747770695093 0.37097351393052996 22
1747770695401 0.3628170415906403 23
1747770695675 0.35391451519665074 24
1747770695964 0.35226603691962705 25
1747770696299 0.3407082388459274 26
1747770696581 0.3327851888667376 27
1747770696879 0.3331740105326307 28
1747770697183 0.3172009029209616 29
1747770697485 0.3075639756512572 30
1747770697758 0.2994821238122517 31
1747770698000 0.2924464602732891 32
1747770698216 0.2920441515261533 33
1747770698444 0.29029445966588474 34
1747770698710 0.2838907568647267 35
1747770698955 0.27971311096582907 36
1747770699173 0.2841852590917198 37
1747770699393 0.28365636478638556 38
1747770699640 0.2697698396368789 39
1747770699895 0.27260769194935197 40
1747770700114 0.26525541829652477 41
1747770700336 0.2634840498332215 42
1747770700556 0.2631236121860277 43
1747770700777 0.25825891369444276 44
1747770701012 0.2578360925691642 45
1747770701283 0.258110339074571 46
1747770701522 0.25636710453953876 47
1747770701818 0.25440695178428124 48
1747770702111 0.2515041367133783 49
