1747770689303 0.1931818127632141 0
1747770689606 0.1721590906381607 1
1747770689938 0.17840908467769623 2
1747770690213 0.1880681812763214 3
1747770690500 0.23863635957241058 4
1747770690826 0.2767045497894287 5
1747770691111 0.3579545319080353 6
1747770691407 0.4596590995788574 7
1747770691666 0.5301136374473572 8
1747770691915 0.5829545259475708 9
1747770692174 0.6448863744735718 10
1747770692441 0.6721590757369995 11
1747770692711 0.7255681753158569 12
1747770692938 0.793749988079071 13
1747770693187 0.8085227012634277 14
1747770693413 0.8181818127632141 15
1747770693639 0.8346590995788574 16
1747770693866 0.8397727012634277 17
1747770694132 0.8465909361839294 18
1747770694395 0.8545454740524292 19
1747770694624 0.8613636493682861 20
1747770694853 0.8647727370262146 21
1747770695091 0.8653408885002136 22
1747770695400 0.8721590638160706 23
1747770695673 0.8789772987365723 24
1747770695962 0.8698863387107849 25
1747770696298 0.8801136612892151 26
1747770696579 0.8715909123420715 27
1747770696877 0.8710227012634277 28
1747770697181 0.8818181753158569 29
1747770697483 0.8846591114997864 30
1747770697757 0.8840909004211426 31
1747770697998 0.8909090757369995 32
1747770698215 0.8926136493682861 33
1747770698442 0.8926136493682861 34
1747770698709 0.8971590995788574 35
1747770698954 0.8977272510528564 36
1747770699171 0.8931818008422852 37
1747770699392 0.887499988079071 38
1747770699638 0.8971590995788574 39
1747770699894 0.8948863744735718 40
1747770700113 0.8982954621315002 41
1747770700334 0.9005681872367859 42
1747770700554 0.8982954621315002 43
1747770700776 0.8999999761581421 44
1747770701010 0.8988636136054993 45
1747770701282 0.894318163394928 46
1747770701520 0.8960227370262146 47
1747770701816 0.9034090638160706 48
1747770702110 0.9005681872367859 49
