1747771051616 0.34161313556479306 0
1747771051843 0.23453838035594646 1
1747771052136 0.18959214394611854 2
1747771052432 0.1928969400077735 3
1747771052717 0.2007847382275341 4
1747771053011 0.18240298363022964 5
1747771053306 0.13362928665623636 6
1747771053601 0.13732630088236814 7
1747771053895 0.12046450259430556 8
1747771054191 0.12705756884398667 9
1747771054588 0.18042621405831943 10
1747771054917 0.14858971786715253 11
1747771055276 0.1420349619478983 12
1747771055677 0.12456786653803165 13
1747771055999 0.1376053869942774 14
1747771056356 0.1497431697116963 15
1747771056722 0.12587341790551151 16
1747771057002 0.11882388567716062 17
1747771057264 0.09667776555703174 18
1747771057548 0.08767686061208253 19
1747771057840 0.09081154835853043 20
1747771058136 0.09803880598480412 21
1747771058435 0.08848116615751359 22
1747771058733 0.0763883945373186 23
1747771059032 0.08132351640086306 24
1747771059328 0.09269303317989737 25
1747771059616 0.08271858531476357 26
1747771059836 0.08959108814789081 27
1747771060103 0.08554763545446704 28
1747771060445 0.08171625512408817 29
1747771060806 0.07808749575360023 30
1747771061206 0.06626440589057034 31
1747771061528 0.07936848300969426 32
1747771061897 0.0680302880444041 33
1747771062235 0.07383128989314154 34
1747771062593 0.07806012888386595 35
1747771062983 0.07054686963283184 36
1747771063232 0.07180233320892572 37
1747771063496 0.0701496417415131 38
1747771063835 0.07279593565243904 39
1747771064059 0.07609495513625562 40
1747771064330 0.1095590874877099 41
1747771064645 0.08148967455892664 42
1747771064905 0.09154929052473625 43
1747771065179 0.10959433867107046 44
1747771065484 0.07917392640229208 45
1747771065777 0.06515288556983526 46
1747771066031 0.07052021561064961 47
1747771066310 0.0655922948375627 48
1747771066623 0.07901655629360418 49
