1743947071927 0.8589000105857849 0
1743947097046 0.9509333372116089 1
1743947122096 0.9628166556358337 2
1743947147446 0.9694499969482422 3
1743947172458 0.9733999967575073 4
1743947197631 0.9762333035469055 5
1743947222574 0.979200005531311 6
1743947247635 0.9814500212669373 7
1743947272892 0.9830666780471802 8
1743947298188 0.9841166734695435 9
1743947323198 0.9844666719436646 10
1743947348167 0.9863499999046326 11
1743947373096 0.9875166416168213 12
1743947398202 0.9884333610534668 13
1743947423482 0.9886166453361511 14
1743947448637 0.9904833436012268 15
1743947473738 0.9893166422843933 16
1743947498933 0.989983320236206 17
1743947524217 0.9912999868392944 18
1743947549372 0.9911999702453613 19
1743947574532 0.9915666580200195 20
1743947599628 0.9925500154495239 21
1743947624581 0.9924666881561279 22
1743947649697 0.9922333359718323 23
1743947674880 0.9926833510398865 24
1743947700177 0.9928500056266785 25
1743947725275 0.9935333132743835 26
1743947750297 0.9940666556358337 27
1743947775696 0.9923666715621948 28
1743947801151 0.9933333396911621 29
1743947826194 0.9951000213623047 30
1743947851518 0.9933333396911621 31
1743947876745 0.9941333532333374 32
1743947901990 0.9946333169937134 33
1743947927169 0.9954333305358887 34
1743947952476 0.9936500191688538 35
1743947977742 0.9956166744232178 36
1743948002895 0.9939500093460083 37
1743948028158 0.9952999949455261 38
1743948053539 0.9944333434104919 39
1743948078933 0.9969666600227356 40
1743948104031 0.9954833388328552 41
1743948129165 0.9947500228881836 42
1743948154119 0.9961666464805603 43
1743948179524 0.9953833222389221 44
1743948204656 0.9957500100135803 45
1743948230113 0.9963499903678894 46
1743948255427 0.9956333041191101 47
1743948280704 0.996749997138977 48
1743948306003 0.9954000115394592 49
