1743947071929 0.43999285420927464 0
1743947097048 0.1634284955862859 1
1743947122098 0.12300229503549334 2
1743947147448 0.1013250472971469 3
1743947172460 0.08766058356750527 4
1743947197633 0.07678519495886674 5
1743947222576 0.06789742682862401 6
1743947247636 0.05960535195165028 7
1743947272893 0.05532691634170069 8
1743947298189 0.05189970515719112 9
1743947323200 0.04816097308334056 10
1743947348168 0.04286604756834599 11
1743947373098 0.03921189845719142 12
1743947398204 0.037263524637365264 13
1743947423484 0.03571458504907187 14
1743947448639 0.031067830075211293 15
1743947473740 0.03459823680932 16
1743947498935 0.031761259345351685 17
1743947524219 0.02775596861871428 18
1743947549373 0.02768643043621589 19
1743947574533 0.027131353748338315 20
1743947599629 0.024140462769060487 21
1743947624582 0.022700943891425927 22
1743947649698 0.02551714161748382 23
1743947674882 0.023692995325922908 24
1743947700179 0.0234551422781 25
1743947725276 0.02071340243871943 26
1743947750299 0.01898504717532596 27
1743947775698 0.024972403830639603 28
1743947801153 0.02068895870314225 29
1743947826195 0.015634029123377743 30
1743947851520 0.02310755755104727 31
1743947876747 0.021178500835251364 32
1743947901991 0.017203643065748873 33
1743947927171 0.014647109216513843 34
1743947952478 0.020517252422397454 35
1743947977744 0.014549107539639197 36
1743948002897 0.020751729579291594 37
1743948028160 0.015308085918788177 38
1743948053540 0.019322491485781062 39
1743948078935 0.010605273502696268 40
1743948104033 0.015217086740466278 41
1743948129167 0.019348533489984568 42
1743948154121 0.014586517048104755 43
1743948179525 0.01693572226147323 44
1743948204658 0.015262931184341454 45
1743948230114 0.01323553786500641 46
1743948255429 0.015316270026517297 47
1743948280706 0.012286161348027284 48
1743948306005 0.017015265112627638 49
