1747596560692 0.09684786200523376 0
1747596569441 0.03695010021328926 1
1747596578218 0.01914065331220627 2
1747596587407 0.015384314581751823 3
1747596596075 0.013297869823873043 4
1747596605214 0.012171887792646885 5
1747596614659 0.011444629170000553 6
1747596624131 0.010580698028206825 7
1747596633222 0.010502518154680729 8
1747596642849 0.010164529085159302 9
1747596651765 0.010330349206924438 10
1747596661323 0.009416305460035801 11
1747596670743 0.009810763411223888 12
1747596680445 0.009763175621628761 13
1747596690012 0.009323567152023315 14
1747596699715 0.009244692511856556 15
1747596709098 0.009075813926756382 16
1747596717746 0.008819682523608208 17
1747596726905 0.008700031787157059 18
1747596735521 0.00875734444707632 19
1747596744274 0.008259011432528496 20
1747596753086 0.008446071296930313 21
1747596761769 0.008024667389690876 22
1747596770624 0.00799421314150095 23
1747596779179 0.007781282998621464 24
1747596787767 0.007827673107385635 25
1747596796874 0.0075798239558935165 26
1747596805591 0.007540014106780291 27
1747596814422 0.007400056812912226 28
1747596822980 0.007421777117997408 29
1747596831439 0.007048418745398521 30
1747596840543 0.0072716157883405685 31
1747596849208 0.007147239055484533 32
1747596858173 0.00714810099452734 33
1747596866928 0.006991585250943899 34
1747596875434 0.006667351815849543 35
1747596884285 0.00712291756644845 36
1747596892884 0.00664744945243001 37
1747596901636 0.006739574484527111 38
1747596910587 0.006781935691833496 39
1747596919087 0.006560068111866713 40
1747596927664 0.006592493038624525 41
1747596936524 0.00654630409553647 42
1747596944953 0.006442890502512455 43
1747596953726 0.006444529630243778 44
1747596962444 0.006292239762842655 45
1747596970855 0.006232521962374449 46
1747596979741 0.006175491027534008 47
1747596988534 0.006293081678450108 48
1747596997578 0.006338061764836311 49
