1743752189389 0.3752736449241638 0
1743752211779 0.2528890371322632 1
1743752234292 0.23679885268211365 2
1743752256871 0.2278294414281845 3
1743752279485 0.22192886471748352 4
1743752302240 0.21795012056827545 5
1743752325064 0.21459339559078217 6
1743752347638 0.21182121336460114 7
1743752370164 0.20921194553375244 8
1743752392907 0.20664162933826447 9
1743752415627 0.20412097871303558 10
1743752438269 0.2016250640153885 11
1743752460858 0.19901640713214874 12
1743752483070 0.1964017003774643 13
1743752505464 0.19374220073223114 14
1743752528175 0.1911882609128952 15
1743752550837 0.18861369788646698 16
1743752573334 0.18632414937019348 17
1743752595638 0.18381953239440918 18
1743752618142 0.1819523572921753 19
1743752640575 0.18008442223072052 20
1743752663020 0.1785449981689453 21
1743752685674 0.17692576348781586 22
1743752708297 0.17544086277484894 23
1743752730906 0.1739703267812729 24
1743752753437 0.1728866845369339 25
1743752775696 0.17174440622329712 26
1743752798174 0.1707131415605545 27
1743752820552 0.16981041431427002 28
1743752842981 0.1687929928302765 29
1743752865561 0.16794192790985107 30
1743752888221 0.1670628786087036 31
1743752910749 0.1661960333585739 32
1743752933187 0.1656530797481537 33
1743752955802 0.16483895480632782 34
1743752978257 0.1641833633184433 35
1743753000647 0.16360852122306824 36
1743753023284 0.16298621892929077 37
1743753045964 0.1623549461364746 38
1743753068535 0.16197821497917175 39
1743753090900 0.16139277815818787 40
1743753113360 0.16102679073810577 41
1743753135825 0.16060271859169006 42
1743753158206 0.15982620418071747 43
1743753180647 0.15961001813411713 44
1743753203331 0.1590505689382553 45
1743753226031 0.1586373895406723 46
1743753248359 0.158233180642128 47
1743753270769 0.15767493844032288 48
1743753293196 0.1574040651321411 49
