1743752189390 0.3167463909104075 0
1743752211780 0.20124030867377232 1
1743752234293 0.1853371068263593 2
1743752256872 0.17623860108011516 3
1743752279486 0.1703238544850764 4
1743752302240 0.1663025922027237 5
1743752325065 0.1628152893695329 6
1743752347639 0.15986798116798448 7
1743752370165 0.15704387901754313 8
1743752392908 0.1543189016024735 9
1743752415628 0.1514950555725035 10
1743752438270 0.14859957273084348 11
1743752460859 0.14559982802077706 12
1743752483071 0.1426114412463365 13
1743752505465 0.1395498590419387 14
1743752528176 0.136374273412075 15
1743752550837 0.13340989135802628 16
1743752573335 0.13061784632571785 17
1743752595639 0.12800444330705218 18
1743752618142 0.12574600803591546 19
1743752640576 0.12382856378294779 20
1743752663021 0.12199698235049507 21
1743752685675 0.12021070096950336 22
1743752708298 0.1185370462427658 23
1743752730907 0.1170661845066848 24
1743752753438 0.11580441105961221 25
1743752775697 0.11453312170725594 26
1743752798175 0.11340686891753222 27
1743752820553 0.11237950014796055 28
1743752842982 0.11128644842620339 29
1743752865561 0.11027665171399767 30
1743752888222 0.10941867200500144 31
1743752910750 0.10856469581205914 32
1743752933188 0.10788158833462465 33
1743752955802 0.10714493966917213 34
1743752978258 0.10644858487916946 35
1743753000648 0.10591100209211177 36
1743753023285 0.10531654161191567 37
1743753045965 0.10474791236497692 38
1743753068536 0.10427566343998687 39
1743753090901 0.10379124669874573 40
1743753113361 0.10335158468652722 41
1743753135826 0.1028613005897015 42
1743753158207 0.10232106303927269 43
1743753180648 0.10193042053483432 44
1743753203332 0.10146632659579959 45
1743753226032 0.1010703862317884 46
1743753248359 0.10059889746724067 47
1743753270770 0.1001727426748734 48
1743753293197 0.09985000481947048 49
