1747692568967 0.25783294860820677 0
1747692584415 0.24861549432779897 1
1747692600324 0.24626247693128112 2
1747692615834 0.24403245457790365 3
1747692631275 0.24346813354473626 4
1747692646846 0.24282010133517612 5
1747692662340 0.2409790513079466 6
1747692677485 0.24076134039881975 7
1747692692175 0.23987277933350323 8
1747692706862 0.23957877596935012 9
1747692721564 0.239762053232822 10
1747692737202 0.23883748948404884 11
1747692752786 0.23897517093369874 12
1747692767619 0.23848028893105871 13
1747692783049 0.23868034837537036 14
1747692798389 0.23788002547320014 15
1747692813350 0.23822099607646138 16
1747692828680 0.23777397806142905 17
1747692844215 0.23794888840573722 18
1747692859390 0.23756804348916458 19
1747692874883 0.237618258684745 20
1747692890309 0.23741637167681195 21
1747692905374 0.2373457864402768 22
1747692920161 0.23724264568298142 23
1747692935198 0.23708775833129664 24
1747692950482 0.23721093281192476 25
1747692965299 0.23695923807795113 26
1747692981196 0.2370856354862336 27
1747692996928 0.23701161690031777 28
1747693011434 0.23691175184943028 29
1747693025647 0.23678519608715606 30
1747693041091 0.2367168682912384 31
1747693056814 0.23686350987201554 32
1747693072076 0.23666042708006604 33
1747693087680 0.23674193030666815 34
1747693103222 0.2366217413730522 35
1747693118644 0.23664600374697847 36
1747693134006 0.23657209913653107 37
1747693149102 0.2365499524664804 38
1747693163965 0.23648683779476248 39
1747693179578 0.23643399156097547 40
1747693195219 0.2363987614720737 41
1747693210818 0.2363852495536216 42
1747693226341 0.2363602436015085 43
1747693241589 0.2362799562005843 44
1747693256710 0.23628490831581794 45
1747693271581 0.23621537274675236 46
1747693286244 0.23621927260480524 47
1747693301752 0.23628683861001137 48
1747693317028 0.23617279105339356 49
