1747771595997 3.069442363551731 0
1747771596190 2.942797516618525 1
1747771596384 2.7823354242006366 2
1747771596578 2.596559623140915 3
1747771596773 2.435875641338782 4
1747771596967 2.2250272617085507 5
1747771597162 2.055415358194255 6
1747771597359 1.9466683970719845 7
1747771597555 1.8774405178106035 8
1747771597749 1.774548900175386 9
1747771597946 1.611141031865652 10
1747771598142 1.4706120890815448 11
1747771598338 1.2797809043815465 12
1747771598535 1.2002223610925502 13
1747771598730 1.1309369159703841 14
1747771599030 1.0463011965605118 15
1747771599335 0.928494361259203 16
1747771599641 0.8199497032828952 17
1747771599945 0.6954369001113525 18
1747771600153 0.6030055715857198 19
1747771600344 0.5071585542621084 20
1747771600537 0.48910480766507264 21
1747771600731 0.4523952122101747 22
1747771600925 0.4419321951552366 23
1747771601121 0.40533162336688305 24
1747771601317 0.38762097685641994 25
1747771601520 0.3692798094640787 26
1747771601724 0.35308728953242785 27
1747771601928 0.3485165302133652 28
1747771602135 0.32769969602231835 29
1747771602346 0.3119973919997109 30
1747771602554 0.31188900499530875 31
1747771602761 0.30046818713362294 32
1747771602966 0.28887570621233716 33
1747771603179 0.2839195725515386 34
1747771603385 0.2691927356016141 35
1747771603591 0.26989023747800067 36
1747771603841 0.24945544434853456 37
1747771604146 0.253034999686423 38
1747771604451 0.2516983647883054 39
1747771604757 0.24078819078413455 40
1747771605023 0.24045657928309358 41
1747771605217 0.24000088527401192 42
1747771605424 0.22396853040542647 43
1747771605626 0.2212859967408592 44
1747771605829 0.21103671529976456 45
1747771606032 0.20835094706774088 46
1747771606237 0.20942519025116818 47
1747771606442 0.1978715856471611 48
1747771606649 0.2026856591958853 49
