1747771673537 3.0957242486622305 0
1747771673755 3.092251634161418 1
1747771673973 3.071313074417604 2
1747771674191 2.9904030818766065 3
1747771674412 2.9354637544054456 4
1747771674640 2.8540329407340574 5
1747771674870 2.7716298140963103 6
1747771675100 2.5913033261134215 7
1747771675329 2.3472675642267005 8
1747771675560 2.135474094435874 9
1747771675844 1.9756149258200448 10
1747771676187 1.7937154914399613 11
1747771676532 1.5679348245200038 12
1747771676878 1.421799476251007 13
1747771677111 1.346386155449432 14
1747771677325 1.264597116274688 15
1747771677543 1.1948388514298565 16
1747771677767 1.0961775660219122 17
1747771677995 1.0357281269041867 18
1747771678218 0.972511673937314 19
1747771678447 0.9411607235860048 20
1747771678676 0.897916394773947 21
1747771678906 0.8811043092931733 22
1747771679136 0.8603388440428239 23
1747771679366 0.861101985083773 24
1747771679596 0.807735673647737 25
1747771679826 0.7813010023805863 26
1747771680039 0.7765987486188444 27
1747771680253 0.7439393449186351 28
1747771680478 0.7223688460924819 29
1747771680720 0.6926095695453561 30
1747771681060 0.6853316250454562 31
1747771681402 0.6751252033443083 32
1747771681747 0.6531922686241937 33
1747771682015 0.6275632691680185 34
1747771682229 0.6060425540109963 35
1747771682444 0.5922348481890871 36
1747771682661 0.5620147599472453 37
1747771682880 0.530933921537691 38
1747771683109 0.5112408153392606 39
1747771683331 0.5093728846308648 40
1747771683563 0.4831173253208578 41
1747771683793 0.4783336247955682 42
1747771684023 0.4666596737990721 43
1747771684254 0.46419460348627123 44
1747771684484 0.45427336334221213 45
1747771684713 0.4369401921639377 46
1747771684942 0.4183678597614128 47
1747771685173 0.40584585983277177 48
1747771685404 0.40557039620259233 49
