1743941845303 0.2670058359930335 0
1743941869676 0.23911740446616891 1
1743941893947 0.22136118865235982 2
1743941918315 0.20508078285570522 3
1743941942461 0.19154839326826806 4
1743941966613 0.1819934861504669 5
1743941990834 0.17478798370412738 6
1743942015036 0.1685985214675387 7
1743942039092 0.16313925840764337 8
1743942063630 0.15812859545254415 9
1743942087843 0.15371032322799738 10
1743942111977 0.14951614421488618 11
1743942135919 0.14548929052321655 12
1743942160208 0.1421925832243278 13
1743942184470 0.13916914781177117 14
1743942208731 0.136463405977183 15
1743942233159 0.13384688752427437 16
1743942257333 0.13246982229428056 17
1743942281526 0.12948856790166807 18
1743942305888 1.5135821616837002 19
1743942330235 0.15918976301671647 20
1743942354330 0.1479526803049992 21
1743942378383 0.1427698907701408 22
1743942402455 0.1386233067821877 23
1743942426843 0.13523943241029088 24
1743942451097 0.13213859985664925 25
1743942475442 0.12931219284060547 26
1743942499856 0.12750957680387282 27
1743942524147 0.12556264189792754 28
1743942548359 0.12419096392381164 29
1743942572652 0.12242498875468213 30
1743942596855 0.1211316697803043 31
1743942621197 0.11963381755391189 32
1743942645160 0.11839917393421671 33
1743942669391 0.11754688735503181 34
1743942693769 0.11592938542634164 35
1743942718394 0.1155319393766044 36
1743942742972 0.11471726425391388 37
1743942767322 0.11378044540846527 38
1743942791624 0.11270427524158998 39
1743942815766 0.1118469828415274 40
1743942839987 0.11108327559121163 41
1743942864452 0.11002843017254377 42
1743942888883 0.10935046286288576 43
1743942913330 0.10847407401113929 44
1743942937640 0.10814824725301919 45
1743942961929 0.10725250070695752 46
1743942985962 0.1065837984477471 47
1743943009988 0.10614001471928429 48
1743943034301 0.10511260123045918 49
