1743941845301 0.3185659348964691 0
1743941869674 0.2848818004131317 1
1743941893946 0.2700865566730499 2
1743941918313 0.25782084465026855 3
1743941942459 0.24636222422122955 4
1743941966611 0.23794162273406982 5
1743941990833 0.23139764368534088 6
1743942015034 0.22576987743377686 7
1743942039091 0.22096575796604156 8
1743942063628 0.21711945533752441 9
1743942087842 0.21339400112628937 10
1743942111975 0.20956897735595703 11
1743942135918 0.20584683120250702 12
1743942160207 0.2030356079339981 13
1743942184469 0.20067846775054932 14
1743942208729 0.1986553817987442 15
1743942233158 0.1959483027458191 16
1743942257331 0.19529221951961517 17
1743942281524 0.19194677472114563 18
1743942305886 0.24603420495986938 19
1743942330233 0.22406266629695892 20
1743942354329 0.21242697536945343 21
1743942378382 0.2071109265089035 22
1743942402454 0.20327836275100708 23
1743942426842 0.20011599361896515 24
1743942451096 0.19703751802444458 25
1743942475440 0.1941312998533249 26
1743942499854 0.19241467118263245 27
1743942524145 0.19043070077896118 28
1743942548357 0.18929819762706757 29
1743942572650 0.18747355043888092 30
1743942596854 0.18595199286937714 31
1743942621195 0.18460530042648315 32
1743942645158 0.1834433674812317 33
1743942669389 0.18267980217933655 34
1743942693767 0.18127521872520447 35
1743942718392 0.18074123561382294 36
1743942742970 0.17987310886383057 37
1743942767321 0.17927774786949158 38
1743942791622 0.17790038883686066 39
1743942815764 0.17722783982753754 40
1743942839985 0.1763482391834259 41
1743942864451 0.1751864105463028 42
1743942888881 0.17463162541389465 43
1743942913329 0.17367812991142273 44
1743942937639 0.1736275851726532 45
1743942961927 0.1727752983570099 46
1743942985960 0.17194721102714539 47
1743943009987 0.17159238457679749 48
1743943034300 0.17018559575080872 49
