1747594702681 0.27708647631512395 0
1747594745554 0.2413386601723942 1
1747594787804 0.23990108786271738 2
1747594831246 0.23932563197230605 3
1747594874910 0.23898932914796128 4
1747594917910 0.2383259261305037 5
1747594945397 0.2380964698645021 6
1747594989285 0.23798874358537617 7
1747595032271 0.23776936293237017 8
1747595075872 0.23772240794484323 9
1747595119196 0.23765157624583066 10
1747595162233 0.23741231049172987 11
1747595205669 0.23734947475099058 12
1747595248251 0.23749722036924176 13
1747595291495 0.23744751019289156 14
1747595334851 0.23744684244780065 15
1747595378374 0.2373165901026188 16
1747595517836 0.23726610886958818 17
1747595561198 0.2371907185766967 18
1747595604773 0.23720748821709592 19
1747595648262 0.2372095118827532 20
1747595691501 0.23722909807702555 21
1747595733985 0.23708048805952753 22
1747595777068 0.23707866062983643 23
1747595820220 0.23714835577027638 24
1747595863398 0.23712391030375 25
1747595907386 0.23709935319483302 26
1747595984503 0.23702327013268892 27
1747596189404 0.23705552392224385 28
1747596392942 0.2370833555610492 29
1747596561704 0.23703449968156093 30
1747596605205 0.23703797239680852 31
1747596648079 0.23702941598109808 32
1747596690523 0.23704216102493858 33
1747596733407 0.23687494245718507 34
1747596776623 0.23696062394259992 35
1747596819884 0.23700900935210462 36
1747596862786 0.23697998521227226 37
1747596906499 0.2369790128195906 38
1747596949447 0.23688982300212552 39
1747596992369 0.23686945245671867 40
1747597162673 0.23691812265253398 41
1747597366425 0.2368408767148955 42
1747597570030 0.2368410918947741 43
1747597772782 0.23680599856916687 44
1747597978801 0.236810930785691 45
1747598186622 0.23680958191425655 46
1747598257379 0.23689203137161197 47
1747598300252 0.2368203240038967 48
1747598343245 0.23681413493302783 49
