1747594702680 0.8989352583885193 0
1747594745553 0.9147109985351562 1
1747594787803 0.9147148728370667 2
1747594831245 0.9146875143051147 3
1747594874909 0.914664089679718 4
1747594917909 0.9146679639816284 5
1747594945396 0.9146679639816284 6
1747594989284 0.9146797060966492 7
1747595032270 0.9147461652755737 8
1747595075871 0.9149298667907715 9
1747595119195 0.9150823354721069 10
1747595162232 0.9152113199234009 11
1747595205668 0.9153090119361877 12
1747595248250 0.9153168201446533 13
1747595291494 0.9154106378555298 14
1747595334851 0.9154184460639954 15
1747595378373 0.9152660369873047 16
1747595517835 0.9153520464897156 17
1747595561197 0.9153950214385986 18
1747595604772 0.9151800274848938 19
1747595648261 0.9153910875320435 20
1747595691500 0.9153676629066467 21
1747595733984 0.915457546710968 22
1747595777067 0.9152894616127014 23
1747595820219 0.9153168201446533 24
1747595863397 0.9153324961662292 25
1747595907385 0.915457546710968 26
1747595984502 0.9154184460639954 27
1747596189403 0.9154223799705505 28
1747596392941 0.9153754711151123 29
1747596561703 0.9153324961662292 30
1747596605204 0.9153051376342773 31
1747596648078 0.9153637290000916 32
1747596690522 0.915457546710968 33
1747596733406 0.9153207540512085 34
1747596776621 0.9154536724090576 35
1747596819883 0.9154849052429199 36
1747596862785 0.9153441786766052 37
1747596906499 0.9153207540512085 38
1747596949446 0.9154536724090576 39
1747596992368 0.9154223799705505 40
1747597162672 0.9153794050216675 41
1747597366424 0.9155044555664062 42
1747597570029 0.9153129458427429 43
1747597772781 0.9153715372085571 44
1747597978800 0.9154184460639954 45
1747598186621 0.9154419302940369 46
1747598257378 0.9152660369873047 47
1747598300251 0.9153012037277222 48
1747598343244 0.9154419302940369 49
