1747752972362 0.9138471484184265 0
1747752990698 0.9151175022125244 1
1747753009086 0.9150862097740173 2
1747753027242 0.9150354266166687 3
1747753045690 0.91512531042099 4
1747753064093 0.9151761531829834 5
1747753082149 0.9152113199234009 6
1747753100434 0.9151175022125244 7
1747753118792 0.9153441786766052 8
1747753136801 0.9152738451957703 9
1747753155248 0.9150745272636414 10
1747753173463 0.9152425527572632 11
1747753191508 0.9152464866638184 12
1747753209940 0.9154223799705505 13
1747753228368 0.9154106378555298 14
1747753246376 0.9152933955192566 15
1747753264799 0.9153481125831604 16
1747753283120 0.9154067635536194 17
1747753301251 0.9151644110679626 18
1747753319546 0.9154184460639954 19
1747753337895 0.9153794050216675 20
1747753355989 0.915285587310791 21
1747753374247 0.9153129458427429 22
1747753392700 0.9153676629066467 23
1747753411121 0.9154497385025024 24
1747753429225 0.9154653549194336 25
1747753447715 0.9155982732772827 26
1747753466052 0.9154223799705505 27
1747753484143 0.9152660369873047 28
1747753502644 0.9155435562133789 29
1747753521014 0.9155044555664062 30
1747753539150 0.9153950214385986 31
1747753557484 0.9155083894729614 32
1747753575885 0.9154927134513855 33
1747753593609 0.9156412482261658 34
1747753612097 0.9155435562133789 35
1747753630523 0.9155787229537964 36
1747753648592 0.9154379963874817 37
1747753667008 0.9155435562133789 38
1747753685374 0.9154692888259888 39
1747753703392 0.9155044555664062 40
1747753721675 0.9157194495201111 41
1747753740113 0.9155474305152893 42
1747753758381 0.9156216979026794 43
1747753776605 0.9155435562133789 44
1747753795368 0.9155982732772827 45
1747753813488 0.9153363704681396 46
1747753831769 0.9157116413116455 47
1747753850039 0.9155591726303101 48
1747753868175 0.9156334400177002 49
