1743841414876 0.28129840474170464 0
1743841436737 0.19972772400306704 1
1743841458532 0.18323526967856194 2
1743841480488 0.1730684538404103 3
1743841502367 0.1662827697160016 4
1743841524176 0.1603824416406746 5
1743841546185 0.1553003514079154 6
1743841568215 0.15062891933554043 7
1743841590171 0.1457637665832334 8
1743841612144 0.14022457919050157 9
1743841633900 0.13443889078430735 10
1743841656007 0.1288084788909985 11
1743841677957 0.12290992036974316 12
1743841699915 0.1174760870641834 13
1743841721863 0.11295153163187922 14
1743841743663 0.10910820479026381 15
1743841765512 0.10594134999360097 16
1743841787615 0.10350847255989853 17
1743841809631 0.10125107541846462 18
1743841831651 0.09936941250669924 19
1743841853716 0.09772663632043063 20
1743841875719 0.09646846701067095 21
1743841897656 0.09538454742091994 22
1743841919533 0.09437408219530585 23
1743841941380 0.09340448506746453 24
1743841963146 0.09257615047394471 25
1743841984825 0.09182371749183696 26
1743842006500 0.09091782697879616 27
1743842028186 0.09024322731857785 28
1743842050142 0.08947181167700007 29
1743842072179 0.08883118301009396 30
1743842094092 0.08825381847359913 31
1743842115914 0.08766993506615159 32
1743842137707 0.08705306600820065 33
1743842159494 0.08658967761927276 34
1743842181441 0.08607693684418628 35
1743842203360 0.08563373869789977 36
1743842225537 0.08520794666643876 37
1743842247634 0.08464036262322332 38
1743842269509 0.08425439645041277 39
1743842291410 0.08381670661880687 40
1743842313678 0.08336224313564601 41
1743842335559 0.08318323411194746 42
1743842357627 0.0827216792779766 43
1743842379684 0.08239975567872122 44
1743842401578 0.08211118004930393 45
1743842423580 0.08185616311446627 46
1743842445401 0.08156421281702818 47
1743842467562 0.08129539488565966 48
1743842489478 0.08109109449911571 49
