1743920600788 0.2482748962098261 0
1743920625717 0.18748231162300485 1
1743920650681 0.1681525157477837 2
1743920675510 0.1518966805953574 3
1743920700419 0.13696970157208052 4
1743920725156 0.12368669550781165 5
1743920749807 0.11251104707238238 6
1743920774533 0.10367943354193256 7
1743920799165 0.09759116370429158 8
1743920824123 0.09278949974438436 9
1743920848947 0.08906199467365179 10
1743920873710 0.08594044433409286 11
1743920898448 0.08329926851648391 12
1743920923237 0.0811447921565716 13
1743920947963 0.07914967616854475 14
1743920972658 0.07748927983096289 15
1743920997295 0.07608032239779516 16
1743921021917 0.07423998406414267 17
1743921046755 0.0728863746338785 18
1743921071122 0.07153113122255514 19
1743921095608 0.07042915244735479 20
1743921119842 0.0696203630178314 21
1743921144084 0.06825580119379007 22
1743921168245 0.06713319955601452 23
1743921192306 0.06631671537100527 24
1743921216642 0.06567028868846984 25
1743921240832 0.06511967313957882 26
1743921265030 0.06417911938786103 27
1743921289674 0.06389060818222227 28
1743921314430 0.06291218355483999 29
1743921339089 0.06296889821109274 30
1743921363872 0.061663786961304784 31
1743921388419 0.061452422865224614 32
1743921413152 0.06082288613518639 33
1743921437747 0.06012505825587961 34
1743921462433 0.06016109921977799 35
1743921487203 0.05935025374610241 36
1743921511805 0.05903958655234563 37
1743921536664 0.05836016584691803 38
1743921561205 0.058147154077864305 39
1743921585737 0.058083396157827906 40
1743921610448 0.057372577600787185 41
1743921635121 0.05750360045695215 42
1743921659812 0.05689443618694539 43
1743921684334 0.05664556901360278 44
1743921709198 0.05632787836685602 45
1743921733783 0.05596754421483281 46
1743921758478 0.056180329670078535 47
1743921783206 0.055781857904226836 48
1743921808021 0.05553634711869869 49
