1743920600787 0.2989576458930969 0
1743920625715 0.24304117262363434 1
1743920650679 0.22550435364246368 2
1743920675508 0.21197207272052765 3
1743920700417 0.19951896369457245 4
1743920725155 0.18821030855178833 5
1743920749806 0.17875170707702637 6
1743920774532 0.1706702709197998 7
1743920799164 0.16536064445972443 8
1743920824122 0.16104644536972046 9
1743920848946 0.15750926733016968 10
1743920873709 0.1545359343290329 11
1743920898446 0.15185043215751648 12
1743920923236 0.14966055750846863 13
1743920947962 0.14781150221824646 14
1743920972657 0.14622019231319427 15
1743920997293 0.14484980702400208 16
1743921021916 0.1429218202829361 17
1743921046753 0.14154183864593506 18
1743921071121 0.1400354951620102 19
1743921095607 0.13886654376983643 20
1743921119840 0.13816587626934052 21
1743921144082 0.13652737438678741 22
1743921168243 0.13524937629699707 23
1743921192304 0.1344389021396637 24
1743921216641 0.13384050130844116 25
1743921240831 0.13327236473560333 26
1743921265029 0.13214214146137238 27
1743921289672 0.13200190663337708 28
1743921314429 0.13063527643680573 29
1743921339088 0.1309904307126999 30
1743921363870 0.1291108876466751 31
1743921388417 0.12909115850925446 32
1743921413151 0.12819716334342957 33
1743921437745 0.12727166712284088 34
1743921462432 0.12737268209457397 35
1743921487201 0.1263362318277359 36
1743921511803 0.12617342174053192 37
1743921536663 0.12531283497810364 38
1743921561204 0.1250867396593094 39
1743921585736 0.1251649260520935 40
1743921610447 0.12405138462781906 41
1743921635120 0.12439186871051788 42
1743921659810 0.12338291853666306 43
1743921684332 0.12348257750272751 44
1743921709197 0.12301672250032425 45
1743921733782 0.122416652739048 46
1743921758477 0.12287626415491104 47
1743921783205 0.1223769262433052 48
1743921808019 0.12196283787488937 49
