1743858017338 0.20680175691671931 0
1743858040005 0.18409006954849497 1
1743858062919 0.17164069651381483 2
1743858085801 0.16270940005963988 3
1743858108539 0.15426390950639526 4
1743858131168 0.14599463551464087 5
1743858153943 0.13832380163426192 6
1743858177205 0.12949035410230006 7
1743858200438 0.12046726525888712 8
1743858223488 0.11207327218281211 9
1743858246666 0.1036817583573816 10
1743858269587 0.09591862117354097 11
1743858292671 0.08913090821605936 12
1743858315575 0.08372274952197653 13
1743858338635 0.07972690326720366 14
1743858361485 0.07629964388177181 15
1743858384187 0.07346859992980807 16
1743858407117 0.071086035361185 17
1743858430347 0.06915395131128861 18
1743858453566 0.06750331247741076 19
1743858476772 0.06590146214518484 20
1743858499925 0.064716872853795 21
1743858523103 0.06358092683732691 22
1743858546208 0.0623990884854113 23
1743858569261 0.06145202097484488 24
1743858592207 0.06040738677543003 25
1743858615251 0.05954369634065757 26
1743858638237 0.05870244421878808 27
1743858661190 0.057868394917411047 28
1743858684006 0.05723925658381435 29
1743858706912 0.056237431037882014 30
1743858729772 0.05575754377561919 31
1743858752605 0.05539912353120369 32
1743858775768 0.05452216980866094 33
1743858798344 0.05402200778965846 34
1743858821198 0.05355631800848189 35
1743858843984 0.05290094045287938 36
1743858866835 0.05246834258284379 37
1743858889744 0.05207709279001616 38
1743858912530 0.05152470665481641 39
1743858935551 0.05101920841057361 40
1743858958457 0.050579584092992985 41
1743858981579 0.05012030530804345 42
1743859004736 0.0498771381264532 43
1743859027931 0.04941089000348727 44
1743859051023 0.049113119585675484 45
1743859074039 0.04872180311223127 46
1743859096959 0.04839479496443205 47
1743859119708 0.04806423818224326 48
1743859142752 0.047772005389799366 49
