1743707146697 0.9258000254631042 0
1743707170485 0.9314500093460083 1
1743707194222 0.9348499774932861 2
1743707218200 0.9374666810035706 3
1743707242008 0.9388999938964844 4
1743707265887 0.9416333436965942 5
1743707289492 0.9419833421707153 6
1743707313024 0.9432833194732666 7
1743707336743 0.944683313369751 8
1743707360122 0.9449499845504761 9
1743707383673 0.9457166790962219 10
1743707407691 0.9475499987602234 11
1743707431551 0.9483500123023987 12
1743707455445 0.9486333131790161 13
1743707479214 0.9489499926567078 14
1743707503232 0.9500499963760376 15
1743707527171 0.9499333500862122 16
1743707551113 0.9522166848182678 17
1743707575016 0.9518833160400391 18
1743707598762 0.9529666900634766 19
1743707622553 0.9532333612442017 20
1743707646585 0.9537000060081482 21
1743707670307 0.954633355140686 22
1743707693989 0.9544166922569275 23
1743707717606 0.9546999931335449 24
1743707741516 0.9558500051498413 25
1743707765245 0.9556833505630493 26
1743707789045 0.9559666514396667 27
1743707812963 0.9559333324432373 28
1743707837003 0.9568666815757751 29
1743707860599 0.95701664686203 30
1743707884411 0.9572499990463257 31
1743707908045 0.958050012588501 32
1743707931845 0.958299994468689 33
1743707955639 0.9595166444778442 34
1743707979541 0.9589166641235352 35
1743708003317 0.9592666625976562 36
1743708027148 0.9595666527748108 37
1743708051960 0.9601333141326904 38
1743708075710 0.9605666399002075 39
1743708099690 0.9600499868392944 40
1743708123403 0.9608500003814697 41
1743708147208 0.9608833193778992 42
1743708171287 0.9610166549682617 43
1743708195183 0.9623500108718872 44
1743708219220 0.9618333578109741 45
1743708243158 0.9616666436195374 46
1743708266942 0.9624999761581421 47
1743708290688 0.962233304977417 48
1743708314674 0.963283360004425 49
