1743883902853 0.9326500296592712 0
1743883927565 0.9416999816894531 1
1743883952346 0.9484500288963318 2
1743883977049 0.9513499736785889 3
1743884001291 0.9555166959762573 4
1743884025626 0.9582833051681519 5
1743884050303 0.9603833556175232 6
1743884074834 0.9629999995231628 7
1743884099338 0.9643999934196472 8
1743884123919 0.9672499895095825 9
1743884148587 0.9680333137512207 10
1743884173099 0.9680666923522949 11
1743884197824 0.9711333513259888 12
1743884222657 0.9717333316802979 13
1743884247265 0.9733333587646484 14
1743884271731 0.9731000065803528 15
1743884296356 0.9746166467666626 16
1743884320836 0.9752333164215088 17
1743884345226 0.9760000109672546 18
1743884369926 0.9769666790962219 19
1743884394627 0.9765833616256714 20
1743884419111 0.9777666926383972 21
1743884443821 0.9779499769210815 22
1743884468003 0.9789666533470154 23
1743884492393 0.9799000024795532 24
1743884516913 0.9805833101272583 25
1743884541310 0.9805166721343994 26
1743884565967 0.9795500040054321 27
1743884590314 0.982283353805542 28
1743884614387 0.9807500243186951 29
1743884638695 0.9833166599273682 30
1743884662475 0.9817166924476624 31
1743884686463 0.9816333055496216 32
1743884710279 0.98294997215271 33
1743884734030 0.9833166599273682 34
1743884758167 0.9832666516304016 35
1743884782721 0.9831500053405762 36
1743884807511 0.9848666787147522 37
1743884832212 0.9838666915893555 38
1743884856785 0.9837999939918518 39
1743884881170 0.9840333461761475 40
1743884905737 0.9855833053588867 41
1743884930304 0.9848666787147522 42
1743884954947 0.9855166673660278 43
1743884979417 0.9847833514213562 44
1743885003994 0.9865999817848206 45
1743885028277 0.9861000180244446 46
1743885052572 0.9853833317756653 47
1743885077008 0.9860333204269409 48
1743885101351 0.9870833158493042 49
