1743883902854 0.24404489814863226 0
1743883927566 0.2080098350287976 1
1743883952348 0.1843732932427692 2
1743883977050 0.16912686022070142 3
1743884001293 0.1549693152654223 4
1743884025627 0.14398245454484593 5
1743884050305 0.13552075289930773 6
1743884074835 0.12660540295779737 7
1743884099339 0.12187250941214636 8
1743884123920 0.11287820992665261 9
1743884148588 0.11008893917890682 10
1743884173101 0.10692565924642332 11
1743884197825 0.09908108113230261 12
1743884222658 0.09611108531990604 13
1743884247266 0.09083508691417082 14
1743884271732 0.09179277283442615 15
1743884296357 0.08585248440618395 16
1743884320837 0.0839650115818196 17
1743884345227 0.08060324588501014 18
1743884369927 0.07898232014054477 19
1743884394628 0.0777935266689031 20
1743884419112 0.07508514925064368 21
1743884443822 0.07299562632778099 22
1743884468005 0.07052373708711968 23
1743884492394 0.06787167675172485 24
1743884516915 0.06666771231374116 25
1743884541312 0.06637571816764294 26
1743884565968 0.06652335831494774 27
1743884590315 0.0604840621819267 28
1743884614388 0.0628251546183852 29
1743884638696 0.05683240015751454 30
1743884662476 0.06018582708729765 31
1743884686464 0.05993177764876583 32
1743884710280 0.05545029021282888 33
1743884734032 0.054911394390768496 34
1743884758168 0.055069411721215177 35
1743884782723 0.05338710387496654 36
1743884807512 0.049788508231581145 37
1743884832214 0.052158063940686394 38
1743884856786 0.052064543183419694 39
1743884881171 0.0511238511485365 40
1743884905739 0.04756194282360087 41
1743884930305 0.05116089042886241 42
1743884954948 0.047276198363794306 43
1743884979419 0.0488495923557473 44
1743885003995 0.04490852047877657 45
1743885028278 0.04484140763061419 46
1743885052573 0.046722519204215676 47
1743885077009 0.04495599487812951 48
1743885101352 0.042818124580203995 49
