1747601834007 0.9991819858551025 0
1747601842341 0.4835377335548401 1
1747601851088 0.38999420404434204 2
1747601860059 0.2793303430080414 3
1747601868483 0.25118693709373474 4
1747601877276 0.18265779316425323 5
1747601885987 0.16300201416015625 6
1747601894684 0.13463632762432098 7
1747601903469 0.11433973163366318 8
1747601911908 0.10527198016643524 9
1747601920879 0.09648121893405914 10
1747601929373 0.08970305323600769 11
1747601937462 0.07484526932239532 12
1747601946538 0.065590038895607 13
1747601954949 0.053374748677015305 14
1747601963322 0.04414381831884384 15
1747601972240 0.043728847056627274 16
1747601980812 0.03761429712176323 17
1747601989299 0.03472398221492767 18
1747601998183 0.03225056454539299 19
1747602006816 0.030135175213217735 20
1747602015503 0.027681181207299232 21
1747602024201 0.022882502526044846 22
1747602032854 0.02195891924202442 23
1747602041475 0.021848328411579132 24
1747602050103 0.022051719948649406 25
1747602058447 0.02275574766099453 26
1747602067177 0.019033366814255714 27
1747602075718 0.020162366330623627 28
1747602084147 0.018403777852654457 29
1747602092918 0.018487531691789627 30
1747602101521 0.017383111640810966 31
1747602110203 0.016491932794451714 32
1747602119069 0.016881337389349937 33
1747602127801 0.017164725810289383 34
1747602136496 0.014356479048728943 35
1747602145384 0.013482971116900444 36
1747602153871 0.015246312133967876 37
1747602162650 0.01580784283578396 38
1747602171241 0.013338318094611168 39
1747602179804 0.012122083455324173 40
1747602188941 0.012839283794164658 41
1747602197380 0.01120330486446619 42
1747602205675 0.012503053992986679 43
1747602214807 0.01315789483487606 44
1747602223272 0.011466830968856812 45
1747602232142 0.011635988019406796 46
1747602241030 0.011721042916178703 47
1747602249446 0.01283492986112833 48
1747602258386 0.012091166339814663 49
