1747770844569 1.9376340897799194 0
1747770844910 1.8034308143062467 1
1747770845259 1.697022220780774 2
1747770845607 1.5181864263582807 3
1747770845872 1.3505344474612606 4
1747770846140 1.1727570615403025 5
1747770846430 1.002600236503337 6
1747770846717 0.8839089639631054 7
1747770846991 0.8010481054331688 8
1747770847256 0.7483818683546638 9
1747770847521 0.6988651458978794 10
1747770847799 0.6454378511263851 11
1747770848078 0.6052304076680539 12
1747770848369 0.5727355368844593 13
1747770848647 0.5387553345256364 14
1747770848923 0.5270405580155161 15
1747770849194 0.49808807862395976 16
1747770849514 0.4372149130142319 17
1747770849875 0.4035326399341964 18
1747770850249 0.3917150704848303 19
1747770850623 0.3719536463899639 20
1747770851006 0.3594806576390784 21
1747770851393 0.3517934848589274 22
1747770851730 0.33977880524954324 23
1747770852036 0.3342386759860275 24
1747770852309 0.3317597471292683 25
1747770852563 0.33110809474234293 26
1747770852823 0.3202678775124766 27
1747770853077 0.3069089964430939 28
1747770853337 0.30414858914145965 29
1747770853597 0.3097546759687562 30
1747770853863 0.2931737054439728 31
1747770854132 0.2898520075814067 32
1747770854402 0.2947870326886158 33
1747770854672 0.2793032807815156 34
1747770854942 0.27695020944120624 35
1747770855210 0.2716893249245759 36
1747770855481 0.27842894843290644 37
1747770855831 0.2656479914305542 38
1747770856205 0.26852839990228 39
1747770856585 0.258462259690917 40
1747770856963 0.25956256840190783 41
1747770857355 0.25195157601380364 42
1747770857750 0.24532863445193237 43
1747770858097 0.2545535744941547 44
1747770858382 0.2423052742249165 45
1747770858645 0.24262303180289968 46
1747770858918 0.24243537008360777 47
1747770859191 0.24557263623315156 48
1747770859435 0.23912347862629005 49
