1747770844567 0.48750001192092896 0
1747770844908 0.5329545736312866 1
1747770845257 0.5886363387107849 2
1747770845605 0.6034091114997864 3
1747770845870 0.6454545259475708 4
1747770846138 0.6931818127632141 5
1747770846429 0.7215909361839294 6
1747770846716 0.7409090995788574 7
1747770846990 0.7528409361839294 8
1747770847254 0.7698863744735718 9
1747770847520 0.7863636612892151 10
1747770847798 0.8068181872367859 11
1747770848076 0.8232954740524292 12
1747770848368 0.8301136493682861 13
1747770848645 0.8386363387107849 14
1747770848921 0.8443182110786438 15
1747770849192 0.8482954502105713 16
1747770849511 0.8465909361839294 17
1747770849873 0.8607954382896423 18
1747770850247 0.8573863506317139 19
1747770850621 0.863068163394928 20
1747770851004 0.8681818246841431 21
1747770851391 0.8664772510528564 22
1747770851728 0.8755682110786438 23
1747770852035 0.8801136612892151 24
1747770852308 0.8772727251052856 25
1747770852562 0.8727272748947144 26
1747770852822 0.8806818127632141 27
1747770853076 0.8823863863945007 28
1747770853336 0.8892045617103577 29
1747770853596 0.8812500238418579 30
1747770853861 0.8829545378684998 31
1747770854131 0.8914772868156433 32
1747770854401 0.8880681991577148 33
1747770854670 0.8909090757369995 34
1747770854941 0.8994318246841431 35
1747770855209 0.9017045497894287 36
1747770855480 0.8909090757369995 37
1747770855829 0.8988636136054993 38
1747770856203 0.8926136493682861 39
1747770856583 0.8988636136054993 40
1747770856961 0.9045454263687134 41
1747770857353 0.9017045497894287 42
1747770857748 0.9022727012634277 43
1747770858096 0.9022727012634277 44
1747770858381 0.9125000238418579 45
1747770858644 0.9011363387107849 46
1747770858916 0.9045454263687134 47
1747770859189 0.9068182110786438 48
1747770859433 0.9068182110786438 49
