1743763904402 0.3193339407444 0
1743763927679 0.2572685778141022 1
1743763951178 0.2388627529144287 2
1743763974640 0.22746947407722473 3
1743763998148 0.2162579447031021 4
1743764021436 0.20711858570575714 5
1743764044845 0.19869066774845123 6
1743764068358 0.19162675738334656 7
1743764092051 0.18513579666614532 8
1743764115710 0.17982366681098938 9
1743764139363 0.1748720109462738 10
1743764163001 0.17121130228042603 11
1743764186518 0.16808055341243744 12
1743764210064 0.1649589091539383 13
1743764233522 0.16233670711517334 14
1743764256913 0.16015475988388062 15
1743764280497 0.1579245924949646 16
1743764304045 0.15616239607334137 17
1743764327503 0.1539175808429718 18
1743764351052 0.15201367437839508 19
1743764374441 0.15052887797355652 20
1743764397874 0.1493077278137207 21
1743764421250 0.1472008228302002 22
1743764444668 0.1464139223098755 23
1743764468109 0.14521819353103638 24
1743764491670 0.1438429057598114 25
1743764515141 0.1426061987876892 26
1743764538596 0.14207828044891357 27
1743764562203 0.14086008071899414 28
1743764585622 0.14062711596488953 29
1743764608982 0.13930857181549072 30
1743764632337 0.1387757658958435 31
1743764655783 0.13807033002376556 32
1743764679331 0.13795001804828644 33
1743764702763 0.13657280802726746 34
1743764726455 0.13597960770130157 35
1743764749777 0.1361791491508484 36
1743764773476 0.13658462464809418 37
1743764797436 0.13536038994789124 38
1743764821650 0.13396424055099487 39
1743764845651 0.13402263820171356 40
1743764869698 0.13298121094703674 41
1743764893584 0.13278432190418243 42
1743764917560 0.13238510489463806 43
1743764941592 0.1325160712003708 44
1743764965527 0.1310061812400818 45
1743764989534 0.13122089207172394 46
1743765013581 0.13089165091514587 47
1743765037391 0.1308814436197281 48
1743765061446 0.12996868789196014 49
