1747753897556 0.9146367311477661 0
1747753915888 0.9147774577140808 1
1747753934229 0.9149220585823059 2
1747753951982 0.9150432348251343 3
1747753970367 0.914894700050354 4
1747753988594 0.914953351020813 5
1747754006480 0.9149923920631409 6
1747754024719 0.9151135683059692 7
1747754042783 0.9152308702468872 8
1747754060771 0.9151644110679626 9
1747754079108 0.9151213765144348 10
1747754097115 0.9153715372085571 11
1747754115377 0.9154341220855713 12
1747754133550 0.9153441786766052 13
1747754151565 0.9153129458427429 14
1747754169922 0.9153324961662292 15
1747754188177 0.9153363704681396 16
1747754207161 0.9154810309410095 17
1747754225942 0.9153794050216675 18
1747754244322 0.9155435562133789 19
1747754262788 0.9154301881790161 20
1747754280632 0.9153989553451538 21
1747754298969 0.9153989553451538 22
1747754317356 0.9154849052429199 23
1747754335653 0.9154849052429199 24
1747754353832 0.9154184460639954 25
1747754372161 0.9154379963874817 26
1747754390462 0.915414571762085 27
1747754408680 0.9151370525360107 28
1747754427109 0.9154497385025024 29
1747754445419 0.9154497385025024 30
1747754463366 0.9154301881790161 31
1747754481748 0.9154184460639954 32
1747754500093 0.915516197681427 33
1747754518139 0.9154301881790161 34
1747754536611 0.9157272577285767 35
1747754554732 0.9154927134513855 36
1747754572711 0.9157038331031799 37
1747754591082 0.9155513644218445 38
1747754609153 0.9156569242477417 39
1747754627141 0.9157155156135559 40
1747754645563 0.9155396223068237 41
1747754663589 0.9153794050216675 42
1747754681725 0.9157311916351318 43
1747754700301 0.9155982732772827 44
1747754718627 0.9154770970344543 45
1747754736645 0.9156256318092346 46
1747754754993 0.9156138896942139 47
1747754773355 0.9158015251159668 48
1747754791208 0.9157428741455078 49
