1743865269726 0.21079530587845535 0
1743865292779 0.19542504472596664 1
1743865315736 0.18889701791793062 2
1743865338851 0.18244035337312248 3
1743865361682 0.17733777830590491 4
1743865384783 0.1717556547201757 5
1743865407925 0.16762449622448114 6
1743865431141 0.16567181841692913 7
1743865454450 0.1599813830142311 8
1743865477688 0.15663934506913268 9
1743865500813 0.15364961024372523 10
1743865523681 0.14955640593428585 11
1743865546059 0.1447208815592113 12
1743865568448 0.14024184173683227 13
1743865591038 0.13567627689129794 14
1743865613605 0.13126286544477006 15
1743865636514 0.12725199684278432 16
1743865659495 0.12326396774579763 17
1743865682579 0.11897630272266299 18
1743865705715 0.11552159640443417 19
1743865728735 0.11180585465903159 20
1743865751561 0.10814190868307315 21
1743865774354 0.1042806112666789 22
1743865797386 0.10074742276878997 23
1743865820150 0.09718098152024725 24
1743865843258 0.09392901590739317 25
1743865866217 0.090969478008141 26
1743865889029 0.08793550139075158 27
1743865911948 0.08498688941248332 28
1743865935047 0.08249203876875504 29
1743865958203 0.07970010143537823 30
1743865981131 0.07710164042043031 31
1743866004455 0.07426575226390995 32
1743866027786 0.07172616752783806 33
1743866050963 0.06955010935009023 34
1743866074165 0.06752069895635367 35
1743866097420 0.06587333878770868 36
1743866120299 0.06428758849456158 37
1743866143332 0.06308450088302504 38
1743866166607 0.061834966509057926 39
1743866189898 0.06050678135959309 40
1743866213164 0.059704967679568934 41
1743866236426 0.05887039896163744 42
1743866259658 0.057851127717738766 43
1743866282811 0.05723760204056593 44
1743866306170 0.056824769655275546 45
1743866329287 0.056123949523326035 46
1743866352630 0.05544706771671635 47
1743866375849 0.05520262636272269 48
1743866399150 0.05463227399858039 49
