1743865269724 0.25188779830932617 0
1743865292778 0.23995155096054077 1
1743865315734 0.2342079132795334 2
1743865338849 0.2292623072862625 3
1743865361681 0.22422710061073303 4
1743865384782 0.22004848718643188 5
1743865407923 0.2162030190229416 6
1743865431139 0.21475231647491455 7
1743865454449 0.2093294858932495 8
1743865477687 0.20674902200698853 9
1743865500811 0.20426252484321594 10
1743865523680 0.20115578174591064 11
1743865546057 0.1968323290348053 12
1743865568446 0.19319961965084076 13
1743865591037 0.18947795033454895 14
1743865613603 0.1854681819677353 15
1743865636512 0.18218770623207092 16
1743865659494 0.1788160651922226 17
1743865682578 0.17510877549648285 18
1743865705714 0.1717519611120224 19
1743865728734 0.16876806318759918 20
1743865751559 0.16535769402980804 21
1743865774353 0.16203494369983673 22
1743865797385 0.15891656279563904 23
1743865820149 0.15572962164878845 24
1743865843256 0.15289242565631866 25
1743865866216 0.15034125745296478 26
1743865889028 0.14773470163345337 27
1743865911947 0.14501479268074036 28
1743865935046 0.1429462432861328 29
1743865958202 0.14052416384220123 30
1743865981130 0.13811799883842468 31
1743866004454 0.1354944258928299 32
1743866027785 0.1332055628299713 33
1743866050962 0.13121673464775085 34
1743866074163 0.12924915552139282 35
1743866097419 0.12788774073123932 36
1743866120298 0.12626372277736664 37
1743866143331 0.12519876658916473 38
1743866166605 0.12391851842403412 39
1743866189897 0.12253177911043167 40
1743866213162 0.12167079001665115 41
1743866236425 0.12089451402425766 42
1743866259657 0.11966673284769058 43
1743866282810 0.11909112334251404 44
1743866306169 0.11854763329029083 45
1743866329286 0.11767295002937317 46
1743866352629 0.11699047684669495 47
1743866375848 0.11674124002456665 48
1743866399149 0.1161055713891983 49
