1743926638535 0.3572702407836914 0
1743926662065 0.31810322403907776 1
1743926685470 0.31810110807418823 2
1743926709220 0.3180704414844513 3
1743926733243 0.2936980128288269 4
1743926756782 0.28008362650871277 5
1743926780760 0.26771417260169983 6
1743926804257 0.25808119773864746 7
1743926828147 0.2519787549972534 8
1743926851074 0.2469557225704193 9
1743926873975 0.2432078868150711 10
1743926896864 0.23990878462791443 11
1743926919737 0.2369462549686432 12
1743926942774 0.23441113531589508 13
1743926965732 0.23225145041942596 14
1743926988531 0.23039375245571136 15
1743927011460 0.2283652275800705 16
1743927034301 0.2268235981464386 17
1743927057141 0.22513452172279358 18
1743927080270 0.22350218892097473 19
1743927103275 0.22211581468582153 20
1743927126237 0.2206389456987381 21
1743927149548 0.21913635730743408 22
1743927172766 0.2176259607076645 23
1743927195653 0.21650347113609314 24
1743927218756 0.21501696109771729 25
1743927241872 0.21389976143836975 26
1743927264586 0.2126641720533371 27
1743927287620 0.21161909401416779 28
1743927310308 0.21061307191848755 29
1743927333132 0.20984472334384918 30
1743927356156 0.2090378850698471 31
1743927378888 0.20808331668376923 32
1743927401849 0.20706374943256378 33
1743927424960 0.20626044273376465 34
1743927447960 0.20519304275512695 35
1743927471103 0.2041015475988388 36
1743927493872 0.20381657779216766 37
1743927516739 0.202933207154274 38
1743927539729 0.20241963863372803 39
1743927562786 0.20172396302223206 40
1743927585975 0.20097684860229492 41
1743927608906 0.20055660605430603 42
1743927631698 0.19990862905979156 43
1743927654721 0.19910316169261932 44
1743927677657 0.19878913462162018 45
1743927700523 0.1985456794500351 46
1743927723569 0.19806219637393951 47
1743927746654 0.1980799287557602 48
1743927769514 0.1973811835050583 49
