1747583150996 0.09058910821158993 0
1747583157741 0.06512159883673384 1
1747583164660 0.06332922975254221 2
1747583171360 0.05994960749637252 3
1747583178153 0.054912531192819025 4
1747583185022 0.05369645362965396 5
1747583191946 0.05212019047043864 6
1747583198914 0.05074152387963698 7
1747583205755 0.049255738238153435 8
1747583212507 0.04877726408940107 9
1747583219338 0.04853629161180869 10
1747583226027 0.04825849198861701 11
1747583232800 0.048115759974319106 12
1747583239089 0.048034217640748236 13
1747583246597 0.04797805022711916 14
1747583253839 0.04793661774855601 15
1747583260619 0.04793572450872772 16
1747583267389 0.047763394670383326 17
1747583274151 0.047589997223399044 18
1747583280976 0.04588521321816181 19
1747583287802 0.04164879420095128 20
1747583294713 0.04038582739055488 21
1747583301412 0.0395864872068977 22
1747583308018 0.03852542281186964 23
1747583314711 0.0377658331602417 24
1747583321612 0.0375507977502447 25
1747583328658 0.037260581268276076 26
1747583335449 0.03667608491114299 27
1747583342332 0.036451168903013934 28
1747583349312 0.03639598321300567 29
1747583356098 0.03636109173337436 30
1747583362906 0.03628488318603649 31
1747583369716 0.036251891537729515 32
1747583376465 0.03626025430043341 33
1747583383308 0.03625927365606382 34
1747583390066 0.03618732559748262 35
1747583396976 0.03619308960831162 36
1747583404310 0.03619111610870066 37
1747583411481 0.036182044195637975 38
1747583418422 0.036179173906837475 39
1747583425233 0.03616724665825533 40
1747583431989 0.03613212376309833 41
1747583438718 0.03612544607288282 42
1747583445418 0.03610613987104842 43
1747583452259 0.03608707149682839 44
1747583459275 0.036088082170551525 45
1747583466457 0.036080848551485446 46
1747583473890 0.03605515869628616 47
1747583480762 0.03603776536405459 48
1747583487617 0.03598866957611074 49
