1743783882327 0.28083803013841896 0
1743783906988 0.2668244839331465 1
1743783931941 0.2666753842693969 2
1743783957127 0.2665359591761259 3
1743783981968 0.2622446971857475 4
1743784006780 0.23415208931854598 5
1743784031703 0.21389536100877235 6
1743784056524 0.19550653980767382 7
1743784081835 0.18393055879800482 8
1743784106557 0.17495281833463153 9
1743784131217 0.1676181151293533 10
1743784156032 0.1610192967390742 11
1743784180963 0.15491154016059577 12
1743784206131 0.14995714103422886 13
1743784231231 0.14544509255065569 14
1743784256292 12.914022565557229 15
1743784281220 0.15529804040355533 16
1743784306338 0.14626162783630978 17
1743784331192 0.14206673451514215 18
1743784356348 0.13944189376101676 19
1743784381344 0.13715491942384186 20
1743784406337 0.1350407549436569 21
1743784431055 0.13345139858298435 22
1743784455733 0.13129344175173258 23
1743784480817 0.12937661507295375 24
1743784506053 0.12737122851098523 25
1743784531548 0.12519500236135112 26
1743784557049 0.12329744143545676 27
1743784582529 0.12130753514316293 28
1743784607821 0.11924517169264516 29
1743784633299 0.11750575915074653 30
1743784658809 0.11582473200124581 31
1743784684280 0.11425985310721394 32
1743784709931 0.11256212898014735 33
1743784735559 0.11099503817534014 34
1743784761339 0.10955916793034705 35
1743784786836 0.10819965788606323 36
1743784812352 0.10683622791156361 37
1743784837880 0.1055426818010479 38
1743784863515 0.10431844607699801 39
1743784889144 0.10350524815429896 40
1743784914601 0.1022680712222588 41
1743784939999 0.10142409207084818 42
1743784965601 0.10031655068217801 43
1743784991125 0.09960417886784723 44
1743785016569 0.09852614134082623 45
1743785041952 0.09765718818544843 46
1743785067426 0.09663481281990617 47
1743785093143 0.09557967058112087 48
1743785118594 0.09512306117269431 49
