1743944507227 0.41890619161360576 0
1743944532553 0.16119948136427636 1
1743944557866 0.1253129037213873 2
1743944583168 0.1021874721228893 3
1743944608520 0.08526465475134062 4
1743944633961 0.07556192689307238 5
1743944658883 0.07173675624645451 6
1743944683860 0.05973470048990577 7
1743944709400 0.05378683875708017 8
1743944734848 0.050722997586661184 9
1743944760369 0.0456445012761343 10
1743944785519 0.042934912523382655 11
1743944810634 0.03808585922724316 12
1743944835721 0.04002524399240134 13
1743944860960 0.03499107332448058 14
1743944886263 0.03237856160191977 15
1743944911371 0.03150786836508732 16
1743944936512 0.032582069368726874 17
1743944961748 0.02677820145601522 18
1743944986985 0.025910095974828906 19
1743945012359 0.028002071864827876 20
1743945037779 0.02448458613742747 21
1743945062923 0.023248305606680866 22
1743945088176 0.023795783638085027 23
1743945113443 0.023176882813264042 24
1743945138667 0.02068701537797626 25
1743945164097 0.021370292719863328 26
1743945189172 0.02227352965316093 27
1743945214476 0.019053866721614177 28
1743945239666 0.019272823954533475 29
1743945264641 0.02151364105527012 30
1743945290099 0.022098626381966708 31
1743945315248 0.0167827530638143 32
1743945340397 0.01746468044220713 33
1743945365414 0.018200616989902132 34
1743945390828 0.016164399071499656 35
1743945416057 0.01688057662079201 36
1743945440857 0.014854199155353081 37
1743945465847 0.019024041835105445 38
1743945491144 0.012717423907259398 39
1743945515764 0.015540650069788801 40
1743945540811 0.01572079314712782 41
1743945566298 0.014894141044977 42
1743945591405 0.012674322691718108 43
1743945616536 0.01426450633153264 44
1743945641537 0.016823142249706866 45
1743945666442 0.009287720713381156 46
1743945691464 0.014928690184034652 47
1743945716448 0.01700586242930196 48
1743945741615 0.01367807566166309 49
