1743944507225 0.8662833571434021 0
1743944532551 0.9514333605766296 1
1743944557864 0.9623500108718872 2
1743944583166 0.9698166847229004 3
1743944608518 0.9740166664123535 4
1743944633959 0.9774666428565979 5
1743944658881 0.9779166579246521 6
1743944683858 0.9812333583831787 7
1743944709398 0.9830499887466431 8
1743944734846 0.9840499758720398 9
1743944760368 0.9857166409492493 10
1743944785517 0.986549973487854 11
1743944810632 0.9877833127975464 12
1743944835720 0.9869999885559082 13
1743944860958 0.9884333610534668 14
1743944886262 0.9895333051681519 15
1743944911369 0.9901999831199646 16
1743944936511 0.9898499846458435 17
1743944961747 0.991683304309845 18
1743944986983 0.9916499853134155 19
1743945012357 0.9912333488464355 20
1743945037777 0.9924333095550537 21
1743945062922 0.9922833442687988 22
1743945088175 0.9923666715621948 23
1743945113442 0.9929999709129333 24
1743945138666 0.9937166571617126 25
1743945164095 0.9932500123977661 26
1743945189171 0.9934666752815247 27
1743945214475 0.9941999912261963 28
1743945239665 0.9942499995231628 29
1743945264640 0.9935333132743835 30
1743945290097 0.9937333464622498 31
1743945315246 0.9951000213623047 32
1743945340396 0.994866669178009 33
1743945365413 0.9944166541099548 34
1743945390827 0.9949833154678345 35
1743945416055 0.994949996471405 36
1743945440855 0.9956166744232178 37
1743945465846 0.9944000244140625 38
1743945491143 0.9962000250816345 39
1743945515762 0.9957666397094727 40
1743945540809 0.9957666397094727 41
1743945566297 0.9954666495323181 42
1743945591403 0.9965500235557556 43
1743945616534 0.9958000183105469 44
1743945641535 0.9952166676521301 45
1743945666440 0.9974666833877563 46
1743945691462 0.9954500198364258 47
1743945716446 0.9954166412353516 48
1743945741613 0.9962499737739563 49
