1743868225342 0.8776666522026062 0
1743868249700 0.9506333470344543 1
1743868274046 0.9635499715805054 2
1743868297745 0.970216691493988 3
1743868321552 0.9749833345413208 4
1743868345315 0.9777666926383972 5
1743868369254 0.9786999821662903 6
1743868393260 0.9823166728019714 7
1743868417342 0.9834666848182678 8
1743868441212 0.9846166372299194 9
1743868465186 0.9866166710853577 10
1743868489184 0.9869666695594788 11
1743868512905 0.9879500269889832 12
1743868536691 0.98826664686203 13
1743868560540 0.9893500208854675 14
1743868584495 0.989300012588501 15
1743868608728 0.9909666776657104 16
1743868633004 0.9911500215530396 17
1743868657010 0.991016685962677 18
1743868680802 0.9921333193778992 19
1743868704962 0.9918000102043152 20
1743868729245 0.9925666451454163 21
1743868753465 0.9940000176429749 22
1743868777790 0.9931833148002625 23
1743868801940 0.9937499761581421 24
1743868826103 0.9937499761581421 25
1743868850139 0.9935500025749207 26
1743868874294 0.9934166669845581 27
1743868898134 0.994700014591217 28
1743868922193 0.9931333065032959 29
1743868946544 0.9944000244140625 30
1743868970807 0.9937999844551086 31
1743868994904 0.9957000017166138 32
1743869018468 0.9940000176429749 33
1743869042195 0.996749997138977 34
1743869066002 0.9942666888237 35
1743869089932 0.9961000084877014 36
1743869113731 0.994700014591217 37
1743869137337 0.9953833222389221 38
1743869160893 0.9958833456039429 39
1743869184733 0.9954333305358887 40
1743869208793 0.9963499903678894 41
1743869232695 0.994700014591217 42
1743869256776 0.996066689491272 43
1743869280800 0.9958500266075134 44
1743869305018 0.9965166449546814 45
1743869329302 0.9962499737739563 46
1743869353493 0.9956333041191101 47
1743869377858 0.9964333176612854 48
1743869401859 0.995983362197876 49
