1743868225343 0.40335539742335935 0
1743868249702 0.16818206857428758 1
1743868274048 0.11982747663147113 2
1743868297746 0.09748020677875162 3
1743868321553 0.08249174516885287 4
1743868345317 0.07231142433991791 5
1743868369256 0.06590599542542108 6
1743868393261 0.055636547811857506 7
1743868417343 0.05285225964632631 8
1743868441213 0.04638395275458239 9
1743868465187 0.041764482146450385 10
1743868489185 0.03863335070702091 11
1743868512906 0.03609941172239521 12
1743868536692 0.035646553321827965 13
1743868560541 0.03176852106557125 14
1743868584496 0.030889831179621633 15
1743868608729 0.026297398914913693 16
1743868633005 0.026014092492814844 17
1743868657011 0.02598834430902371 18
1743868680803 0.023133572141695723 19
1743868704963 0.02506992488398697 20
1743868729246 0.02128943859721732 21
1743868753466 0.018350179522275207 22
1743868777791 0.019915568961235867 23
1743868801941 0.018082141263610532 24
1743868826104 0.018108568423638463 25
1743868850140 0.018321174051979142 26
1743868874295 0.018478015194018794 27
1743868898135 0.015276864506022985 28
1743868922194 0.02001894256432364 29
1743868946545 0.015960793749854513 30
1743868970809 0.0174764402412424 31
1743868994905 0.012325168095912196 32
1743869018469 0.017759969833525836 33
1743869042196 0.009619815699541175 34
1743869066003 0.01751615633273445 35
1743869089933 0.011651073901555536 36
1743869113732 0.01651391665820935 37
1743869137338 0.01483313584603813 38
1743869160894 0.012109200242986264 39
1743869184735 0.01398380922215608 40
1743869208794 0.011679798605095963 41
1743869232696 0.015440041360700702 42
1743869256777 0.012165320070419388 43
1743869280801 0.012120469560352327 44
1743869305019 0.010824970665154683 45
1743869329303 0.012054455743709683 46
1743869353494 0.014300704540118692 47
1743869377860 0.011139963828065258 48
1743869401860 0.01248849518398103 49
