1743902511649 0.8805500268936157 0
1743902536279 0.9536666870117188 1
1743902561308 0.9647666811943054 2
1743902586626 0.9710666537284851 3
1743902611749 0.9736999869346619 4
1743902636764 0.9771333336830139 5
1743902661613 0.9803833365440369 6
1743902686946 0.9814666509628296 7
1743902711800 0.9833333492279053 8
1743902736523 0.9842833280563354 9
1743902761318 0.9852333068847656 10
1743902786272 0.986466646194458 11
1743902810936 0.9876000285148621 12
1743902836077 0.9887166619300842 13
1743902860875 0.9894833564758301 14
1743902885654 0.989716649055481 15
1743902910616 0.9894000291824341 16
1743902935559 0.9905166625976562 17
1743902960168 0.9914500117301941 18
1743902984857 0.991349995136261 19
1743903009321 0.9914833307266235 20
1743903034245 0.9925500154495239 21
1743903059174 0.9929333329200745 22
1743903083869 0.9924666881561279 23
1743903108449 0.9923333525657654 24
1743903133040 0.9936000108718872 25
1743903157856 0.9933000206947327 26
1743903182494 0.9941166639328003 27
1743903207409 0.9937833547592163 28
1743903232507 0.9933000206947327 29
1743903257433 0.9936500191688538 30
1743903282420 0.9944000244140625 31
1743903307275 0.9937333464622498 32
1743903331760 0.9958999752998352 33
1743903355827 0.994533360004425 34
1743903380004 0.9942833185195923 35
1743903404070 0.9955333471298218 36
1743903428595 0.9948499798774719 37
1743903452952 0.9952333569526672 38
1743903477185 0.9951500296592712 39
1743903501631 0.9951666593551636 40
1743903526608 0.996066689491272 41
1743903551547 0.9955499768257141 42
1743903576639 0.9951833486557007 43
1743903601564 0.9943166375160217 44
1743903626451 0.9971166849136353 45
1743903651615 0.9961833357810974 46
1743903676839 0.9948333501815796 47
1743903701878 0.9967833161354065 48
1743903726766 0.9954500198364258 49
