1747599993025 0.15320619940757751 0
1747600001586 0.10927499085664749 1
1747600009934 0.09543875604867935 2
1747600019186 0.07244684547185898 3
1747600027696 0.05539500713348389 4
1747600036370 0.04304405301809311 5
1747600045179 0.034830715507268906 6
1747600053951 0.024143151938915253 7
1747600062520 0.01929047331213951 8
1747600071446 0.019288651645183563 9
1747600079626 0.017239533364772797 10
1747600088270 0.01644967496395111 11
1747600097097 0.01468324102461338 12
1747600105705 0.013381481170654297 13
1747600114715 0.012980617582798004 14
1747600123716 0.012981858104467392 15
1747600132279 0.011849860660731792 16
1747600141251 0.011416979134082794 17
1747600149667 0.01121915876865387 18
1747600158497 0.01100367121398449 19
1747600167290 0.010570453479886055 20
1747600175284 0.010303213261067867 21
1747600183629 0.01024757232517004 22
1747600192514 0.01028192974627018 23
1747600200822 0.010089259594678879 24
1747600209675 0.009676423855125904 25
1747600218652 0.009496276266872883 26
1747600227344 0.00927184708416462 27
1747600236126 0.008784150704741478 28
1747600244727 0.00886449869722128 29
1747600253181 0.008628425188362598 30
1747600262395 0.008686553686857224 31
1747600270962 0.008669154718518257 32
1747600279763 0.008624008856713772 33
1747600288441 0.008120652288198471 34
1747600297087 0.007855227217078209 35
1747600306088 0.007704310119152069 36
1747600314638 0.007487114053219557 37
1747600322991 0.007461294997483492 38
1747600332148 0.00750835333019495 39
1747600340973 0.007277016527950764 40
1747600349623 0.007403880823403597 41
1747600358532 0.007168774027377367 42
1747600366970 0.007531121838837862 43
1747600375758 0.006840006448328495 44
1747600384441 0.006992944050580263 45
1747600393025 0.007289406843483448 46
1747600402279 0.006789168808609247 47
1747600410651 0.006600480992347002 48
1747600419181 0.006677831523120403 49
