1743855755789 0.2788608216852776 0
1743855778022 0.2006262130532968 1
1743855799868 0.18560120109054057 2
1743855821823 0.1748639783521854 3
1743855843671 0.1668603750749304 4
1743855865553 0.16008801044723245 5
1743855887341 0.15501832474132038 6
1743855909083 0.15026811884728547 7
1743855931017 0.1455663572315574 8
1743855953011 0.1412045413633057 9
1743855975083 0.13758517222529004 10
1743855997083 0.13368447388920013 11
1743856019243 0.12969212710417427 12
1743856041364 0.12549705496659655 13
1743856063453 0.12193307824185115 14
1743856085570 0.11905895179589851 15
1743856107367 0.11614858901841768 16
1743856129290 0.11319472208418807 17
1743856151236 0.11061333127456431 18
1743856173292 0.10793837289262735 19
1743856195472 0.10563349645540565 20
1743856217483 0.10338868351427362 21
1743856239507 0.10139882773747678 22
1743856261460 0.09964243179656844 23
1743856283361 0.09811288920045601 24
1743856305247 0.09686045731845026 25
1743856327215 0.0957373639892715 26
1743856349138 0.09469267268288334 27
1743856371103 0.09382409151164452 28
1743856393212 0.09293538122731318 29
1743856415108 0.09218917873248024 30
1743856437237 0.09141985285302205 31
1743856459352 0.09076535061265724 32
1743856481454 0.09019711143548328 33
1743856503508 0.08948340729238641 34
1743856525535 0.08910255566469576 35
1743856547528 0.08852680554344926 36
1743856569395 0.08810187410492559 37
1743856591412 0.08768076848921091 38
1743856613278 0.08736739668852427 39
1743856635094 0.08691802058415782 40
1743856657040 0.08660462008737844 41
1743856678928 0.08623313312187643 42
1743856700839 0.08572975699179856 43
1743856722917 0.08528162600067324 44
1743856744886 0.08493142755095326 45
1743856766940 0.0845085746438982 46
1743856788973 0.08407523839911307 47
1743856810890 0.0836181978453349 48
1743856832807 0.08319022297555065 49
