1743713891896 0.8513500094413757 0
1743713914741 0.9118833541870117 1
1743713937707 0.9204999804496765 2
1743713960642 0.9262999892234802 3
1743713983448 0.9289500117301941 4
1743714006501 0.9323999881744385 5
1743714029652 0.9358166456222534 6
1743714053086 0.9373833537101746 7
1743714076309 0.9402666687965393 8
1743714099219 0.9412333369255066 9
1743714122161 0.9417333602905273 10
1743714145196 0.9435999989509583 11
1743714168229 0.9458666443824768 12
1743714191254 0.9480833411216736 13
1743714214194 0.9483333230018616 14
1743714237501 0.9495000243186951 15
1743714260449 0.949400007724762 16
1743714283720 0.9501333236694336 17
1743714306915 0.9510499835014343 18
1743714329979 0.9521999955177307 19
1743714352900 0.95333331823349 20
1743714375794 0.9536499977111816 21
1743714398847 0.9549499750137329 22
1743714422030 0.9552000164985657 23
1743714445382 0.9565500020980835 24
1743714468724 0.9567000269889832 25
1743714492189 0.9563833475112915 26
1743714515551 0.9567333459854126 27
1743714538983 0.9581166505813599 28
1743714562360 0.9574666619300842 29
1743714585594 0.958899974822998 30
1743714608928 0.9596666693687439 31
1743714632032 0.9599833488464355 32
1743714655257 0.9594666957855225 33
1743714678472 0.9602500200271606 34
1743714701794 0.9609500169754028 35
1743714724934 0.9613666534423828 36
1743714747996 0.9606833457946777 37
1743714771065 0.9608666896820068 38
1743714794205 0.9610833525657654 39
1743714817486 0.9615333080291748 40
1743714840802 0.9619166851043701 41
1743714863706 0.9614166617393494 42
1743714886977 0.9623000025749207 43
1743714910229 0.9625166654586792 44
1743714933591 0.9626166820526123 45
1743714956845 0.963533341884613 46
1743714979786 0.9625499844551086 47
1743715002745 0.9634000062942505 48
1743715025861 0.9635666608810425 49
