1747770742178 2.5089148924671454 0
1747770742424 2.3893052964851718 1
1747770742645 2.2364422877784875 2
1747770742899 2.046054267983246 3
1747770743107 1.8742198969575787 4
1747770743400 1.6008475277211012 5
1747770743795 1.4082793768977113 6
1747770744068 1.2432448704321577 7
1747770744285 1.0285795002120675 8
1747770744544 0.8725146582446398 9
1747770744763 0.7915418284132028 10
1747770745041 0.7350084645224707 11
1747770745344 0.6781658815512543 12
1747770745683 0.5902336322594804 13
1747770745991 0.5318808081053298 14
1747770746337 0.4970667983515748 15
1747770746647 0.4858447288157782 16
1747770746997 0.4531604188139954 17
1747770747315 0.4437971969995994 18
1747770747583 0.42042241426486854 19
1747770747790 0.40603480156521293 20
1747770748034 0.3978839639721447 21
1747770748248 0.3895237874652845 22
1747770748513 0.3701995727057459 23
1747770748748 0.3709409324862416 24
1747770749016 0.35509205918108383 25
1747770749248 0.3409944216695694 26
1747770749519 0.33520373608058746 27
1747770749757 0.33677333372483786 28
1747770750026 0.333141305659295 29
1747770750259 0.32611294776107475 30
1747770750517 0.31640393925814836 31
1747770750739 0.3152584038022713 32
1747770750998 0.30395970676773026 33
1747770751262 0.3034540230035475 34
1747770751602 0.30364661514642705 35
1747770751911 0.29752254133580325 36
1747770752261 0.30127380289620076 37
1747770752574 0.2900978060855972 38
1747770752933 0.2839512950663368 39
1747770753214 0.2884925020468464 40
1747770753552 0.2870217607754465 41
1747770753778 0.27301076131992225 42
1747770754030 0.2762262953634561 43
1747770754255 0.27382292204277675 44
1747770754513 0.2707483620876569 45
1747770754742 0.2681313270347431 46
1747770755008 0.2727839284467707 47
1747770755235 0.2652158123380197 48
1747770755496 0.2672424145527364 49
