1743808584143 0.8700166940689087 0
1743808756116 0.9492999911308289 1
1743808927340 0.9623166918754578 2
1743809099790 0.9699333310127258 3
1743809270573 0.9729499816894531 4
1743809443775 0.9758166670799255 5
1743809614625 0.9780166745185852 6
1743809786099 0.9803333282470703 7
1743809959083 0.9812333583831787 8
1743810130856 0.9836999773979187 9
1743810301636 0.9833666682243347 10
1743810472278 0.9865999817848206 11
1743810646209 0.9854833483695984 12
1743810817558 0.988349974155426 13
1743810991878 0.9887499809265137 14
1743811162157 0.9882333278656006 15
1743811332549 0.9897833466529846 16
1743811503036 0.9901833534240723 17
1743811673338 0.9904000163078308 18
1743811843546 0.9908999800682068 19
1743812014093 0.9912499785423279 20
1743812187440 0.9915333390235901 21
1743812358338 0.9904666543006897 22
1743812530243 0.9917833209037781 23
1743812701900 0.9934166669845581 24
1743812875272 0.9923166632652283 25
1743813048934 0.993066668510437 26
1743813221912 0.9942166805267334 27
1743813394927 0.9923499822616577 28
1743813567289 0.9932000041007996 29
1743813738647 0.9932000041007996 30
1743813908889 0.9932666420936584 31
1743814079159 0.9933500289916992 32
1743814251115 0.9928833246231079 33
1743814424437 0.995116651058197 34
1743814595996 0.9952333569526672 35
1743814767229 0.9926166534423828 36
1743814938109 0.9936166405677795 37
1743815108884 0.9941499829292297 38
1743815281114 0.9948166608810425 39
1743815452319 0.9954500198364258 40
1743815622752 0.991266667842865 41
1743815793328 0.990933358669281 42
1743815964067 0.9948833584785461 43
1743816136071 0.9958833456039429 44
1743816309017 0.9977166652679443 45
1743816480041 0.9937000274658203 46
1743816651523 0.9968666434288025 47
1743816821891 0.9939000010490417 48
1743816993730 0.9960333108901978 49
