1743808584145 0.40713805913223183 0
1743808756118 0.1693079213440861 1
1743808927342 0.1276939512751124 2
1743809099791 0.10397338441466705 3
1743809270574 0.09354508110600536 4
1743809443777 0.08137218428747285 5
1743809614627 0.07314971599188522 6
1743809786100 0.0652812237161508 7
1743809959084 0.062032323933722926 8
1743810130857 0.05405703021295948 9
1743810301637 0.053584180152454655 10
1743810472279 0.04520039959491498 11
1743810646210 0.0491486872880187 12
1743810817559 0.036633895991618544 13
1743810991879 0.037969111737734526 14
1743811162159 0.04013816185163873 15
1743811332551 0.03410278716818101 16
1743811503037 0.03375132703075716 17
1743811673339 0.033966841870337224 18
1743811843547 0.030424382708971055 19
1743812014095 0.029972558209967533 20
1743812187441 0.027726774845041952 21
1743812358339 0.031563238347274744 22
1743812530244 0.02906170275458225 23
1743812701901 0.023467168004170015 24
1743812875274 0.024915676089406716 25
1743813048935 0.024143182057337217 26
1743813221914 0.020826832672701252 27
1743813394929 0.025468308914042743 28
1743813567290 0.023328626852078645 29
1743813738649 0.02532187784106027 30
1743813908890 0.02320860351226003 31
1743814079161 0.022030449269271724 32
1743814251117 0.027847872414305235 33
1743814424438 0.016760631148741986 34
1743814595998 0.01613284319991902 35
1743814767230 0.027693086575257122 36
1743814938110 0.02400053698619363 37
1743815108886 0.02019795634543319 38
1743815281116 0.01785417883655672 39
1743815452320 0.015365798556085497 40
1743815622754 0.042231728175879966 41
1743815793329 0.0312939631800462 42
1743815964069 0.018242875146326408 43
1743816136073 0.014263435107820377 44
1743816309019 0.008298255786742745 45
1743816480042 0.022978917979224998 46
1743816651524 0.011062252614607849 47
1743816821892 0.021649242466249604 48
1743816993732 0.014301271484342204 49
