1747686241411 0.9146601557731628 0
1747686257125 0.9146601557731628 1
1747686272742 0.9147148728370667 2
1747686288593 0.9150080680847168 3
1747686304358 0.9151448607444763 4
1747686319830 0.9152113199234009 5
1747686335312 0.9152308702468872 6
1747686350899 0.9152933955192566 7
1747686367016 0.9152738451957703 8
1747686382321 0.9154184460639954 9
1747686397902 0.9154184460639954 10
1747686413262 0.915355920791626 11
1747686428746 0.9152464866638184 12
1747686444580 0.9153207540512085 13
1747686460195 0.9152777791023254 14
1747686475431 0.915414571762085 15
1747686490939 0.9152542948722839 16
1747686506849 0.9153051376342773 17
1747686522523 0.9153403043746948 18
1747686538003 0.9152191281318665 19
1747686553275 0.9154028296470642 20
1747686568606 0.9152777791023254 21
1747686583809 0.9152777791023254 22
1747686599181 0.9152425527572632 23
1747686614504 0.9152738451957703 24
1747686629949 0.9153207540512085 25
1747686645149 0.9152933955192566 26
1747686660343 0.9153598546981812 27
1747686675197 0.9151409268379211 28
1747686690494 0.9155279397964478 29
1747686705895 0.9154028296470642 30
1747686721420 0.9154536724090576 31
1747686736810 0.9153950214385986 32
1747686752218 0.9153363704681396 33
1747686767959 0.9153598546981812 34
1747686783848 0.9154888391494751 35
1747686799375 0.9155396223068237 36
1747686814921 0.915516197681427 37
1747686830332 0.9154458045959473 38
1747686845765 0.9155709147453308 39
1747686860900 0.915586531162262 40
1747686875870 0.9154301881790161 41
1747686891235 0.9154106378555298 42
1747686906549 0.9156725406646729 43
1747686921909 0.9155709147453308 44
1747686937626 0.9155279397964478 45
1747686953224 0.9154692888259888 46
1747686967619 0.9156100153923035 47
1747686982994 0.9155552983283997 48
1747686998361 0.9154419302940369 49
