1743961757661 0.27493147617687785 0
1743961789061 0.26709148781439446 1
1743961820388 0.2674653013131877 2
1743961852300 3122.8753988888907 3
1743961883666 0.28419660739792446 4
1743961914829 0.27835097177069223 5
1743961946464 0.27437351470483223 6
1743961978507 0.2716218319216054 7
1743962011767 0.2689175261107365 8
1743962043314 0.2665576283350958 9
1743962074842 0.2620861526194204 10
1743962106212 0.255662492965531 11
1743962137167 0.25156812344707347 12
1743962168422 0.24927471215375305 13
1743962199477 0.24710688909239728 14
1743962230554 0.24362151381075342 15
1743962261631 0.24157879637718935 16
1743962292796 0.23818848811927593 17
1743962324111 0.23386838371147828 18
1743962355515 0.22895584167500316 19
1743962386134 0.22216905712920065 20
1743962416442 0.21532479649317762 21
1743962446717 0.21089235785729016 22
1743962476985 0.20606299362369582 23
1743962507080 0.20211745159112535 24
1743962537404 0.1976537593191373 25
1743962568633 0.193904894486765 26
1743962599615 0.18993679050495513 27
1743962630564 0.18562242888336947 28
1743962662010 0.18051596340360482 29
1743962693077 0.17601500491994185 30
1743962724226 0.1759591727670933 31
1743962755238 10760.936718152128 32
1743962786135 0.3921639020286478 33
1743962817414 0.3296541869221925 34
1743962849020 0.3106942050587976 35
1743962879826 0.3014502913609447 36
1743962910968 0.29056286930380415 37
1743962942447 0.30979947264953855 38
1743962973698 0.28390125253684373 39
1743963004867 42702339.46941411 40
1743963035666 46.89499947623984 41
1743963066888 4.440357637657619 42
1743963098158 6.3779905793372675 43
1743963129613 22.850840861211545 44
1743963160669 49.39639314829696 45
1743963191431 12091.891828278225 46
1743963222546 103.99135672395643 47
1743963253733 4.015396696471216 48
1743963284558 156.93214216630835 49
