1747770571841 6.5365682073397355 0
1747770572199 1.1290904658888532 1
1747770572393 0.4707769843680844 2
1747770572647 0.3529116386331654 3
1747770572940 0.28969840291455345 4
1747770573229 0.26545093452176105 5
1747770573450 0.24140342836335213 6
1747770573712 0.21748573614927963 7
1747770573993 0.2068410061020566 8
1747770574213 0.19677913957567386 9
1747770574468 0.17471443174753173 10
1747770574758 0.1834031134222749 11
1747770575040 0.15552361077374646 12
1747770575270 0.17244847642991007 13
1747770575510 0.1650082691094639 14
1747770575779 0.14464963991475496 15
1747770576094 0.13851398057722733 16
1747770576409 0.14493586398603323 17
1747770576748 0.14820758237808515 18
1747770577055 0.14112208467714002 19
1747770577389 0.13971584922880156 20
1747770577703 0.11614386740911907 21
1747770578047 0.12865367295826355 22
1747770578369 0.11982201629122659 23
1747770578629 0.10982787981047612 24
1747770578895 0.12315261388002653 25
1747770579121 0.12330011545750715 26
1747770579358 0.1166325934373836 27
1747770579615 0.09656736273042818 28
1747770579838 0.10523288848628871 29
1747770580096 0.11843721172185721 30
1747770580385 0.10557520044114457 31
1747770580604 0.09870024285149201 32
1747770580841 0.09765236140089431 33
1747770581121 0.10303774748782865 34
1747770581344 0.09472425253902418 35
1747770581602 0.09550021641098962 36
1747770581891 0.11090083018731953 37
1747770582101 0.08811119472521349 38
1747770582429 0.11730850582204069 39
1747770582729 0.10913144915780972 40
1747770583060 0.10585612905832475 41
1747770583359 0.10253756232708414 42
1747770583708 0.10036131477605058 43
1747770584014 0.09367965782320972 44
1747770584360 0.10255092264527037 45
1747770584641 0.09492872777805864 46
1747770584877 0.10606308719830344 47
1747770585156 0.10675666316406669 48
1747770585374 0.08616828813977555 49
