1747660273766 0.9146601557731628 0
1747660287793 0.9146601557731628 1
1747660301308 0.9146679639816284 2
1747660315323 0.9147266149520874 3
1747660329319 0.914894700050354 4
1747660343464 0.9148790836334229 5
1747660357714 0.9148282408714294 6
1747660371902 0.9148595333099365 7
1747660385973 0.9147266149520874 8
1747660400098 0.9147735238075256 9
1747660414033 0.9147305488586426 10
1747660427861 0.9148868918418884 11
1747660441880 0.9147461652755737 12
1747660455954 0.9147539734840393 13
1747660469714 0.9148751497268677 14
1747660483787 0.9148321747779846 15
1747660498920 0.9148907661437988 16
1747660513131 0.9148282408714294 17
1747660527057 0.9147579073905945 18
1747660540481 0.915023684501648 19
1747660554514 0.9150041341781616 20
1747660568546 0.9149338006973267 21
1747660582707 0.914836049079895 22
1747660596711 0.914894700050354 23
1747660610758 0.9150940179824829 24
1747660624723 0.9150041341781616 25
1747660638678 0.9149807095527649 26
1747660652912 0.9148126244544983 27
1747660667240 0.9150119423866272 28
1747660681592 0.9151917695999146 29
1747660695907 0.9149611592292786 30
1747660709964 0.914953351020813 31
1747660724237 0.914965033531189 32
1747660738518 0.9148555994033813 33
1747660752329 0.9148790836334229 34
1747660766487 0.9152777791023254 35
1747660780703 0.9151448607444763 36
1747660794598 0.9151135683059692 37
1747660808926 0.9151175022125244 38
1747660822641 0.9150354266166687 39
1747660836785 0.9150745272636414 40
1747660850890 0.9149807095527649 41
1747660864898 0.9148595333099365 42
1747660878550 0.9150276184082031 43
1747660892943 0.9150041341781616 44
1747660907283 0.9150784015655518 45
1747660921379 0.9152894616127014 46
1747660935318 0.9152621030807495 47
1747660949481 0.914996325969696 48
1747660963269 0.9149845838546753 49
