1747660273766 0.24285633939805193 0
1747660287794 0.2393488172403298 1
1747660301309 0.23851225373646473 2
1747660315325 0.2380133586375339 3
1747660329320 0.23759885723975888 4
1747660343465 0.23745789388229752 5
1747660357715 0.23733540590575927 6
1747660371903 0.23724057084351746 7
1747660385974 0.2372592456441096 8
1747660400099 0.23701255313253333 9
1747660414035 0.23690065742768376 10
1747660427862 0.23692065684150646 11
1747660441881 0.23677907650268765 12
1747660455955 0.2369109820371263 13
1747660469715 0.23678217121259246 14
1747660483788 0.2367665982122776 15
1747660498921 0.23655942658068946 16
1747660513132 0.2365848316418368 17
1747660527058 0.23651002175642408 18
1747660540482 0.2365372215662986 19
1747660554515 0.23646887120576068 20
1747660568547 0.23636257600455746 21
1747660582708 0.2363266769324402 22
1747660596712 0.23632706605905413 23
1747660610759 0.23634523945755273 24
1747660624725 0.23619769791206002 25
1747660638679 0.23621878353035627 26
1747660652913 0.236206348427839 27
1747660667241 0.23624500363928694 28
1747660681593 0.23603010393256835 29
1747660695908 0.23604716997626662 30
1747660709965 0.23603319694723895 31
1747660724238 0.2360947092271575 32
1747660738520 0.23597616178932798 33
1747660752330 0.235990921378131 34
1747660766488 0.23595108421325536 35
1747660780704 0.23586656142741685 36
1747660794599 0.23595286155561984 37
1747660808927 0.23576507424938167 38
1747660822642 0.23589080034137472 39
1747660836786 0.23591846938880887 40
1747660850891 0.23575928235415783 41
1747660864900 0.23578533227870876 42
1747660878551 0.23580316477865756 43
1747660892944 0.23571958596081954 44
1747660907283 0.235807226344902 45
1747660921380 0.23567170868598555 46
1747660935319 0.23570247144020715 47
1747660949482 0.23565804619527703 48
1747660963270 0.2356029158040361 49
