1747771268049 2.452341682419845 0
1747771268324 1.2920507240848242 1
1747771268693 0.605733265697209 2
1747771269027 0.5111694228398511 3
1747771269339 0.36672609879338836 4
1747771269679 0.21028344402423033 5
1747771270012 0.21407956311591061 6
1747771270354 0.1443270346863102 7
1747771270797 0.14242156613881055 8
1747771271274 0.20006339435277884 9
1747771271583 0.1843102257974518 10
1747771271842 0.1626614085976875 11
1747771272060 0.107373443703243 12
1747771272354 0.10130478601482253 13
1747771272608 0.11552449042397003 14
1747771272910 0.10252853709742811 15
1747771273167 0.09128264800591261 16
1747771273474 0.11469403073467009 17
1747771273732 0.13766334439787126 18
1747771274038 0.15581602664769414 19
1747771274287 0.09756456078126949 20
1747771274628 0.0830671502653967 21
1747771274975 0.08235365171189676 22
1747771275381 0.07222393233156112 23
1747771275723 0.09107035910170651 24
1747771276050 0.08457800744484163 25
1747771276387 0.08578792838714096 26
1747771276729 0.07993652642013407 27
1747771277069 0.09406719043362656 28
1747771277323 0.10938783690160792 29
1747771277623 0.08792919928052692 30
1747771277877 0.07594145417875665 31
1747771278182 0.07969652304021484 32
1747771278439 0.10544989676282127 33
1747771278750 0.09182651222939198 34
1747771279010 0.0834110483384884 35
1747771279319 0.09758380257816267 36
1747771279586 0.07762730255818541 37
1747771279900 0.06343522300838035 38
1747771280160 0.07746114464235072 39
1747771280463 0.0864231505319043 40
1747771280739 0.09053844423374527 41
1747771281121 0.06152603547358397 42
1747771281458 0.07737695687336685 43
1747771281739 0.08808435645549861 44
1747771282083 0.10355268336201266 45
1747771282403 0.07509680394199923 46
1747771282794 0.0774282591982588 47
1747771283134 0.06788881816444141 48
1747771283340 0.0543806814650871 49
