1747771268046 0.36704546213150024 0
1747771268321 0.6494318246841431 1
1747771268690 0.8340908885002136 2
1747771269024 0.8590909242630005 3
1747771269336 0.8846591114997864 4
1747771269676 0.9301136136054993 5
1747771270009 0.9238636493682861 6
1747771270351 0.9511363506317139 7
1747771270795 0.9488636255264282 8
1747771271271 0.9329545497894287 9
1747771271581 0.9386363625526428 10
1747771271840 0.9386363625526428 11
1747771272058 0.9624999761581421 12
1747771272352 0.956818163394928 13
1747771272606 0.9539772868156433 14
1747771272908 0.9619318246841431 15
1747771273165 0.9664772748947144 16
1747771273472 0.9596590995788574 17
1747771273730 0.9551136493682861 18
1747771274036 0.9511363506317139 19
1747771274285 0.9613636136054993 20
1747771274625 0.9698863625526428 21
1747771274972 0.9630681872367859 22
1747771275378 0.9715909361839294 23
1747771275720 0.9630681872367859 24
1747771276047 0.9659090638160706 25
1747771276384 0.96875 26
1747771276726 0.9681817889213562 27
1747771277067 0.9613636136054993 28
1747771277321 0.9556818008422852 29
1747771277621 0.9659090638160706 30
1747771277875 0.9727272987365723 31
1747771278180 0.9710227251052856 32
1747771278437 0.9607954621315002 33
1747771278748 0.9681817889213562 34
1747771279007 0.9693182110786438 35
1747771279317 0.9653409123420715 36
1747771279583 0.9670454263687134 37
1747771279898 0.9767045378684998 38
1747771280158 0.9715909361839294 39
1747771280460 0.9647727012634277 40
1747771280736 0.9642045497894287 41
1747771281118 0.9738636612892151 42
1747771281455 0.9698863625526428 43
1747771281736 0.9670454263687134 44
1747771282080 0.9619318246841431 45
1747771282400 0.9710227251052856 46
1747771282791 0.9715909361839294 47
1747771283132 0.9738636612892151 48
1747771283338 0.9778409004211426 49
