1743888028966 0.7309666872024536 0
1743888053788 0.9128666520118713 1
1743888078546 0.9316166639328003 2
1743888103296 0.9422500133514404 3
1743888127921 0.9471666812896729 4
1743888152558 0.9524000287055969 5
1743888177044 0.9560499787330627 6
1743888201452 0.9580166935920715 7
1743888226028 0.9611666798591614 8
1743888250753 0.9628999829292297 9
1743888275475 0.965233325958252 10
1743888300150 0.9656166434288025 11
1743888324909 0.9677166938781738 12
1743888349097 0.9682666659355164 13
1743888373783 0.9699666500091553 14
1743888398558 0.9714333415031433 15
1743888423378 0.9705666899681091 16
1743888448237 0.9731000065803528 17
1743888473022 0.9740333557128906 18
1743888497719 0.9741500020027161 19
1743888522240 0.9751333594322205 20
1743888547083 0.9764666557312012 21
1743888571632 0.9775166511535645 22
1743888596249 0.9779166579246521 23
1743888620762 0.9779333472251892 24
1743888645398 0.9786999821662903 25
1743888670159 0.9785166382789612 26
1743888695146 0.9795833230018616 27
1743888719990 0.9797999858856201 28
1743888744806 0.9809166789054871 29
1743888769768 0.9803166389465332 30
1743888794548 0.9815833568572998 31
1743888819294 0.9819166660308838 32
1743888843866 0.9819166660308838 33
1743888868483 0.9831833243370056 34
1743888893206 0.9822333455085754 35
1743888918148 0.9825500249862671 36
1743888942903 0.9832333326339722 37
1743888967582 0.9846000075340271 38
1743888992508 0.9829166531562805 39
1743889016812 0.9845333099365234 40
1743889041331 0.9852666854858398 41
1743889066191 0.9844333529472351 42
1743889091101 0.984000027179718 43
1743889115911 0.9855999946594238 44
1743889140706 0.9861999750137329 45
1743889165638 0.9857500195503235 46
1743889190385 0.9857666492462158 47
1743889215285 0.9854166507720947 48
1743889239710 0.9867833256721497 49
