1747594055514 0.4519632196332664 0
1747594063231 0.01940632492175601 1
1747594070896 0.005107126407999933 2
1747594078457 0.002065330798369612 3
1747594085827 0.001057006930487253 4
1747594093162 0.0011059783085351862 5
1747594100497 0.0009658592014974187 6
1747594108283 0.0008528937003138378 7
1747594115922 0.0008118083147534034 8
1747594123448 0.0008032709623178317 9
1747594130881 0.0007708671585644449 10
1747594138301 0.0007248969390568625 11
1747594145727 0.0007320493586725275 12
1747594153510 0.0006931816691488785 13
1747594161048 0.0006307020384198817 14
1747594168298 0.0005890985895442844 15
1747594175612 0.0006034534622793024 16
1747594182999 0.0005110078491251679 17
1747594190774 0.0005148222077335513 18
1747594198534 0.0005340900852089015 19
1747594205862 0.0005163801660342355 20
1747594213066 0.0005144685058902495 21
1747594220393 0.00045612265861165674 22
1747594227865 0.0004961068844891188 23
1747594235560 0.0004436033068411817 24
1747594243209 0.0004943019544185938 25
1747594250613 0.00043192254859605205 26
1747594257814 0.0004921818435731773 27
1747594265237 0.0003705914055516352 28
1747594272517 0.00042127649147672574 29
1747594280218 0.00039147560106504416 30
1747594287709 0.0004291786268498531 31
1747594295241 0.00040859287985861836 32
1747594302519 0.0004327755244136008 33
1747594309664 0.0003954040624999216 34
1747594317196 0.000376041259373045 35
1747594324843 0.0003811381112667647 36
1747594332059 0.0003622427219410692 37
1747594339453 0.0003934812294005488 38
1747594346747 0.0003874906592150461 39
1747594354072 0.00038009622498367537 40
1747594361596 0.00031264268957688357 41
1747594368950 0.0003172059778258473 42
1747594376264 0.00031526992876938797 43
1747594383091 0.00030905371021361746 44
1747594390730 0.00032390008822593335 45
1747594398249 0.0003466559695384678 46
1747594405490 0.0003368950643772491 47
1747594412674 0.00032218391901262303 48
1747594419957 0.0003017780111006347 49
