1747590170260 0.11805611848831177 0
1747590177872 0.03977283462882042 1
1747590185134 0.018439963459968567 2
1747590192628 0.011774673126637936 3
1747590199780 0.011036301031708717 4
1747590206776 0.01078824046999216 5
1747590213799 0.010146180167794228 6
1747590221345 0.009991456754505634 7
1747590229054 0.009904032573103905 8
1747590236668 0.009472553618252277 9
1747590244048 0.00923876091837883 10
1747590251651 0.009286174550652504 11
1747590259312 0.008430399931967258 12
1747590267155 0.009044320322573185 13
1747590274772 0.008822456933557987 14
1747590282367 0.00839658360928297 15
1747590289798 0.008453549817204475 16
1747590297178 0.00857764296233654 17
1747590305000 0.008132996037602425 18
1747590312592 0.008036112412810326 19
1747590319990 0.007946500554680824 20
1747590327363 0.007877897471189499 21
1747590334708 0.007758695166558027 22
1747590342187 0.007549756672233343 23
1747590349537 0.007633293513208628 24
1747590356860 0.0074568698182702065 25
1747590364005 0.0074149747379124165 26
1747590371386 0.007694088388234377 27
1747590378628 0.007128086406737566 28
1747590385773 0.007430662866681814 29
1747590393457 0.007323348894715309 30
1747590400885 0.0071381800808012486 31
1747590408260 0.007070358842611313 32
1747590415615 0.007005408406257629 33
1747590422906 0.0065683177672326565 34
1747590430144 0.007015699055045843 35
1747590437300 0.006597117055207491 36
1747590444773 0.006911618169397116 37
1747590452227 0.0069636753760278225 38
1747590459372 0.006957633420825005 39
1747590466587 0.006452157162129879 40
1747590474037 0.006465079728513956 41
1747590481446 0.006639084313064814 42
1747590489034 0.006689826492220163 43
1747590496338 0.0064033018425107 44
1747590503565 0.006279429886490107 45
1747590510853 0.0063804276287555695 46
1747590518141 0.0060823713429272175 47
1747590525400 0.006046013906598091 48
1747590532848 0.006205716170370579 49
