1743804919323 0.3288273215293884 0
1743804951550 0.32018065452575684 1
1743804984846 0.3193756937980652 2
1743805016936 0.31969431042671204 3
1743805049651 0.2840719521045685 4
1743805082578 0.2661969065666199 5
1743805114888 0.2520953416824341 6
1743805147368 0.24200239777565002 7
1743805179808 0.24082155525684357 8
1743805213178 0.22623050212860107 9
1743805245312 0.21910309791564941 10
1743805278851 0.21329931914806366 11
1743805313610 0.2767946720123291 12
1743805346737 0.2965666353702545 13
1743805379187 0.2745974659919739 14
1743805411737 0.2499440759420395 15
1743805444145 0.2366776168346405 16
1743805476559 0.22679808735847473 17
1743805509788 0.22003453969955444 18
1743805543172 0.2140892595052719 19
1743805576287 0.2368021011352539 20
1743805608711 0.2204490602016449 21
1743805641040 0.21656683087348938 22
1743805673184 0.2071601003408432 23
1743805706165 0.27943167090415955 24
1743805738921 0.2856518626213074 25
1743805771404 0.2867961823940277 26
1743805804454 0.2748989760875702 27
1743805837627 0.2619067132472992 28
1743805871291 3.591822862625122 29
1743805904883 0.36569780111312866 30
1743805938257 0.3458651304244995 31
1743805970564 0.3581656515598297 32
1743806003557 0.4157091975212097 33
1743806036562 3.8224010467529297 34
1743806069675 0.3592875301837921 35
1743806103411 0.34737733006477356 36
1743806136473 0.3497762680053711 37
1743806170202 2.226039171218872 38
1743806203080 0.7437862157821655 39
1743806235912 0.35187631845474243 40
1743806268418 0.33263659477233887 41
1743806300495 0.3267369270324707 42
1743806333239 0.32244154810905457 43
1743806365761 0.31867551803588867 44
1743806398440 0.8278351426124573 45
1743806431151 0.3271685242652893 46
1743806463385 0.3196476697921753 47
1743806496405 0.31549686193466187 48
1743806529175 29.52476692199707 49
