1747633283581 0.08969562994203142 0
1747633293853 0.06448606452250687 1
1747633304114 0.05146019218195986 2
1747633314301 0.036948916949861285 3
1747633324503 0.022942639552795577 4
1747633335017 0.011607349778470527 5
1747633344678 0.009433494489640886 6
1747633355146 0.008931944327042198 7
1747633365287 0.008167684583288098 8
1747633375016 0.007408968828627507 9
1747633385498 0.007008794984916774 10
1747633395646 0.005186809181660445 11
1747633405916 0.0038098898777699213 12
1747633416355 0.0039416444775298085 13
1747633426839 0.0031275954254841856 14
1747633436766 0.0029641847200002768 15
1747633447532 0.0027710183956919086 16
1747633457585 0.00243014120594687 17
1747633467781 0.0027162455437312995 18
1747633478433 0.002612729182378263 19
1747633488595 0.002431886750259797 20
1747633498979 0.0025680874769442134 21
1747633509470 0.0025797495939286715 22
1747633519437 0.0024881064831904524 23
1747633529877 0.0022651422190086384 24
1747633539974 0.002467086087719026 25
1747633550401 0.0022966544926973594 26
1747633560657 0.0022472601922619217 27
1747633571155 0.002312776161465512 28
1747633581292 0.0023108095754645107 29
1747633591294 0.0023319320041326353 30
1747633601279 0.0022907456097295813 31
1747633611500 0.0019616432099027513 32
1747633621554 0.0020176355208573276 33
1747633632152 0.0020153070144885757 34
1747633642265 0.0020478629703423244 35
1747633652057 0.0018995622968483665 36
1747633662418 0.0019474454903589701 37
1747633672697 0.0018703043801955746 38
1747633682606 0.0019418211503820333 39
1747633692809 0.0020190879917233524 40
1747633702682 0.001958652108202374 41
1747633712997 0.001839496665070619 42
1747633722975 0.0019139172362064299 43
1747633733158 0.0017570369383682687 44
1747633743654 0.001963963041294649 45
1747633753472 0.0017632083920822458 46
1747633763686 0.001776547007162905 47
1747633774273 0.0018014470055636134 48
1747633783977 0.0017465751011280226 49
