1743977505045 0.9132833480834961 0
1743977531132 0.9505500197410583 1
1743977557191 0.9620166420936584 2
1743977583148 0.968416690826416 3
1743977609032 0.9738333225250244 4
1743977635254 0.9761999845504761 5
1743977661461 0.9788166880607605 6
1743977687584 0.9807833433151245 7
1743977713655 0.9818999767303467 8
1743977739804 0.9841166734695435 9
1743977765895 0.984416663646698 10
1743977791967 0.9855499863624573 11
1743977817964 0.9873666763305664 12
1743977843756 0.9885833263397217 13
1743977869597 0.9860833287239075 14
1743977895650 0.989300012588501 15
1743977921578 0.9894000291824341 16
1743977947517 0.9906499981880188 17
1743977973534 0.9891999959945679 18
1743977999471 0.9890000224113464 19
1743978025417 0.9907333254814148 20
1743978051589 0.9922500252723694 21
1743978077729 0.9929666519165039 22
1743978103983 0.9921500086784363 23
1743978130241 0.9923499822616577 24
1743978156532 0.9889666438102722 25
1743978182713 0.9925333261489868 26
1743978208864 0.9936833381652832 27
1743978234802 0.9937999844551086 28
1743978260760 0.9932666420936584 29
1743978286763 0.9921666383743286 30
1743978313136 0.994616687297821 31
1743978339218 0.9942166805267334 32
1743978365437 0.9935666918754578 33
1743978391509 0.9946500062942505 34
1743978417688 0.9947333335876465 35
1743978443850 0.9925666451454163 36
1743978470029 0.9951500296592712 37
1743978496179 0.9953833222389221 38
1743978522511 0.9952499866485596 39
1743978548756 0.9933500289916992 40
1743978574854 0.9930833578109741 41
1743978601178 0.994700014591217 42
1743978627137 0.996666669845581 43
1743978653081 0.9958500266075134 44
1743978679207 0.9948999881744385 45
1743978705348 0.9952999949455261 46
1743978731454 0.9965166449546814 47
1743978757547 0.9946500062942505 48
1743978783490 0.997866690158844 49
