1743977505047 0.3055762635687198 0
1743977531134 0.16511781017735214 1
1743977557193 0.12440889831594718 2
1743977583150 0.10399094091584515 3
1743977609034 0.08831998998542342 4
1743977635256 0.07938628314169059 5
1743977661463 0.0716006416470577 6
1743977687585 0.06240565404073688 7
1743977713656 0.05928022474441176 8
1743977739806 0.05219309014583631 9
1743977765896 0.05262168917961181 10
1743977791969 0.047442963181036614 11
1743977817966 0.04157853633735205 12
1743977843758 0.0390177278372661 13
1743977869599 0.04509123013557532 14
1743977895652 0.0351949834772416 15
1743977921580 0.035479434875530326 16
1743977947519 0.030484547347105168 17
1743977973536 0.0355081465171609 18
1743977999473 0.03812315375279774 19
1743978025418 0.03269381244702822 20
1743978051591 0.025802190796511963 21
1743978077731 0.024018769682571776 22
1743978103984 0.025550772465667296 23
1743978130243 0.026175844278339352 24
1743978156534 0.04592232145195857 25
1743978182714 0.024292483650130436 26
1743978208866 0.02150894215885583 27
1743978234804 0.02201193244622568 28
1743978260762 0.022893257218073053 29
1743978286765 0.02819294312975252 30
1743978313138 0.019282431241506706 31
1743978339220 0.01934311403750717 32
1743978365439 0.023147581031382515 33
1743978391511 0.01856344426218975 34
1743978417689 0.018656152908695503 35
1743978443852 0.025197124517523713 36
1743978470031 0.017372943984793377 37
1743978496181 0.016690279141671552 38
1743978522513 0.01854404536590925 39
1743978548758 0.024853267343637846 40
1743978574856 0.02768560319625347 41
1743978601180 0.018551857054969853 42
1743978627139 0.011861510686019454 43
1743978653083 0.015898122288067598 44
1743978679208 0.019956374602198422 45
1743978705350 0.01880280740636851 46
1743978731456 0.013562680801515662 47
1743978757549 0.021998084663964548 48
1743978783492 0.007070661511833029 49
