1747772003902 0.3044266274581236 0
1747772004104 0.14889869620694332 1
1747772004314 0.14081466445086438 2
1747772004515 0.12927117366662388 3
1747772004722 0.1252001170953889 4
1747772004934 0.17183064682318125 5
1747772005146 0.10591255036397773 6
1747772005359 0.13950887363378087 7
1747772005572 0.11867275416754854 8
1747772005796 0.18641214101653766 9
1747772006015 0.1307873664789266 10
1747772006230 0.11797633788932115 11
1747772006448 0.09149855984000625 12
1747772006667 0.10132976286230681 13
1747772006887 0.11548964490380131 14
1747772007118 0.10175927442692097 15
1747772007419 0.09123752364996725 16
1747772007721 0.0961742449520265 17
1747772008024 0.0883894906795932 18
1747772008326 0.06828264260430851 19
1747772008541 0.08836252019617165 20
1747772008756 0.15141584166623925 21
1747772008973 0.10699057840967705 22
1747772009200 0.12323665967240768 23
1747772009426 0.10807603419126191 24
1747772009654 0.0975209446299338 25
1747772009881 0.09595484012991992 26
1747772010110 0.08632432713278179 27
1747772010338 0.07460669125988581 28
1747772010566 0.08625786939983858 29
1747772010795 0.058142918019006576 30
1747772011032 0.06658023909165564 31
1747772011269 0.0751619534122026 32
1747772011499 0.06632009009180954 33
1747772011719 0.07109166055327398 34
1747772011939 0.09789741524559907 35
1747772012199 0.08950625522594467 36
1747772012503 0.0644968092999849 37
1747772012807 0.06797851525467032 38
1747772013111 0.0776627819775391 39
1747772013380 0.06900540193894701 40
1747772013596 0.09051039133613395 41
1747772013815 0.1292902603385612 42
1747772014036 0.07628214214631539 43
1747772014280 0.13626556734049936 44
1747772014502 0.11016240173717197 45
1747772014725 0.0956959289467815 46
1747772014947 0.053606282929416396 47
1747772015174 0.08640382353672217 48
1747772015395 0.08481743421256915 49
