1747771293491 8.901101112365723 0
1747771293747 4.8466877937316895 1
1747771294003 3.5548245906829834 2
1747771294263 2.924412250518799 3
1747771294523 2.2790651321411133 4
1747771294778 1.9822133779525757 5
1747771295033 1.6664429903030396 6
1747771295293 1.5005362033843994 7
1747771295565 1.3549270629882812 8
1747771295732 1.311385154724121 9
1747771295913 1.2539997100830078 10
1747771296106 1.268164038658142 11
1747771296295 1.1864166259765625 12
1747771296487 1.1283968687057495 13
1747771296682 1.007355809211731 14
1747771296873 0.8815037608146667 15
1747771297066 0.7429240345954895 16
1747771297262 1.2960270643234253 17
1747771297454 0.8026829957962036 18
1747771297647 0.5933150053024292 19
1747771297844 0.5962833166122437 20
1747771298030 0.5609394907951355 21
1747771298208 0.5171493291854858 22
1747771298394 0.530608594417572 23
1747771298585 0.5469337105751038 24
1747771298780 0.48526889085769653 25
1747771298975 0.6218833327293396 26
1747771299175 0.7470870614051819 27
1747771299401 0.7951691150665283 28
1747771299664 0.709521472454071 29
1747771299928 0.8951704502105713 30
1747771300190 0.7621437907218933 31
1747771300451 0.9602206945419312 32
1747771300712 0.4930230975151062 33
1747771300977 0.44500333070755005 34
1747771301250 0.44490817189216614 35
1747771301512 0.4625451862812042 36
1747771301770 0.47595152258872986 37
1747771301952 0.6780885457992554 38
1747771302147 0.8942255973815918 39
1747771302339 0.6277955174446106 40
1747771302529 0.5495682954788208 41
1747771302720 0.4657433032989502 42
1747771302913 0.44561588764190674 43
1747771303105 0.4875093400478363 44
1747771303296 0.46922340989112854 45
1747771303477 0.4051896929740906 46
1747771303662 0.44794338941574097 47
1747771303853 0.4694141745567322 48
1747771304057 0.5600700378417969 49
