1747771293493 150.04594448756112 0
1747771293749 45.292533549332255 1
1747771294005 25.189420309560443 2
1747771294265 16.252687283387505 3
1747771294525 10.437950430071822 4
1747771294780 8.26330590227351 5
1747771295035 6.297842932058955 6
1747771295295 5.654818194861122 7
1747771295567 4.921667243142532 8
1747771295734 4.680998533154409 9
1747771295915 4.398320403186159 10
1747771296107 4.264559858843446 11
1747771296297 3.80121589060981 12
1747771296489 3.198635250631907 13
1747771296683 2.4185254601056783 14
1747771296875 1.6653472166704257 15
1747771297068 1.0787753818485784 16
1747771297264 3.191849160704354 17
1747771297456 1.1710941616314605 18
1747771297648 0.6253869562980663 19
1747771297846 0.6128581449871188 20
1747771298032 0.5334766196384765 21
1747771298209 0.463431499413466 22
1747771298395 0.48238504833854334 23
1747771298587 0.4986805168321648 24
1747771298782 0.40686737804867595 25
1747771298977 0.6877791762556791 26
1747771299177 0.9480368650183986 27
1747771299403 1.1062459893821837 28
1747771299666 0.8490627255187382 29
1747771299930 1.3839173563949674 30
1747771300193 0.9614970728218203 31
1747771300454 1.7063846519486898 32
1747771300714 0.41836408275587217 33
1747771300979 0.34716145899514533 34
1747771301252 0.3456839586507092 35
1747771301515 0.361504609714844 36
1747771301772 0.3900221882616292 37
1747771301953 0.7864475144766206 38
1747771302148 1.363315006657718 39
1747771302340 0.6606567642081805 40
1747771302531 0.5358101921720765 41
1747771302721 0.3704177173783753 42
1747771302915 0.3473135966486037 43
1747771303107 0.4054786673777167 44
1747771303297 0.37456155199935814 45
1747771303479 0.28916119564456755 46
1747771303664 0.3534080630978485 47
1747771303855 0.3748086776267775 48
1747771304059 0.5381558367164606 49
