1747591288676 0.10289966315031052 0
1747591296327 0.06141093373298645 1
1747591303744 0.04780346155166626 2
1747591311295 0.03515870124101639 3
1747591318726 0.028583906590938568 4
1747591326298 0.020789077505469322 5
1747591334061 0.016834119334816933 6
1747591341331 0.014229214750230312 7
1747591348679 0.013633388094604015 8
1747591356046 0.012362751178443432 9
1747591363534 0.011894410476088524 10
1747591371384 0.012266500853002071 11
1747591379058 0.010621000081300735 12
1747591386579 0.010255956090986729 13
1747591394068 0.011148991994559765 14
1747591401512 0.010922436602413654 15
1747591409074 0.009565439075231552 16
1747591416583 0.00941533874720335 17
1747591424031 0.009509664960205555 18
1747591431498 0.008863251656293869 19
1747591438803 0.008863067254424095 20
1747591446012 0.008578271605074406 21
1747591453560 0.009006449021399021 22
1747591461280 0.008356156758964062 23
1747591468548 0.00885750725865364 24
1747591475899 0.008231258019804955 25
1747591483180 0.00829269364476204 26
1747591490730 0.008041473105549812 27
1747591498472 0.007856965996325016 28
1747591505977 0.007678952068090439 29
1747591513202 0.007663778029382229 30
1747591520510 0.007621151860803366 31
1747591527790 0.008080646395683289 32
1747591535017 0.007679568603634834 33
1747591542467 0.007551558315753937 34
1747591549997 0.007138920947909355 35
1747591557362 0.00730639323592186 36
1747591564619 0.0071059116162359715 37
1747591571980 0.007212805096060038 38
1747591579331 0.007390844170004129 39
1747591586953 0.006773937959223986 40
1747591594552 0.006946282461285591 41
1747591601699 0.006806693971157074 42
1747591608935 0.006863072048872709 43
1747591616100 0.006921234540641308 44
1747591623249 0.006732138805091381 45
1747591630821 0.0064341058023273945 46
1747591638360 0.006356658414006233 47
1747591645533 0.006515762768685818 48
1747591652785 0.006618107669055462 49
