1743861838910 0.941100001335144 0
1743861862784 0.9609333276748657 1
1743861886707 0.9692333340644836 2
1743861910688 0.9742833375930786 3
1743861934380 0.9772499799728394 4
1743861958071 0.9784166812896729 5
1743861982238 0.9813500046730042 6
1743862006374 0.9825999736785889 7
1743862030495 0.9838333129882812 8
1743862054629 0.985966682434082 9
1743862078607 0.9872333407402039 10
1743862102404 0.9879166483879089 11
1743862126615 0.9885500073432922 12
1743862150713 0.9897666573524475 13
1743862174461 0.9909166693687439 14
1743862198149 0.9903666377067566 15
1743862221960 0.990933358669281 16
1743862245659 0.9918500185012817 17
1743862269616 0.9921666383743286 18
1743862293578 0.9929999709129333 19
1743862317957 0.9924833178520203 20
1743862341889 0.993316650390625 21
1743862365818 0.9934999942779541 22
1743862389804 0.9942333102226257 23
1743862413776 0.9927666783332825 24
1743862437417 0.994616687297821 25
1743862461261 0.9938333630561829 26
1743862484993 0.9952166676521301 27
1743862508992 0.9929500222206116 28
1743862532980 0.9957500100135803 29
1743862557138 0.9942499995231628 30
1743862581379 0.995033323764801 31
1743862605530 0.9946500062942505 32
1743862629372 0.9951333403587341 33
1743862653088 0.9947333335876465 34
1743862677102 0.9955000281333923 35
1743862701140 0.9958166480064392 36
1743862725433 0.9957166910171509 37
1743862749707 0.9949833154678345 38
1743862773688 0.9959499835968018 39
1743862797485 0.9955833554267883 40
1743862821207 0.9957166910171509 41
1743862844858 0.9950166940689087 42
1743862869005 0.9968833327293396 43
1743862893073 0.9958500266075134 44
1743862916807 0.9955666661262512 45
1743862940428 0.9962666630744934 46
1743862964343 0.9956499934196472 47
1743862988376 0.9965333342552185 48
1743863011994 0.9963333606719971 49
