1747687789404 0.24479842199160506 0
1747687804832 0.23967025567637654 1
1747687820276 0.23892946863919462 2
1747687835058 0.23835338626198568 3
1747687849724 0.23805928513886904 4
1747687864908 0.23770489631476235 5
1747687880332 0.23766304839541277 6
1747687895571 0.23755748349294123 7
1747687910602 0.23746296934775504 8
1747687926099 0.23733578560710464 9
1747687941807 0.23723247741736186 10
1747687957320 0.23717157216451892 11
1747687972733 0.23707922595366915 12
1747687987492 0.23688077638646662 13
1747688002733 0.23676549657416643 14
1747688018209 0.23680817499798393 15
1747688033653 0.23673482697928686 16
1747688047930 0.2366168558040988 17
1747688063272 0.23652466317889317 18
1747688078543 0.236487181203836 19
1747688094108 0.23647390994868642 20
1747688109824 0.2364101901995873 21
1747688125253 0.2363136796434305 22
1747688140111 0.23631991881421355 23
1747688155859 0.2363114084657227 24
1747688170383 0.23612414980959043 25
1747688185674 0.2361018828062097 26
1747688201058 0.23608169344986973 27
1747688216563 0.23611142775820979 28
1747688232487 0.23604019389687037 29
1747688246956 0.2360730500104824 30
1747688262065 0.2358144705714351 31
1747688276996 0.23595635056034717 32
1747688291701 0.2357823374261053 33
1747688307072 0.23575668338267386 34
1747688322424 0.2356811263664402 35
1747688337593 0.23584016750338202 36
1747688353028 0.2356721611115949 37
1747688368561 0.2356034946627083 38
1747688384039 0.23547908843187704 39
1747688399379 0.23548540277218744 40
1747688414775 0.23545685523893772 41
1747688430176 0.235475584202915 42
1747688445610 0.235392058572887 43
1747688460768 0.23533637147240005 44
1747688476365 0.23531265591502695 45
1747688491921 0.23523080107869498 46
1747688507074 0.2352923180025056 47
1747688522310 0.2351835337703976 48
1747688537292 0.23513898041235878 49
