1747598229338 0.09258538484573364 0
1747598237931 0.035532139241695404 1
1747598246277 0.02153782919049263 2
1747598255107 0.017313094809651375 3
1747598263765 0.01567710191011429 4
1747598272622 0.012526342645287514 5
1747598281337 0.012059574015438557 6
1747598289799 0.011618617922067642 7
1747598299024 0.010663099586963654 8
1747598307510 0.010971956886351109 9
1747598315898 0.009997298941016197 10
1747598324739 0.0099638057872653 11
1747598333330 0.010084006004035473 12
1747598342009 0.01000888179987669 13
1747598350396 0.009186089038848877 14
1747598358874 0.009498628787696362 15
1747598368086 0.009014436975121498 16
1747598376850 0.008793055079877377 17
1747598385550 0.008376232348382473 18
1747598394360 0.00843912735581398 19
1747598402851 0.008407157845795155 20
1747598411790 0.008348965086042881 21
1747598420479 0.008115659467875957 22
1747598429053 0.008164423517882824 23
1747598438430 0.007938235066831112 24
1747598447309 0.007587123196572065 25
1747598456379 0.0077482350170612335 26
1747598465084 0.007407760247588158 27
1747598474102 0.007444346789270639 28
1747598483204 0.007323280908167362 29
1747598491691 0.007497468497604132 30
1747598500717 0.006905821152031422 31
1747598509465 0.006945106666535139 32
1747598518309 0.006766841746866703 33
1747598527434 0.006951901130378246 34
1747598535975 0.006941349245607853 35
1747598545183 0.006875041406601667 36
1747598553797 0.006580918096005917 37
1747598562308 0.006904052570462227 38
1747598571303 0.006716088857501745 39
1747598580023 0.006531130522489548 40
1747598589178 0.006429949309676886 41
1747598597552 0.006520090624690056 42
1747598606238 0.006407003849744797 43
1747598615301 0.006199372000992298 44
1747598623650 0.00605284608900547 45
1747598632398 0.0062783947214484215 46
1747598640993 0.006262782961130142 47
1747598649598 0.006075406912714243 48
1747598658691 0.006155470386147499 49
