1747770356310 0.8857954740524292 0
1747770356568 0.9107954502105713 1
1747770356789 0.925568163394928 2
1747770357038 0.9267045259475708 3
1747770357264 0.9340909123420715 4
1747770357515 0.9375 5
1747770357738 0.9431818127632141 6
1747770357988 0.9346590638160706 7
1747770358213 0.9420454502105713 8
1747770358468 0.9460227489471436 9
1747770358698 0.949999988079071 10
1747770358954 0.9505681991577148 11
1747770359205 0.9517045617103577 12
1747770359471 0.9534090757369995 13
1747770359702 0.9556818008422852 14
1747770360041 0.9539772868156433 15
1747770360369 0.9528409242630005 16
1747770360718 0.956250011920929 17
1747770361042 0.9522727131843567 18
1747770361395 0.9630681872367859 19
1747770361709 0.9517045617103577 20
1747770362060 0.9596590995788574 21
1747770362299 0.9624999761581421 22
1747770362536 0.949431836605072 23
1747770362779 0.9630681872367859 24
1747770363031 0.9642045497894287 25
1747770363256 0.9573863744735718 26
1747770363511 0.9602272510528564 27
1747770363739 0.9624999761581421 28
1747770363983 0.9630681872367859 29
1747770364192 0.9676136374473572 30
1747770364792 0.9585227370262146 31
1747770365600 0.9653409123420715 32
1747770366288 0.9579545259475708 33
1747770366659 0.9642045497894287 34
1747770367006 0.9642045497894287 35
1747770367323 0.9664772748947144 36
1747770367663 0.9681817889213562 37
1747770367988 0.96875 38
1747770368338 0.9704545736312866 39
1747770368570 0.9579545259475708 40
1747770368819 0.9636363387107849 41
1747770369037 0.9642045497894287 42
1747770369292 0.9704545736312866 43
1747770369515 0.9704545736312866 44
1747770369775 0.9624999761581421 45
1747770370003 0.9681817889213562 46
1747770370263 0.96875 47
1747770370475 0.9670454263687134 48
1747770370717 0.9710227251052856 49
