1747770356313 0.3180531170244328 0
1747770356570 0.2414712414218863 1
1747770356791 0.2133286657487559 2
1747770357040 0.21108551588433686 3
1747770357266 0.18134796067064346 4
1747770357517 0.17267902190922352 5
1747770357740 0.15947201496945745 6
1747770357990 0.16396917084818474 7
1747770358215 0.16180496874049988 8
1747770358470 0.14781738200994818 9
1747770358699 0.14193448223972585 10
1747770358956 0.13795439860481487 11
1747770359207 0.12826908701627232 12
1747770359473 0.13116245187303247 13
1747770359705 0.12151099190166424 14
1747770360044 0.1257288219067159 15
1747770360371 0.11881571494836574 16
1747770360720 0.1189486700126972 17
1747770361045 0.14144396013429403 18
1747770361397 0.11163636712567286 19
1747770361712 0.11695125282614158 20
1747770362063 0.11359798046511363 21
1747770362301 0.10572986236797823 22
1747770362538 0.12097516946828825 23
1747770362780 0.10018185220316496 24
1747770363033 0.09872272121896944 25
1747770363258 0.10845397787187913 26
1747770363513 0.10534359867998055 27
1747770363741 0.10040023796164443 28
1747770363985 0.09748631033554984 29
1747770364193 0.09897692077315012 30
1747770364794 0.11752218904750396 31
1747770365602 0.09756809301938026 32
1747770366291 0.09544919347101297 33
1747770366662 0.08914422055672244 34
1747770367009 0.0958456949697409 35
1747770367326 0.09789128404043293 36
1747770367666 0.09512771387428802 37
1747770367991 0.09173243332644254 38
1747770368340 0.08348750806746326 39
1747770368572 0.09456464284296515 40
1747770368821 0.09259135585804523 41
1747770369039 0.08460846599261398 42
1747770369294 0.07905516864465124 43
1747770369517 0.08187694534327843 44
1747770369777 0.08980426581217064 45
1747770370005 0.08501478494834523 46
1747770370265 0.08950403538512966 47
1747770370477 0.08983640245016619 48
1747770370718 0.08306990961788033 49
