1747575295919 0.723249122309511 0
1747575301550 0.0046137611073921 1
1747575307056 0.00013808396595714424 2
1747575312213 0.00010508958447585653 3
1747575317370 9.183594896501984e-05 4
1747575322799 9.317762468504575e-05 5
1747575328277 9.811573527459404e-05 6
1747575333815 9.725090001072337e-05 7
1747575339221 8.693219621898912e-05 8
1747575344746 8.322745596400425e-05 9
1747575350183 8.278277265184552e-05 10
1747575355348 8.358079259517094e-05 11
1747575360507 7.995738160162207e-05 12
1747575365958 7.495159664017056e-05 13
1747575371587 7.815655341533206e-05 14
1747575377151 7.29242214861309e-05 15
1747575382700 7.79423796923517e-05 16
1747575388324 9.232872512534658e-05 17
1747575393632 7.465701324107097e-05 18
1747575398657 7.612623358905786e-05 19
1747575403695 7.336653691241376e-05 20
1747575408911 6.582907396676469e-05 21
1747575414558 6.612029523277952e-05 22
1747575420267 7.331461923730672e-05 23
1747575425653 6.696149217474102e-05 24
1747575431055 6.60247335175248e-05 25
1747575436805 6.429158367020486e-05 26
1747575442327 6.272304508298701e-05 27
1747575447475 6.165694644887699e-05 28
1747575452554 6.812544550682737e-05 29
1747575458111 6.009330190885218e-05 30
1747575463453 6.239011437495729e-05 31
1747575469111 5.513677218321204e-05 32
1747575474607 5.854950538759179e-05 33
1747575479739 6.883456704412953e-05 34
1747575485299 5.722222425625989e-05 35
1747575490782 5.607285461490182e-05 36
1747575496132 6.063664670605256e-05 37
1747575501156 5.844262856574657e-05 38
1747575506201 5.419255222619287e-05 39
1747575511816 6.344957270635105e-05 40
1747575517419 5.618091005808243e-05 41
1747575523145 5.874760947193386e-05 42
1747575528929 5.441444654422308e-05 43
1747575534666 5.589430869586787e-05 44
1747575540427 6.0179232593125384e-05 45
1747575546097 5.43440329871169e-05 46
1747575551657 5.3371764573697303e-05 47
1747575556818 5.828158691046588e-05 48
1747575562030 5.65306962972588e-05 49
