1747638169844 0.11861256510019302 0
1747638184966 0.08475077897310257 1
1747638197396 0.06606326252222061 2
1747638207531 0.04458582028746605 3
1747638217726 0.036177705973386765 4
1747638228287 0.031244222074747086 5
1747638238287 0.027019690722227097 6
1747638248869 0.024361608549952507 7
1747638259248 0.02278306521475315 8
1747638269365 0.01998273842036724 9
1747638279668 0.019338540732860565 10
1747638290500 0.01875576749444008 11
1747638300294 0.018280554562807083 12
1747638310807 0.018114391714334488 13
1747638321249 0.015149848535656929 14
1747638331071 0.015508176758885384 15
1747638341577 0.01415726263076067 16
1747638352078 0.01353535708039999 17
1747638362240 0.013828798197209835 18
1747638372705 0.013004997745156288 19
1747638383275 0.012861094437539577 20
1747638393393 0.01270201988518238 21
1747638404008 0.012709678150713444 22
1747638414681 0.012427098117768764 23
1747638425229 0.012279263697564602 24
1747638435712 0.011426331475377083 25
1747638446151 0.0111891720443964 26
1747638455882 0.0118102403357625 27
1747638466008 0.011371123604476452 28
1747638476534 0.011154763400554657 29
1747638486870 0.010600049048662186 30
1747638496870 0.010687734000384808 31
1747638507267 0.010536150075495243 32
1747638517171 0.010823062621057034 33
1747638527552 0.009864039719104767 34
1747638537844 0.010525614954531193 35
1747638548021 0.009571260772645473 36
1747638558478 0.009988087229430676 37
1747638568795 0.010331022553145885 38
1747638578907 0.009387779980897903 39
1747638589445 0.010336737148463726 40
1747638599716 0.01011036429554224 41
1747638609636 0.009353701025247574 42
1747638620220 0.009281866252422333 43
1747638630766 0.009541412815451622 44
1747638640965 0.009343236684799194 45
1747638651548 0.009033162146806717 46
1747638661983 0.009707559831440449 47
1747638672228 0.008664557710289955 48
1747638682915 0.008948296308517456 49
