1743866933053 0.2555293220178472 0
1743866957370 0.18563404650316687 1
1743866981735 0.16393829753146646 2
1743867006062 0.13555530920655834 3
1743867030303 0.12632609421493307 4
1743867054681 0.11151725815193109 5
1743867078956 0.1022233056697824 6
1743867103134 0.09112127081315155 7
1743867127181 0.08633205337058612 8
1743867151358 0.07839839408042189 9
1743867175359 0.07563689521128282 10
1743867199369 0.06655749874253275 11
1743867223553 0.06599845455718815 12
1743867247716 0.059543532436399496 13
1743867271826 0.054527542919018616 14
1743867296158 0.0476181603988834 15
1743867320326 0.048304628260755406 16
1743867344560 0.04675822678968065 17
1743867368522 0.0422869472387119 18
1743867392402 0.04893740010075236 19
1743867416410 0.03811886167854182 20
1743867440286 0.03716102581376355 21
1743867464049 0.0359665124068091 22
1743867487820 0.032794949513582146 23
1743867511928 0.03821195418388337 24
1743867536154 0.03402846459850623 25
1743867560027 0.031404235016629437 26
1743867583884 0.029450425638629363 27
1743867607882 0.03609805544967426 28
1743867632197 0.026315512191960842 29
1743867656598 0.02874822113903097 30
1743867680942 0.025398290091392266 31
1743867705522 0.030073058960044054 32
1743867729896 0.025796830978415092 33
1743867754748 0.02586431120628195 34
1743867779455 0.025478924686490222 35
1743867804026 0.02334523322244844 36
1743867828757 0.02331280693435896 37
1743867852915 0.02591796111220407 38
1743867876684 0.02264674438745457 39
1743867900316 0.019356284297882886 40
1743867924321 0.02522549425959809 41
1743867948303 0.019908376849348874 42
1743867972345 0.02228530631248321 43
1743867996178 0.025652416018141073 44
1743868020175 0.01886264738317479 45
1743868044197 0.021108451729321735 46
1743868068439 0.017779855141863202 47
1743868092249 0.021460596666113062 48
1743868115967 0.017760712306665764 49
