1747732102279 0.9144960045814514 0
1747732119728 0.9149572253227234 1
1747732137023 0.9151761531829834 2
1747732154412 0.9150080680847168 3
1747732171668 0.915195643901825 4
1747732188478 0.9152699112892151 5
1747732205837 0.9151057600975037 6
1747732222874 0.9150979518890381 7
1747732240208 0.9151800274848938 8
1747732257508 0.915473222732544 9
1747732275023 0.9152347445487976 10
1747732291982 0.9153403043746948 11
1747732309080 0.915285587310791 12
1747732326000 0.9153910875320435 13
1747732343395 0.9153012037277222 14
1747732360717 0.9153676629066467 15
1747732377994 0.9151878356933594 16
1747732395103 0.9153794050216675 17
1747732412273 0.9153403043746948 18
1747732429448 0.9152973294258118 19
1747732445954 0.9153754711151123 20
1747732463093 0.9154419302940369 21
1747732479761 0.9155787229537964 22
1747732496773 0.9154810309410095 23
1747732513979 0.9154536724090576 24
1747732530863 0.9154223799705505 25
1747732547842 0.9156138896942139 26
1747732564587 0.9154458045959473 27
1747732582866 0.9154419302940369 28
1747732600187 0.9155083894729614 29
1747732617162 0.9156138896942139 30
1747732634665 0.9155200719833374 31
1747732651574 0.9156373739242554 32
1747732668897 0.9154966473579407 33
1747732685914 0.9155943393707275 34
1747732703170 0.9156529903411865 35
1747732720113 0.9156256318092346 36
1747732737204 0.9157741665840149 37
1747732754517 0.9154653549194336 38
1747732771198 0.9155200719833374 39
1747732788525 0.9158132672309875 40
1747732805282 0.9156725406646729 41
1747732822320 0.9157311916351318 42
1747732839115 0.9157428741455078 43
1747732855962 0.915805459022522 44
1747732873403 0.9159109592437744 45
1747732890341 0.9158093333244324 46
1747732907559 0.9158250093460083 47
1747732924188 0.9158093333244324 48
1747732941024 0.9160594940185547 49
