1747732102280 0.24704784167104796 0
1747732119730 0.2396501122587202 1
1747732137024 0.23867942049550953 2
1747732154414 0.23822090507125906 3
1747732171669 0.23799587389112534 4
1747732188480 0.23781898753919722 5
1747732205838 0.23773509251422753 6
1747732222875 0.23774110200151197 7
1747732240210 0.23751809227198167 8
1747732257509 0.23731296110064412 9
1747732275025 0.2373016081954279 10
1747732291986 0.23727932692461928 11
1747732309081 0.23718101488947396 12
1747732326001 0.23707557951559582 13
1747732343397 0.2370609315670521 14
1747732360718 0.23686717069721733 15
1747732377995 0.23676473729152145 16
1747732395105 0.2367801985665869 17
1747732412275 0.23652705078872918 18
1747732429449 0.23656378604182812 19
1747732445955 0.23649007780268044 20
1747732463094 0.23643220025418907 21
1747732479762 0.23639044891821795 22
1747732496775 0.23632684253821928 23
1747732513981 0.23627039462770433 24
1747732530865 0.2362439781851289 25
1747732547843 0.23609569285340523 26
1747732564589 0.23614097373562937 27
1747732582867 0.23594526285270156 28
1747732600188 0.23601186834417098 29
1747732617163 0.2359114473749106 30
1747732634666 0.2357937873573816 31
1747732651575 0.23574755484909798 32
1747732668899 0.23575866908650372 33
1747732685915 0.2357390873387481 34
1747732703172 0.2355471726284652 35
1747732720114 0.23556207139385602 36
1747732737206 0.23545544239525504 37
1747732754518 0.23559318913577376 38
1747732771199 0.2354420906801797 39
1747732788526 0.23534416699381544 40
1747732805283 0.23530627937140602 41
1747732822322 0.23535903718954684 42
1747732839116 0.23530962949661552 43
1747732855964 0.23523262995251254 44
1747732873404 0.23510034387223686 45
1747732890342 0.23513271370538683 46
1747732907560 0.23501648570981834 47
1747732924190 0.23501813073495806 48
1747732941026 0.234947785545828 49
