1747770225735 2.2764599590080463 0
1747770226004 1.608508787466236 1
1747770226276 1.3581709641960877 2
1747770226543 1.1255884460544068 3
1747770226774 0.9164942445592456 4
1747770226960 0.7213704715762744 5
1747770227153 0.6902028632188116 6
1747770227342 0.6081331417692611 7
1747770227539 0.4257131587023828 8
1747770227752 0.3847751829094925 9
1747770227934 0.3264124967073749 10
1747770228156 0.23001615441418902 11
1747770228360 0.22904013956149513 12
1747770228542 0.19400496912175327 13
1747770228763 0.17616548852240138 14
1747770228955 0.17675856459752523 15
1747770229136 0.17636170381400182 16
1747770229356 0.15658158596343888 17
1747770229548 0.15961925728191112 18
1747770229739 0.16874988806641336 19
1747770229973 0.15186875749702752 20
1747770230178 0.1505099837188377 21
1747770230372 0.13781282457852048 22
1747770230641 0.15068170722944338 23
1747770230880 0.14274502941441242 24
1747770231399 0.1287504186121666 25
1747770231879 0.1268882563374116 26
1747770232365 0.12876075347126867 27
1747770232625 0.11860651596745898 28
1747770232868 0.12402088483751968 29
1747770233057 0.11869992581420467 30
1747770233249 0.11658778755153333 31
1747770233451 0.11161115718917561 32
1747770233639 0.11455210545382737 33
1747770233854 0.10747038623431326 34
1747770234055 0.10587226051576913 35
1747770234261 0.10566183835548461 36
1747770234445 0.1032634120361661 37
1747770234676 0.12881841793270646 38
1747770234890 0.10415135337075225 39
1747770235086 0.11731887679482998 40
1747770235327 0.10751611690196336 41
1747770235530 0.10689866867802582 42
1747770235712 0.10089583895126096 43
1747770235942 0.10748790640410952 44
1747770236142 0.10872413236051841 45
1747770236329 0.11126301728271995 46
1747770236566 0.09510845944939693 47
1747770236805 0.09872581091522273 48
1747770237073 0.09395723360627875 49
