1747770225732 0.3920454680919647 0
1747770226001 0.5272727012634277 1
1747770226273 0.6335227489471436 2
1747770226541 0.6988636255264282 3
1747770226772 0.7517045736312866 4
1747770226958 0.8034090995788574 5
1747770227151 0.8045454621315002 6
1747770227340 0.8204545378684998 7
1747770227537 0.862500011920929 8
1747770227750 0.8744317889213562 9
1747770227932 0.8897727131843567 10
1747770228154 0.9227272868156433 11
1747770228358 0.9130681753158569 12
1747770228540 0.9363636374473572 13
1747770228761 0.9420454502105713 14
1747770228953 0.9409090876579285 15
1747770229134 0.9375 16
1747770229354 0.9443181753158569 17
1747770229546 0.9437500238418579 18
1747770229737 0.9386363625526428 19
1747770229971 0.949999988079071 20
1747770230176 0.9505681991577148 21
1747770230369 0.9482954740524292 22
1747770230638 0.9482954740524292 23
1747770230877 0.9511363506317139 24
1747770231396 0.9528409242630005 25
1747770231876 0.9545454382896423 26
1747770232362 0.9488636255264282 27
1747770232622 0.9573863744735718 28
1747770232865 0.9556818008422852 29
1747770233055 0.956818163394928 30
1747770233247 0.9624999761581421 31
1747770233449 0.9636363387107849 32
1747770233637 0.9613636136054993 33
1747770233852 0.9602272510528564 34
1747770234053 0.9664772748947144 35
1747770234258 0.9636363387107849 36
1747770234442 0.9659090638160706 37
1747770234674 0.9511363506317139 38
1747770234888 0.9596590995788574 39
1747770235084 0.9579545259475708 40
1747770235325 0.9585227370262146 41
1747770235528 0.9659090638160706 42
1747770235710 0.9607954621315002 43
1747770235940 0.9619318246841431 44
1747770236140 0.9664772748947144 45
1747770236327 0.9642045497894287 46
1747770236564 0.9664772748947144 47
1747770236802 0.9664772748947144 48
1747770237070 0.9647727012634277 49
