1747573236568 0.006877261679619551 0
1747573241362 0.0041742040775716305 1
1747573246624 0.004176512360572815 2
1747573252156 0.0041329762898385525 3
1747573257772 0.003986768424510956 4
1747573263369 0.0038874598685652018 5
1747573268774 0.003840685822069645 6
1747573274027 0.003811292815953493 7
1747573279182 0.003806497436016798 8
1747573284694 0.003618645714595914 9
1747573290423 0.0036438077222555876 10
1747573295944 0.003486508736386895 11
1747573301420 0.003470586147159338 12
1747573306970 0.003483927808701992 13
1747573312425 0.0034076841548085213 14
1747573317635 0.0034146644175052643 15
1747573322709 0.0033255801536142826 16
1747573328192 0.0033810457680374384 17
1747573333536 0.003308759303763509 18
1747573339240 0.003326539881527424 19
1747573344933 0.0032095809001475573 20
1747573350570 0.0032029079739004374 21
1747573356112 0.0031243746634572744 22
1747573361073 0.003214459167793393 23
1747573366293 0.0031042625196278095 24
1747573371653 0.003049748484045267 25
1747573376696 0.003097053850069642 26
1747573382255 0.003006085054948926 27
1747573387791 0.003036163281649351 28
1747573393386 0.0029408778063952923 29
1747573398935 0.0030844996217638254 30
1747573404618 0.003017226466909051 31
1747573410115 0.0030815103091299534 32
1747573415116 0.002948242472484708 33
1747573420338 0.002909579314291477 34
1747573425898 0.0029780883342027664 35
1747573431512 0.0029729451052844524 36
1747573437094 0.0028915987350046635 37
1747573442524 0.002867440925911069 38
1747573447955 0.0028650877065956593 39
1747573452951 0.002900375286117196 40
1747573458029 0.002852338831871748 41
1747573463570 0.0027796465437859297 42
1747573469156 0.0027865434531122446 43
1747573474839 0.0028261516708880663 44
1747573480450 0.002782115014269948 45
1747573485886 0.002718766452744603 46
1747573491398 0.0027862153947353363 47
1747573496442 0.0027396215591579676 48
1747573501363 0.002579877618700266 49
