1747771585304 2.399022861415031 0
1747771585492 2.283638030567459 1
1747771585681 2.1749873028674123 2
1747771585870 1.9832836345305045 3
1747771586060 1.7707277102066754 4
1747771586251 1.6012260664854048 5
1747771586442 1.4584430879616743 6
1747771586633 1.2796707629041024 7
1747771586823 1.0381709630000662 8
1747771587015 0.767221431318019 9
1747771587206 0.6462697144382393 10
1747771587397 0.565570031878925 11
1747771587586 0.52253604286762 12
1747771587778 0.49509428775275727 13
1747771587969 0.46957972927906194 14
1747771588160 0.4408946677715722 15
1747771588354 0.4138975980212443 16
1747771588547 0.3998287383779138 17
1747771588738 0.38631362902810856 18
1747771589001 0.3822823049237347 19
1747771589303 0.36500409060434974 20
1747771589605 0.357871387195415 21
1747771589908 0.3466250361796925 22
1747771590153 0.3388713780272167 23
1747771590340 0.329216209562677 24
1747771590531 0.33289791547145214 25
1747771590721 0.32886995142011266 26
1747771590912 0.3096550293363518 27
1747771591105 0.31125555322800197 28
1747771591296 0.30287083011595656 29
1747771591488 0.29416345076720385 30
1747771591680 0.29600819135259016 31
1747771591871 0.2928423824657627 32
1747771592063 0.2927763142183771 33
1747771592256 0.2952482021253911 34
1747771592448 0.28779118747923776 35
1747771592640 0.28494397921297626 36
1747771592833 0.27440872610960565 37
1747771593027 0.2645444733240809 38
1747771593220 0.2782850463311634 39
1747771593413 0.26274106272918296 40
1747771593606 0.2666548101653137 41
1747771593809 0.2659764016034621 42
1747771594110 0.26604925593375145 43
1747771594410 0.26315928749052314 44
1747771594711 0.25621017752407504 45
1747771595012 0.2625532963443765 46
1747771595204 0.2770236474719535 47
1747771595392 0.26235767000941007 48
1747771595589 0.24943213518584376 49
