1747771585303 0.33636364340782166 0
1747771585491 0.4022727310657501 1
1747771585680 0.46534091234207153 2
1747771585869 0.48806819319725037 3
1747771586059 0.5232954621315002 4
1747771586250 0.5715909004211426 5
1747771586441 0.6096590757369995 6
1747771586632 0.644318163394928 7
1747771586822 0.6965909004211426 8
1747771587014 0.7647727131843567 9
1747771587205 0.7772727012634277 10
1747771587396 0.8107954263687134 11
1747771587585 0.8096590638160706 12
1747771587776 0.8187500238418579 13
1747771587968 0.8147727251052856 14
1747771588159 0.8329545259475708 15
1747771588353 0.8500000238418579 16
1747771588546 0.8477272987365723 17
1747771588737 0.8590909242630005 18
1747771588999 0.8545454740524292 19
1747771589301 0.8613636493682861 20
1747771589604 0.8676136136054993 21
1747771589906 0.8732954263687134 22
1747771590152 0.8801136612892151 23
1747771590339 0.8784090876579285 24
1747771590530 0.8761363625526428 25
1747771590720 0.8693181872367859 26
1747771590911 0.8835227489471436 27
1747771591104 0.8852272629737854 28
1747771591295 0.8999999761581421 29
1747771591487 0.887499988079071 30
1747771591679 0.8977272510528564 31
1747771591870 0.8914772868156433 32
1747771592062 0.887499988079071 33
1747771592255 0.8948863744735718 34
1747771592447 0.8880681991577148 35
1747771592639 0.8909090757369995 36
1747771592832 0.9017045497894287 37
1747771593026 0.8982954621315002 38
1747771593219 0.8931818008422852 39
1747771593412 0.9011363387107849 40
1747771593605 0.9005681872367859 41
1747771593807 0.893750011920929 42
1747771594108 0.8931818008422852 43
1747771594409 0.9022727012634277 44
1747771594709 0.8999999761581421 45
1747771595010 0.8999999761581421 46
1747771595203 0.8948863744735718 47
1747771595391 0.90625 48
1747771595588 0.9068182110786438 49
