1747770250433 0.3914772868156433 0
1747770250620 0.5977272987365723 1
1747770250847 0.6528409123420715 2
1747770251065 0.7164772748947144 3
1747770251253 0.7403408885002136 4
1747770251479 0.7789772748947144 5
1747770251700 0.8221591114997864 6
1747770251915 0.8363636136054993 7
1747770252145 0.8755682110786438 8
1747770252346 0.9159091114997864 9
1747770252567 0.9289772510528564 10
1747770252821 0.9227272868156433 11
1747770253072 0.925000011920929 12
1747770253303 0.9312499761581421 13
1747770253524 0.9232954382896423 14
1747770253740 0.9346590638160706 15
1747770253954 0.9392045736312866 16
1747770254219 0.9465909004211426 17
1747770254503 0.9460227489471436 18
1747770254791 0.9380682110786438 19
1747770255074 0.9437500238418579 20
1747770255354 0.9448863863945007 21
1747770255671 0.9437500238418579 22
1747770255979 0.9460227489471436 23
1747770256282 0.9443181753158569 24
1747770256568 0.956250011920929 25
1747770256775 0.9539772868156433 26
1747770257005 0.9573863744735718 27
1747770257208 0.9534090757369995 28
1747770257438 0.9573863744735718 29
1747770257670 0.9556818008422852 30
1747770257889 0.9596590995788574 31
1747770258129 0.956818163394928 32
1747770258364 0.9630681872367859 33
1747770258599 0.9619318246841431 34
1747770258823 0.9556818008422852 35
1747770259045 0.9573863744735718 36
1747770259262 0.9636363387107849 37
1747770259505 0.9670454263687134 38
1747770259724 0.9624999761581421 39
1747770259954 0.9528409242630005 40
1747770260160 0.9664772748947144 41
1747770260414 0.9602272510528564 42
1747770260726 0.9613636136054993 43
1747770261039 0.956818163394928 44
1747770261342 0.9653409123420715 45
1747770261632 0.9613636136054993 46
1747770261924 0.9619318246841431 47
1747770262223 0.9659090638160706 48
1747770262517 0.9659090638160706 49
