1747770250435 2.237277498442797 0
1747770250622 1.6393980483470652 1
1747770250849 1.3531093885604561 2
1747770251067 1.1114777487557699 3
1747770251254 0.9630355720089702 4
1747770251481 0.8502207579861036 5
1747770251702 0.7003430143411465 6
1747770251917 0.5570639174779065 7
1747770252147 0.3997389687002511 8
1747770252348 0.2790363374125799 9
1747770252569 0.23876243363344832 10
1747770252823 0.2196689321716773 11
1747770253074 0.22275383658587047 12
1747770253305 0.2089669624169909 13
1747770253525 0.2126038063985642 14
1747770253742 0.18640617106819718 15
1747770253956 0.18132469454115283 16
1747770254221 0.17034650379474628 17
1747770254506 0.16236426382401126 18
1747770254793 0.17144606533944654 19
1747770255077 0.15418040276165332 20
1747770255357 0.15410878354052418 21
1747770255674 0.1581503608865231 22
1747770255981 0.1599523451642364 23
1747770256285 0.1553643898907065 24
1747770256569 0.13497330611024058 25
1747770256776 0.13432071023984893 26
1747770257007 0.13008988212981734 27
1747770257210 0.13106164061777126 28
1747770257440 0.12808065857590106 29
1747770257673 0.12778194834837392 30
1747770257891 0.12356432672161335 31
1747770258131 0.11746952466009895 32
1747770258367 0.11705099460643593 33
1747770258601 0.11707297740625319 34
1747770258825 0.12211761934806264 35
1747770259047 0.12302217732471186 36
1747770259265 0.11028183039227514 37
1747770259507 0.10656142856208849 38
1747770259726 0.10731318933380982 39
1747770259956 0.1320656706531697 40
1747770260162 0.10233436330713372 41
1747770260417 0.10933607884563933 42
1747770260729 0.11109373917470768 43
1747770261042 0.12203341040019271 44
1747770261345 0.09951270008908512 45
1747770261635 0.10354414878230252 46
1747770261927 0.10078441398224991 47
1747770262226 0.09799591459875488 48
1747770262520 0.1006160124889812 49
