1747770947958 50.10150146484375 0
1747770948139 49.82405471801758 1
1747770948337 48.92756271362305 2
1747770948513 44.64168167114258 3
1747770948692 34.282020568847656 4
1747770948873 29.517532348632812 5
1747770949061 26.188276290893555 6
1747770949243 24.679677963256836 7
1747770949431 23.700611114501953 8
1747770949620 22.950254440307617 9
1747770949809 22.348148345947266 10
1747770949998 21.911632537841797 11
1747770950254 21.65166664123535 12
1747770950511 21.44344139099121 13
1747770950773 21.349124908447266 14
1747770951033 21.298006057739258 15
1747770951296 21.281755447387695 16
1747770951551 21.272945404052734 17
1747770951805 21.28940200805664 18
1747770952060 21.333127975463867 19
1747770952326 21.351346969604492 20
1747770952547 21.32789421081543 21
1747770952720 21.322202682495117 22
1747770952901 21.32500457763672 23
1747770953089 21.353055953979492 24
1747770953275 21.370206832885742 25
1747770953461 21.35183334350586 26
1747770953657 21.36390495300293 27
1747770953846 21.382905960083008 28
1747770954035 21.36856460571289 29
1747770954222 21.327730178833008 30
1747770954411 21.350814819335938 31
1747770954598 21.340499877929688 32
1747770954787 21.338335037231445 33
1747770954974 21.35686683654785 34
1747770955161 21.357807159423828 35
1747770955354 21.35507583618164 36
1747770955543 21.359220504760742 37
1747770955734 21.313596725463867 38
1747770955927 21.337461471557617 39
1747770956117 21.35637664794922 40
1747770956338 21.330900192260742 41
1747770956600 21.335355758666992 42
1747770956880 21.296934127807617 43
1747770957143 21.33399200439453 44
1747770957405 21.334875106811523 45
1747770957665 21.331615447998047 46
1747770957926 21.30854606628418 47
1747770958199 21.3321475982666 48
1747770958472 21.327871322631836 49
