1747770947960 4524.0938078405525 0
1747770948141 4489.157474156477 1
1747770948338 4410.09809376392 2
1747770948514 3853.750232840298 3
1747770948693 2367.479981044209 4
1747770948874 1589.4341114979393 5
1747770949063 1317.8106361986518 6
1747770949244 1178.3808122582107 7
1747770949432 1093.6535363756316 8
1747770949621 1030.3500794132667 9
1747770949810 987.253463472853 10
1747770950000 968.4462127700752 11
1747770950256 947.9558238709125 12
1747770950512 929.6430913438517 13
1747770950775 926.8322596310712 14
1747770951035 920.6630693918127 15
1747770951298 922.936650687845 16
1747770951553 921.6145235907479 17
1747770951807 926.0190044466639 18
1747770952062 926.3001119453035 19
1747770952328 918.7695259435865 20
1747770952548 921.5517597194555 21
1747770952721 925.7639116719556 22
1747770952902 919.9931944157769 23
1747770953090 929.3487117475106 24
1747770953277 928.2890198158817 25
1747770953463 925.3205923422104 26
1747770953658 926.5493934926192 27
1747770953847 927.1454901497984 28
1747770954036 918.3016945716181 29
1747770954223 927.3799821629253 30
1747770954412 915.7406579537738 31
1747770954600 920.5887639795274 32
1747770954789 923.7956532497968 33
1747770954976 924.2257732366769 34
1747770955162 921.1998876562538 35
1747770955355 918.1041705399053 36
1747770955545 917.871186793965 37
1747770955735 926.4331160064701 38
1747770955928 920.8391408318581 39
1747770956119 918.366281805194 40
1747770956340 917.6190155286469 41
1747770956602 917.188034383736 42
1747770956882 921.0830684705871 43
1747770957145 919.8396512174542 44
1747770957407 918.891495006981 45
1747770957667 921.5196942179913 46
1747770957928 918.6191367860068 47
1747770958200 921.3113090251936 48
1747770958473 914.4936149541699 49
