1747770337079 2903.1528627534854 0
1747770337233 969.2939805405439 1
1747770337411 414.40190807726447 2
1747770337619 189.0435567209793 3
1747770337828 91.089406512412 4
1747770338032 47.50008829577412 5
1747770338243 27.686886292639667 6
1747770338449 18.23718132396473 7
1747770338618 12.796469574267507 8
1747770338749 9.718212775569686 9
1747770338891 7.951685252481569 10
1747770339033 6.895073727984973 11
1747770339175 5.856362529651237 12
1747770339319 5.2235103389309545 13
1747770339461 4.573439137816848 14
1747770339610 3.975582343785374 15
1747770339755 3.534956213084411 16
1747770339900 3.1343498921811643 17
1747770340050 2.621743321383655 18
1747770340193 2.148112192575982 19
1747770340337 1.8904121200099877 20
1747770340482 1.7022309171096641 21
1747770340624 1.5328299820388398 22
1747770340768 1.4126582606690257 23
1747770340917 1.3044375443291063 24
1747770341063 1.2279473329291364 25
1747770341208 1.1343075477418199 26
1747770341351 1.0676687002665453 27
1747770341497 1.0218219839239915 28
1747770341644 0.9701158082534554 29
1747770341787 0.9376090283274194 30
1747770341931 0.8814500721033992 31
1747770342075 0.8388924927601754 32
1747770342224 0.8059872446501333 33
1747770342406 0.7941771726720734 34
1747770342614 0.7573916763361851 35
1747770342823 0.7189030865047317 36
1747770343035 0.6940258717046669 37
1747770343240 0.6722496189613414 38
1747770343447 0.6391110282446644 39
1747770343611 0.6170266271025872 40
1747770343748 0.5903468727171947 41
1747770343888 0.5750431238223569 42
1747770344030 0.5617721185389878 43
1747770344178 0.5344521943326501 44
1747770344334 0.5258484859109224 45
1747770344480 0.5007640575452835 46
1747770344619 0.4885860737207918 47
1747770344763 0.4709530163959865 48
1747770344905 0.4586248932093085 49
