1747770337078 37.360286712646484 0
1747770337232 20.78804588317871 1
1747770337410 14.793213844299316 2
1747770337617 10.032637596130371 3
1747770337827 7.123701095581055 4
1747770338031 5.169514179229736 5
1747770338242 3.9478862285614014 6
1747770338448 3.1853315830230713 7
1747770338617 2.655226230621338 8
1747770338748 2.2736213207244873 9
1747770338890 1.994875431060791 10
1747770339032 1.8237769603729248 11
1747770339174 1.6616864204406738 12
1747770339318 1.5663288831710815 13
1747770339460 1.46769380569458 14
1747770339609 1.3753867149353027 15
1747770339754 1.2962859869003296 16
1747770339899 1.2266590595245361 17
1747770340048 1.1389957666397095 18
1747770340192 1.0546863079071045 19
1747770340336 0.99233078956604 20
1747770340481 0.9553825259208679 21
1747770340623 0.9046849012374878 22
1747770340767 0.8701379299163818 23
1747770340916 0.8434476852416992 24
1747770341062 0.8177536129951477 25
1747770341207 0.7901625037193298 26
1747770341350 0.7652937173843384 27
1747770341496 0.7524051666259766 28
1747770341643 0.7342168688774109 29
1747770341786 0.7221463322639465 30
1747770341930 0.701194703578949 31
1747770342074 0.6865867972373962 32
1747770342224 0.6698000431060791 33
1747770342404 0.6670883893966675 34
1747770342612 0.6531808972358704 35
1747770342822 0.6372220516204834 36
1747770343033 0.6271460652351379 37
1747770343238 0.6152348518371582 38
1747770343446 0.6019640564918518 39
1747770343610 0.5937951803207397 40
1747770343747 0.5804609060287476 41
1747770343887 0.5697464942932129 42
1747770344029 0.5688695311546326 43
1747770344177 0.5544723868370056 44
1747770344333 0.5497008562088013 45
1747770344479 0.5362855792045593 46
1747770344619 0.5306362509727478 47
1747770344762 0.5203120708465576 48
1747770344904 0.515936017036438 49
