1743954139837 0.2786041612319394 0
1743954164787 0.26693981558476715 1
1743954189833 0.26905953463064713 2
1743954214709 0.2666653978252053 3
1743954239663 0.26046541572632764 4
1743954264712 0.2297192411915472 5
1743954289727 0.20953920713419383 6
1743954314939 0.19363830051363312 7
1743954339834 0.2021307462090021 8
1743954364523 0.17977680229029008 9
1743954389237 0.1712560806244899 10
1743954414012 0.16424366462697806 11
1743954438856 0.15885327801778285 12
1743954463733 0.1554199546521023 13
1743954488755 0.14975635647549077 14
1743954513492 0.14528228562364728 15
1743954538136 0.14178631597610492 16
1743954563044 0.13832615138301405 17
1743954587732 0.13554409709720375 18
1743954612513 0.13269337649185717 19
1743954637397 0.1387720409566792 20
1743954662303 0.1298142485086317 21
1743954687305 0.12739616072063248 22
1743954712274 0.12620831647501388 23
1743954737263 0.12340196720063118 24
1743954762233 0.12188155811768163 25
1743954787117 0.12009383486886717 26
1743954812010 0.11894897074033185 27
1743954836947 0.1616399953198808 28
1743954862112 0.1385805442383545 29
1743954887061 0.1305316051464881 30
1743954911879 0.12610081520306438 31
1743954936849 0.1229679055925916 32
1743954961829 0.12069819367835413 33
1743954986150 0.11882406778212247 34
1743955010277 0.1404797500371294 35
1743955034378 0.1263045342491082 36
1743955058545 0.11950904631006894 37
1743955083735 0.11686082821564003 38
1743955108649 0.11513289425123242 39
1743955133593 0.1140145923781075 40
1743955158695 0.11287566696692151 41
1743955183790 0.1118601204245999 42
1743955208620 0.11095626273692505 43
1743955233454 0.11152532662037293 44
1743955258079 0.10974074337962555 45
1743955282871 0.10866227846950231 46
1743955307633 0.11010839178347386 47
1743955332460 0.10732321085566895 48
1743955357210 0.10615012541337326 49
