1743954139836 0.3310408294200897 0
1743954164785 0.3186272978782654 1
1743954189832 0.32331690192222595 2
1743954214707 0.318206250667572 3
1743954239661 0.30974042415618896 4
1743954264711 0.2767437994480133 5
1743954289725 0.25936293601989746 6
1743954314938 0.24641893804073334 7
1743954339832 0.25697267055511475 8
1743954364521 0.23355817794799805 9
1743954389235 0.22621409595012665 10
1743954414010 0.22030404210090637 11
1743954438854 0.21576307713985443 12
1743954463731 0.21405796706676483 13
1743954488754 0.20796248316764832 14
1743954513491 0.2039308100938797 15
1743954538135 0.20086556673049927 16
1743954563043 0.1980743259191513 17
1743954587730 0.1957506388425827 18
1743954612511 0.1930316537618637 19
1743954637396 0.2013757824897766 20
1743954662302 0.1905910223722458 21
1743954687303 0.18851210176944733 22
1743954712272 0.18745824694633484 23
1743954737261 0.18478448688983917 24
1743954762232 0.1836520880460739 25
1743954787116 0.18178467452526093 26
1743954812008 0.1810411959886551 27
1743954836945 0.20946894586086273 28
1743954862111 0.2040991485118866 29
1743954887060 0.1948069930076599 30
1743954911877 0.18959398567676544 31
1743954936847 0.18645665049552917 32
1743954961828 0.1840781271457672 33
1743954986148 0.1820591241121292 34
1743955010276 0.20484602451324463 35
1743955034377 0.1902865618467331 36
1743955058543 0.18263401091098785 37
1743955083733 0.17975503206253052 38
1743955108647 0.17793059349060059 39
1743955133591 0.17728090286254883 40
1743955158694 0.17637945711612701 41
1743955183789 0.17521022260189056 42
1743955208618 0.17428497970104218 43
1743955233452 0.17563316226005554 44
1743955258078 0.1732444167137146 45
1743955282870 0.1722058802843094 46
1743955307631 0.17430447041988373 47
1743955332459 0.17108812928199768 48
1743955357208 0.16989582777023315 49
