1743960177133 0.28372398018836975 0
1743960208150 0.25583145022392273 1
1743960239384 0.24103422462940216 2
1743960270780 0.2324870377779007 3
1743960301831 0.22510217130184174 4
1743960332919 0.22048000991344452 5
1743960364063 0.2140212208032608 6
1743960395653 0.20895054936408997 7
1743960427059 0.20271062850952148 8
1743960458536 0.1989615261554718 9
1743960489698 0.19567064940929413 10
1743960520771 0.19387739896774292 11
1743960552059 0.19061700999736786 12
1743960583216 0.18803803622722626 13
1743960614195 3.5002048015594482 14
1743960645540 0.3338760435581207 15
1743960676798 0.3137449324131012 16
1743960708103 0.3017403781414032 17
1743960739264 0.2893671691417694 18
1743960770174 0.2780260741710663 19
1743960801340 0.2665266692638397 20
1743960832551 0.25766563415527344 21
1743960863765 0.25046247243881226 22
1743960895214 0.24582254886627197 23
1743960926015 0.24151666462421417 24
1743960957539 0.23614664375782013 25
1743960988865 0.23125070333480835 26
1743961020213 0.22751961648464203 27
1743961051451 0.22463323175907135 28
1743961082542 0.22197049856185913 29
1743961113685 0.21903112530708313 30
1743961145108 0.21588744223117828 31
1743961176255 0.2135075181722641 32
1743961207461 0.21169829368591309 33
1743961238436 0.20898771286010742 34
1743961269605 0.22506733238697052 35
1743961300635 0.2436894327402115 36
1743961331405 0.22151464223861694 37
1743961362904 0.21225039660930634 38
1743961393916 0.2066228985786438 39
1743961425338 0.20249612629413605 40
1743961456576 0.19930295646190643 41
1743961487465 0.1969696283340454 42
1743961518510 0.19411516189575195 43
1743961549564 0.19173696637153625 44
1743961580817 0.19008827209472656 45
1743961612258 0.18827258050441742 46
1743961643072 0.18691974878311157 47
1743961674350 0.18582750856876373 48
1743961705615 0.18409882485866547 49
