1743765672226 0.31620466709136963 0
1743765696195 0.25080570578575134 1
1743765720144 0.2329021543264389 2
1743765744111 0.22193318605422974 3
1743765768172 0.21170251071453094 4
1743765792138 0.20135170221328735 5
1743765816060 0.1920015662908554 6
1743765839967 0.1842775046825409 7
1743765863939 0.17797212302684784 8
1743765887654 0.17312617599964142 9
1743765911683 0.16935521364212036 10
1743765935784 0.16549615561962128 11
1743765959885 0.16291797161102295 12
1743765983890 0.16021381318569183 13
1743766007877 0.15809236466884613 14
1743766031805 0.15601761639118195 15
1743766055871 0.15399861335754395 16
1743766079785 0.1526414155960083 17
1743766103901 0.15065452456474304 18
1743766127909 0.14937831461429596 19
1743766151785 0.14788761734962463 20
1743766175934 0.14734184741973877 21
1743766199740 0.14567092061042786 22
1743766223800 0.14442957937717438 23
1743766247762 0.14355775713920593 24
1743766271675 0.14256273210048676 25
1743766295561 0.1416025012731552 26
1743766319532 0.1401091367006302 27
1743766343574 0.1393594592809677 28
1743766367493 0.13907496631145477 29
1743766391471 0.1381024420261383 30
1743766415502 0.13738027215003967 31
1743766439420 0.1369819939136505 32
1743766463515 0.13620151579380035 33
1743766487429 0.13539749383926392 34
1743766511398 0.13524658977985382 35
1743766535393 0.1344607025384903 36
1743766559120 0.13430649042129517 37
1743766583112 0.1337696611881256 38
1743766606911 0.13405738770961761 39
1743766630873 0.13288629055023193 40
1743766654480 0.13234537839889526 41
1743766678291 0.1319572627544403 42
1743766702197 0.13163511455059052 43
1743766726336 0.1316138356924057 44
1743766750079 0.1306574046611786 45
1743766773910 0.13040512800216675 46
1743766798077 0.1302601546049118 47
1743766822591 0.130036398768425 48
1743766846742 0.12963515520095825 49
