1743765672227 0.26616787374511647 0
1743765696196 0.19737929379727787 1
1743765720145 0.17755016221237507 2
1743765744112 0.16420264337350052 3
1743765768173 0.15158814130132836 4
1743765792139 0.13914715029733724 5
1743765816061 0.1279204745563592 6
1743765839968 0.1188118773111429 7
1743765863940 0.11165882642342957 8
1743765887655 0.10594480561394905 9
1743765911684 0.10153174234422105 10
1743765935785 0.09756455230186808 11
1743765959886 0.09476584843408761 12
1743765983891 0.09197315538078348 13
1743766007878 0.0896661476256957 14
1743766031806 0.08766001984761373 15
1743766055872 0.08557428550108022 16
1743766079786 0.08407632556251311 17
1743766103902 0.08238847298913687 18
1743766127910 0.08100841388257607 19
1743766151786 0.07955276092520364 20
1743766175935 0.07874363976001375 21
1743766199741 0.07718899657161887 22
1743766223801 0.07590690067009093 23
1743766247763 0.074934086668768 24
1743766271676 0.07389547438940906 25
1743766295562 0.07301739520634574 26
1743766319533 0.07169251781019875 27
1743766343575 0.07098982027389038 28
1743766367494 0.07054010842995234 29
1743766391472 0.06962737538478736 30
1743766415503 0.06891472537405702 31
1743766439421 0.06845512296681845 32
1743766463516 0.0676701139714297 33
1743766487429 0.06703050784276278 34
1743766511399 0.06675276498465238 35
1743766535394 0.0661641008328742 36
1743766559121 0.06581683527456586 37
1743766583113 0.06542052303206235 38
1743766606912 0.06548961343519599 39
1743766630874 0.06473689422278368 40
1743766654481 0.06419790843184632 41
1743766678292 0.06390702322003648 42
1743766702198 0.06364663537489357 43
1743766726337 0.06343064906136628 44
1743766750080 0.0628039715530463 45
1743766773911 0.0625663827143363 46
1743766798078 0.06236984148977568 47
1743766822592 0.06218540786162581 48
1743766846743 0.061857628085145666 49
