1747571542285 0.41579997578759215 0
1747571547813 0.08430023795490561 1
1747571553159 0.06872272061195468 2
1747571558298 0.0665250593222449 3
1747571563812 0.06554391375935174 4
1747571569319 0.06456210636937977 5
1747571574843 0.06345674273222893 6
1747571580492 0.06229756221706751 7
1747571586285 0.06090382709077618 8
1747571591610 0.0599471376811537 9
1747571596690 0.05941881990961103 10
1747571601910 0.0590564572048708 11
1747571607590 0.058595556598878606 12
1747571613325 0.05825002809343028 13
1747571618922 0.05792904728631635 14
1747571624409 0.05762041888135896 15
1747571629937 0.05737084667216797 16
1747571635278 0.05713694033698477 17
1747571640588 0.05692551287323066 18
1747571645746 0.056795903779813764 19
1747571651103 0.05677562189958573 20
1747571656572 0.0566065744685433 21
1747571662091 0.05645831684646909 22
1747571667580 0.056404971007485045 23
1747571673129 0.056379934992907166 24
1747571678309 0.056332289087077624 25
1747571683241 0.0563210044149931 26
1747571688617 0.056311257651968136 27
1747571694144 0.056269492520350815 28
1747571699148 0.056271258852918234 29
1747571704780 0.056251928462305964 30
1747571710402 0.05624969346940445 31
1747571716137 0.056228337804029735 32
1747571721560 0.05621069813800875 33
1747571727032 0.05621728428244824 34
1747571732022 0.05621283881272217 35
1747571737220 0.056198403410564444 36
1747571742803 0.05619600981682808 37
1747571748302 0.05617958670865612 38
1747571753657 0.056191263669787196 39
1747571759106 0.05617151338375419 40
1747571764356 0.05616797757676482 41
1747571769578 0.056165207985829975 42
1747571774835 0.056166520240744124 43
1747571780577 0.05616929554232583 44
1747571786169 0.056155605489723585 45
1747571791870 0.056164383114687744 46
1747571797382 0.056158275855144366 47
1747571802783 0.05615093178273263 48
1747571808500 0.05615323140483711 49
