1747770048078 19.62786293029785 0
1747770048209 18.68576431274414 1
1747770048345 17.82716941833496 2
1747770048475 17.032224655151367 3
1747770048607 15.999526023864746 4
1747770048740 15.087257385253906 5
1747770048873 14.294717788696289 6
1747770049005 13.575130462646484 7
1747770049138 12.938291549682617 8
1747770049271 12.328904151916504 9
1747770049404 11.766571044921875 10
1747770049538 11.108890533447266 11
1747770049708 10.174644470214844 12
1747770049896 9.394628524780273 13
1747770050079 8.762892723083496 14
1747770050262 8.256895065307617 15
1747770050449 7.7956953048706055 16
1747770050633 7.337295055389404 17
1747770050817 6.912728786468506 18
1747770051006 6.524020195007324 19
1747770051189 6.146117210388184 20
1747770051375 5.8105974197387695 21
1747770051562 5.410768032073975 22
1747770051773 4.871055603027344 23
1747770051994 4.278200626373291 24
1747770052177 3.8069982528686523 25
1747770052313 3.437605857849121 26
1747770052469 3.177401065826416 27
1747770052631 2.987109899520874 28
1747770052817 2.848701238632202 29
1747770052960 2.7542943954467773 30
1747770053112 2.6765758991241455 31
1747770053249 2.608402967453003 32
1747770053391 2.5515496730804443 33
1747770053523 2.4975080490112305 34
1747770053653 2.449368953704834 35
1747770053786 2.408207893371582 36
1747770053921 2.365849018096924 37
1747770054050 2.3243279457092285 38
1747770054189 2.2794222831726074 39
1747770054334 2.222168207168579 40
1747770054526 2.1771857738494873 41
1747770054669 2.1254076957702637 42
1747770054821 2.070680618286133 43
1747770055006 2.009265184402466 44
1747770055188 1.8362910747528076 45
1747770055360 1.6455734968185425 46
1747770055511 1.5638048648834229 47
1747770055666 1.5345933437347412 48
1747770055856 1.5125654935836792 49
