1747771033973 45.86750793457031 0
1747771034126 22.37229347229004 1
1747771034279 15.999104499816895 2
1747771034433 14.659574508666992 3
1747771034585 13.0199613571167 4
1747771034736 10.1707124710083 5
1747771034881 8.501228332519531 6
1747771035028 6.475717067718506 7
1747771035177 4.5581841468811035 8
1747771035330 3.905604124069214 9
1747771035481 3.4634013175964355 10
1747771035634 3.1661951541900635 11
1747771035803 2.939159631729126 12
1747771036013 2.651397228240967 13
1747771036212 2.390698194503784 14
1747771036417 2.198180913925171 15
1747771036618 1.943343997001648 16
1747771036821 1.7198028564453125 17
1747771037025 1.6036127805709839 18
1747771037226 1.5222294330596924 19
1747771037429 1.4479873180389404 20
1747771037629 1.4058587551116943 21
1747771037834 1.384175419807434 22
1747771038034 1.3992533683776855 23
1747771038238 1.303285837173462 24
1747771038376 1.2325495481491089 25
1747771038516 1.2012563943862915 26
1747771038664 1.1761444807052612 27
1747771038815 1.1468478441238403 28
1747771038966 1.167547583580017 29
1747771039119 1.0802569389343262 30
1747771039268 1.0133048295974731 31
1747771039423 0.9902986884117126 32
1747771039573 0.9020172357559204 33
1747771039731 0.8240668177604675 34
1747771039883 0.792236328125 35
1747771040039 0.7752090096473694 36
1747771040191 0.7717719674110413 37
1747771040346 0.7485569715499878 38
1747771040499 0.6582990884780884 39
1747771040655 0.5904266834259033 40
1747771040812 0.5796139240264893 41
1747771040984 0.5848139524459839 42
1747771041135 0.5437236428260803 43
1747771041291 0.5671629309654236 44
1747771041442 0.5350614190101624 45
1747771041597 0.5146714448928833 46
1747771041751 0.5243961811065674 47
1747771041907 0.5562869906425476 48
1747771042095 0.5114748477935791 49
