1747771033974 3884.2433285387765 0
1747771034128 950.970128819381 1
1747771034280 461.39065686395446 2
1747771034434 374.2979994308592 3
1747771034586 286.68726059100544 4
1747771034737 171.0050980694555 5
1747771034882 127.85323489939779 6
1747771035029 74.22534477626346 7
1747771035179 38.56023381392244 8
1747771035332 28.892565655996545 9
1747771035482 23.268983856879835 10
1747771035635 20.19063526561212 11
1747771035804 17.470814177446037 12
1747771036015 14.501311256550649 13
1747771036213 11.66465866644557 14
1747771036419 9.74467835626094 15
1747771036619 8.025036480183795 16
1747771036823 6.618287082315282 17
1747771037027 5.990709422524183 18
1747771037228 5.522013563529467 19
1747771037430 5.104258367126205 20
1747771037631 4.897031777179842 21
1747771037835 4.7309168100574075 22
1747771038036 4.732193924497871 23
1747771038239 4.320952339351256 24
1747771038377 4.1100362690105 25
1747771038517 3.8171182853364627 26
1747771038665 3.7698485621821978 27
1747771038816 3.5196959851158893 28
1747771038968 3.629083378506968 29
1747771039121 3.067465270962475 30
1747771039269 2.70711611351483 31
1747771039424 2.4100852230830223 32
1747771039574 1.9481357502435193 33
1747771039733 1.5859431484172555 34
1747771039884 1.3813709249516115 35
1747771040040 1.1854982492406594 36
1747771040192 1.1517000769276868 37
1747771040347 1.0244125081769073 38
1747771040500 0.8083118130065075 39
1747771040656 0.6433644283758788 40
1747771040813 0.6122776301734839 41
1747771040986 0.6116736406604248 42
1747771041136 0.5343522382144583 43
1747771041292 0.5682332548414517 44
1747771041443 0.5170537381647633 45
1747771041599 0.4771719349507341 46
1747771041752 0.4884929079037271 47
1747771041908 0.5287102931892823 48
1747771042096 0.45918327658448316 49
