1743894343281 0.3299929201602936 0
1743894366538 0.26768386363983154 1
1743894390004 0.25616559386253357 2
1743894412788 0.24735291302204132 3
1743894436527 0.2416250854730606 4
1743894459814 0.2368997484445572 5
1743894483496 0.23233795166015625 6
1743894507057 0.22838832437992096 7
1743894530511 0.2248190939426422 8
1743894553846 0.22000358998775482 9
1743894577204 0.216223806142807 10
1743894600858 0.21091461181640625 11
1743894623739 0.20590394735336304 12
1743894647372 0.1996128261089325 13
1743894670544 0.19399753212928772 14
1743894694087 0.188218891620636 15
1743894717626 0.18324695527553558 16
1743894741231 0.17881013453006744 17
1743894764675 0.1749601662158966 18
1743894788258 0.17170341312885284 19
1743894811762 0.1686832308769226 20
1743894834530 0.166239395737648 21
1743894857904 0.16413220763206482 22
1743894881063 0.16326749324798584 23
1743894904502 0.16038821637630463 24
1743894927851 0.15893998742103577 25
1743894951236 0.15705977380275726 26
1743894974763 0.15580090880393982 27
1743894998244 0.15453670918941498 28
1743895021374 0.154710590839386 29
1743895044924 0.15262852609157562 30
1743895068565 0.15230776369571686 31
1743895092162 0.15146476030349731 32
1743895115078 0.15002773702144623 33
1743895138101 0.14918585121631622 34
1743895160751 0.14864642918109894 35
1743895184129 0.149012491106987 36
1743895207286 0.14700524508953094 37
1743895230860 0.14690090715885162 38
1743895254513 0.14640887081623077 39
1743895277894 0.14515702426433563 40
1743895301423 0.14492139220237732 41
1743895324364 0.14439044892787933 42
1743895347298 0.14350678026676178 43
1743895370222 0.14294202625751495 44
1743895393317 0.14346401393413544 45
1743895416623 0.14222072064876556 46
1743895440268 0.1416836529970169 47
1743895463589 0.1411469280719757 48
1743895487171 0.14143106341362 49
