1747770329247 1.6338486671447754 0
1747770329394 1.2264328002929688 1
1747770329542 1.0765613317489624 2
1747770329687 0.9492871761322021 3
1747770329833 0.8490106463432312 4
1747770329981 0.7639211416244507 5
1747770330126 0.6879570484161377 6
1747770330273 0.6104179620742798 7
1747770330421 0.5663529634475708 8
1747770330566 0.5361080765724182 9
1747770330712 0.5019993185997009 10
1747770330860 0.4705495536327362 11
1747770331004 0.4521043300628662 12
1747770331136 0.42804184556007385 13
1747770331278 0.4114092290401459 14
1747770331422 0.3969292640686035 15
1747770331584 0.38102978467941284 16
1747770331719 0.36785873770713806 17
1747770331852 0.35722842812538147 18
1747770331991 0.3493883013725281 19
1747770332142 0.33928629755973816 20
1747770332296 0.3332332372665405 21
1747770332482 0.33525657653808594 22
1747770332682 0.30806073546409607 23
1747770332890 0.30306094884872437 24
1747770333085 0.2922082245349884 25
1747770333280 0.2978138029575348 26
1747770333481 0.28216373920440674 27
1747770333649 0.2714143395423889 28
1747770333781 0.2701592445373535 29
1747770333916 0.25436273217201233 30
1747770334055 0.2485501617193222 31
1747770334197 0.24461378157138824 32
1747770334337 0.2436722069978714 33
1747770334482 0.24098241329193115 34
1747770334628 0.23783496022224426 35
1747770334776 0.218284472823143 36
1747770334927 0.215960294008255 37
1747770335074 0.21042326092720032 38
1747770335223 0.19956639409065247 39
1747770335374 0.190386563539505 40
1747770335518 0.1883602738380432 41
1747770335666 0.17988255620002747 42
1747770335812 0.17474627494812012 43
1747770335956 0.17984704673290253 44
1747770336102 0.17044450342655182 45
1747770336244 0.17705567181110382 46
1747770336389 0.17222753167152405 47
1747770336536 0.16009250283241272 48
1747770336684 0.17802917957305908 49
