1747771003573 3.0341517658711727 0
1747771003849 1.8513167510499127 1
1747771004106 1.4589308220631563 2
1747771004369 0.9619022109559897 3
1747771004645 0.6063286418933634 4
1747771004972 0.45247340542681913 5
1747771005314 0.2782442446404723 6
1747771005656 0.24644521420205273 7
1747771005998 0.18393836298180805 8
1747771006349 0.1772196708182967 9
1747771006703 0.16673526707928035 10
1747771007065 0.15014277763411846 11
1747771007353 0.15644755585740305 12
1747771007613 0.12547768685170946 13
1747771007894 0.14467034881605492 14
1747771008178 0.14637459067240116 15
1747771008472 0.12934866644591395 16
1747771008754 0.11812496830967412 17
1747771009033 0.12411593779284248 18
1747771009312 0.11382651394042335 19
1747771009534 0.10248332483105235 20
1747771009815 0.13292950450250748 21
1747771010100 0.11847725706130126 22
1747771010374 0.11021832605140677 23
1747771010646 0.09630427589942869 24
1747771010935 0.1004500770518403 25
1747771011282 0.10570859962314429 26
1747771011645 0.11085637892372546 27
1747771012009 0.10151899785649009 28
1747771012371 0.1109487286456681 29
1747771012740 0.12199132765845278 30
1747771013111 0.11058979478278667 31
1747771013441 0.1050779262108132 32
1747771013707 0.09518546626491571 33
1747771013968 0.09940558409841087 34
1747771014231 0.07960425653961814 35
1747771014498 0.10021114734992499 36
1747771014764 0.07995080032963066 37
1747771015028 0.09602998550774912 38
1747771015296 0.08444625173633094 39
1747771015562 0.0766672060811394 40
1747771015831 0.07535047954614892 41
1747771016098 0.07442556955371628 42
1747771016376 0.08688268271109789 43
1747771016648 0.07566032220714647 44
1747771016928 0.08615855921507616 45
1747771017179 0.0794890962091965 46
1747771017549 0.08261400850652785 47
1747771017872 0.08525274283231123 48
1747771018213 0.0884710732525471 49
