1743754993972 0.2732324068749551 0
1743755017342 0.19294935309994604 1
1743755040865 0.17688131013024389 2
1743755064385 0.16735009684078553 3
1743755087931 0.16060701222742674 4
1743755111442 0.15505067621816043 5
1743755134966 0.14957316542903837 6
1743755158342 0.14364000775747773 7
1743755181870 0.1375807209724892 8
1743755205310 0.13129032231776921 9
1743755229105 0.1250393823865341 10
1743755252734 0.11920947225976358 11
1743755276275 0.1143910471439745 12
1743755299798 0.10985809978838289 13
1743755323283 0.10605219945488005 14
1743755346814 0.10283348971972163 15
1743755370302 0.10016589625880071 16
1743755393942 0.09782604115605928 17
1743755417655 0.09566422251831015 18
1743755441156 0.09372103495798163 19
1743755464650 0.09227094892167835 20
1743755488023 0.09062875952210712 21
1743755511591 0.08930518457517435 22
1743755535024 0.08815796923661266 23
1743755558423 0.08709657955790975 24
1743755582009 0.08594808969607058 25
1743755605392 0.08492590610411409 26
1743755628917 0.08415165107965726 27
1743755652356 0.0833073338934162 28
1743755675903 0.08266729661040913 29
1743755699464 0.0820417256681205 30
1743755723025 0.08140524521444269 31
1743755746414 0.08075091896698657 32
1743755769969 0.08021784683705976 33
1743755793356 0.07962480239446158 34
1743755816703 0.07901777349537671 35
1743755840104 0.07860897736526723 36
1743755863628 0.07818558326114305 37
1743755887095 0.07786434800709498 38
1743755910492 0.07746725480469935 39
1743755933892 0.07704329461711115 40
1743755957479 0.07672026870396456 41
1743755980916 0.07644212681268879 42
1743756004407 0.07609006334654028 43
1743756027914 0.07598489489143523 44
1743756051355 0.07567189855269209 45
1743756074843 0.07541757237091577 46
1743756098346 0.07518147650313967 47
1743756121986 0.0748758412634461 48
1743756145482 0.07468090931297497 49
