1743754993971 0.3290856182575226 0
1743755017341 0.24346520006656647 1
1743755040864 0.22747774422168732 2
1743755064384 0.21828752756118774 3
1743755087930 0.2120642215013504 4
1743755111441 0.207175612449646 5
1743755134965 0.20276199281215668 6
1743755158341 0.1976759284734726 7
1743755181869 0.19277028739452362 8
1743755205309 0.18748779594898224 9
1743755229104 0.18223676085472107 10
1743755252733 0.1771610826253891 11
1743755276274 0.17306040227413177 12
1743755299797 0.1687912791967392 13
1743755323283 0.1653137505054474 14
1743755346813 0.16238047182559967 15
1743755370301 0.15984931588172913 16
1743755393941 0.1574764847755432 17
1743755417654 0.1554180383682251 18
1743755441155 0.15340878069400787 19
1743755464649 0.15209802985191345 20
1743755488023 0.15026333928108215 21
1743755511591 0.14886967837810516 22
1743755535023 0.14773403108119965 23
1743755558422 0.14655739068984985 24
1743755582008 0.1453118473291397 25
1743755605391 0.14424607157707214 26
1743755628916 0.143476665019989 27
1743755652355 0.14230436086654663 28
1743755675902 0.14159247279167175 29
1743755699463 0.14096450805664062 30
1743755723024 0.14016656577587128 31
1743755746413 0.13945071399211884 32
1743755769968 0.1389664113521576 33
1743755793355 0.1382213979959488 34
1743755816702 0.13739065825939178 35
1743755840104 0.13706396520137787 36
1743755863627 0.13660785555839539 37
1743755887094 0.13616357743740082 38
1743755910492 0.13576512038707733 39
1743755933891 0.13509133458137512 40
1743755957478 0.1345517486333847 41
1743755980915 0.1343655288219452 42
1743756004406 0.13376879692077637 43
1743756027913 0.13377729058265686 44
1743756051354 0.1331920623779297 45
1743756074842 0.1328422874212265 46
1743756098345 0.1326107531785965 47
1743756121985 0.13203947246074677 48
1743756145482 0.13190628588199615 49
