1747578695463 0.08494549989700317 0
1747578700912 0.004966369364410639 1
1747578706534 0.005234867334365845 2
1747578712280 0.0055162194184958935 3
1747578717297 0.00505964457988739 4
1747578722887 0.005191751290112734 5
1747578728492 0.005045863334089518 6
1747578734301 0.004919285885989666 7
1747578739802 0.004854538012295961 8
1747578745045 0.004615727346390486 9
1747578750107 0.004739885684102774 10
1747578754818 0.004482956603169441 11
1747578760031 0.0044929697178304195 12
1747578765662 0.004304924514144659 13
1747578771490 0.004226989112794399 14
1747578777237 0.004097496159374714 15
1747578783079 0.004096602089703083 16
1747578788809 0.004045545123517513 17
1747578794284 0.003998893778771162 18
1747578799568 0.003948243334889412 19
1747578804524 0.003915334586054087 20
1747578809968 0.003943007905036211 21
1747578815287 0.0036863875575363636 22
1747578820536 0.003825616789981723 23
1747578826082 0.0038208523765206337 24
1747578831878 0.003793062176555395 25
1747578837630 0.0037961623165756464 26
1747578843283 0.003648086916655302 27
1747578848969 0.0036127727944403887 28
1747578854692 0.0036332868039608 29
1747578860251 0.0035355158615857363 30
1747578865667 0.003491207491606474 31
1747578870782 0.003548665205016732 32
1747578876129 0.0035120744723826647 33
1747578881383 0.0035035600885748863 34
1747578886916 0.0034538486506789923 35
1747578892562 0.0034092189744114876 36
1747578898138 0.0033797153737396 37
1747578903760 0.0033236718736588955 38
1747578909515 0.0033366167917847633 39
1747578915347 0.0032928900327533484 40
1747578921027 0.0033514706883579493 41
1747578926528 0.003320553805679083 42
1747578931830 0.003268406493589282 43
1747578937070 0.003309666644781828 44
1747578942222 0.003173863049596548 45
1747578947563 0.0031902675982564688 46
1747578952926 0.0032552718184888363 47
1747578958648 0.003121986985206604 48
1747578964329 0.003196031553670764 49
