1747578695464 0.4614093645338843 0
1747578700913 0.0004415433839123179 1
1747578706535 0.0004176067593670255 2
1747578712281 0.00032730207281454635 3
1747578717298 0.00027422064949663935 4
1747578722888 0.0002095714565708203 5
1747578728493 0.000167326935645822 6
1747578734302 0.00015655011794382467 7
1747578739803 0.00019733148891167988 8
1747578745046 0.00014243650122261925 9
1747578750108 0.0001987988556754531 10
1747578754819 0.00012980041755337527 11
1747578760032 0.00018223867092123481 12
1747578765663 0.00011439886833404647 13
1747578771491 0.00012271319141617982 14
1747578777238 0.00011451784194062311 15
1747578783080 0.00011457624657139086 16
1747578788810 0.00011245882169042523 17
1747578794285 0.00011392476615083749 18
1747578799568 0.0001109079763933385 19
1747578804524 0.00010327902383159068 20
1747578809970 0.00010870112558026749 21
1747578815288 9.686677401373512e-05 22
1747578820538 0.00010681460567738147 23
1747578826083 0.0001013094663409799 24
1747578831879 9.586064053178322e-05 25
1747578837631 0.00010119806587362208 26
1747578843284 9.534270469446443e-05 27
1747578848970 9.367964886199415e-05 28
1747578854693 8.498450193753826e-05 29
1747578860252 0.000102531430142301 30
1747578865669 8.609360770114742e-05 31
1747578870783 9.155936731982807e-05 32
1747578876131 8.476604564348824e-05 33
1747578881384 9.041029521238574e-05 34
1747578886917 8.51502768811932e-05 35
1747578892563 8.596576487515688e-05 36
1747578898139 8.538403035944676e-05 37
1747578903761 8.114771911502384e-05 38
1747578909515 7.907812250813186e-05 39
1747578915348 8.32012755285708e-05 40
1747578921028 8.119752131871293e-05 41
1747578926529 8.584696193233204e-05 42
1747578931831 7.333479678235381e-05 43
1747578937072 7.74754413817467e-05 44
1747578942224 7.760769548069063e-05 45
1747578947564 7.202712967391898e-05 46
1747578952927 7.683327296807604e-05 47
1747578958649 6.861686010950758e-05 48
1747578964330 8.063049205835746e-05 49
