1747769992941 47.060302734375 0
1747769993089 45.20610809326172 1
1747769993248 42.24831008911133 2
1747769993471 38.16728591918945 3
1747769993651 34.088134765625 4
1747769993882 30.795570373535156 5
1747769994105 27.66508674621582 6
1747769994333 25.021446228027344 7
1747769994501 23.531797409057617 8
1747769994669 22.3978271484375 9
1747769994831 19.748188018798828 10
1747769995018 18.95248031616211 11
1747769995237 18.222850799560547 12
1747769995379 17.532447814941406 13
1747769995481 16.802114486694336 14
1747769995590 16.137378692626953 15
1747769995695 15.487088203430176 16
1747769995794 14.952990531921387 17
1747769995896 14.508020401000977 18
1747769996012 14.122344017028809 19
1747769996111 13.8189697265625 20
1747769996212 13.529716491699219 21
1747769996316 13.2945556640625 22
1747769996420 13.056928634643555 23
1747769996539 12.822554588317871 24
1747769996642 12.616644859313965 25
1747769996769 12.381735801696777 26
1747769996898 12.163511276245117 27
1747769996998 11.953682899475098 28
1747769997099 11.72673225402832 29
1747769997208 11.52186393737793 30
1747769997316 11.311896324157715 31
1747769997424 11.098287582397461 32
1747769997534 10.905049324035645 33
1747769997644 10.714140892028809 34
1747769997752 10.538272857666016 35
1747769997862 10.379416465759277 36
1747769997962 10.2066068649292 37
1747769998061 10.076922416687012 38
1747769998158 9.920055389404297 39
1747769998262 9.782723426818848 40
1747769998372 9.655194282531738 41
1747769998478 9.523836135864258 42
1747769998586 9.381267547607422 43
1747769998699 9.244269371032715 44
1747769998807 9.112223625183105 45
1747769998911 8.977195739746094 46
1747769999018 8.800800323486328 47
1747769999146 8.527166366577148 48
1747769999320 8.208691596984863 49
