1747769992942 4127.979753537285 0
1747769993090 3846.8589181860407 1
1747769993251 3448.590878915885 2
1747769993473 2900.7071046529245 3
1747769993653 2239.534432414967 4
1747769993885 1715.623039783366 5
1747769994108 1342.8772322445327 6
1747769994335 1097.2432967074046 7
1747769994503 961.913500734854 8
1747769994671 868.6662068763396 9
1747769994834 740.7618760876438 10
1747769995021 685.0794098946657 11
1747769995239 627.6371471238789 12
1747769995380 572.6578093517879 13
1747769995482 522.0806047759345 14
1747769995592 478.53069614596717 15
1747769995697 436.563795649249 16
1747769995796 404.8207998822871 17
1747769995898 376.677758107691 18
1747769996013 355.45775751238904 19
1747769996113 335.52907693147785 20
1747769996213 320.7317900089841 21
1747769996317 306.8356393898281 22
1747769996421 295.1222498187089 23
1747769996540 283.6892176548585 24
1747769996644 273.501724305407 25
1747769996770 263.41782611447945 26
1747769996900 254.27800936763836 27
1747769997000 244.76526583449026 28
1747769997100 237.03326671735138 29
1747769997209 229.1116318354031 30
1747769997317 220.69778520501072 31
1747769997426 214.21474961889152 32
1747769997536 207.4256001615402 33
1747769997646 201.7562958897199 34
1747769997753 195.6856105868766 35
1747769997863 191.53326875355853 36
1747769997964 186.04059863142786 37
1747769998062 181.23631461322938 38
1747769998159 176.15391185114962 39
1747769998264 172.09902602492824 40
1747769998373 167.16977266376847 41
1747769998479 163.54937351898258 42
1747769998587 158.8858313299795 43
1747769998700 154.73131235330726 44
1747769998808 150.1948983879022 45
1747769998913 145.530532086847 46
1747769999019 140.69909812013802 47
1747769999148 130.17465791531328 48
1747769999322 120.27963262103763 49
