1747570517509 0.4171092258106508 0
1747570523074 0.1603832051718117 1
1747570528705 0.13341099292790157 2
1747570534251 0.12615694537841748 3
1747570539574 0.12199491826337305 4
1747570544850 0.11697573798354008 5
1747570550212 0.10904229944710843 6
1747570555751 0.08955370773285908 7
1747570561028 0.06832468406353229 8
1747570566426 0.06258530478850138 9
1747570571818 0.06137028116767268 10
1747570577330 0.06086758612046144 11
1747570582424 0.06054883307687519 12
1747570587448 0.06026423796662385 13
1747570592975 0.060081855008978315 14
1747570598697 0.05991993927986105 15
1747570604431 0.059783641926529275 16
1747570610122 0.05962635629194632 17
1747570615809 0.0594716623135357 18
1747570621552 0.05934413339829931 19
1747570627258 0.059230566234917514 20
1747570632475 0.059142513344262716 21
1747570637756 0.0590640364718881 22
1747570642889 0.05899751177755331 23
1747570648490 0.05890932928601535 24
1747570654063 0.05879292998951436 25
1747570659827 0.058676589274634004 26
1747570665628 0.058556821935668656 27
1747570671471 0.058432057833583864 28
1747570677207 0.058284572592151376 29
1747570682748 0.0581160083193299 30
1747570688325 0.05792877937869355 31
1747570693880 0.05775928645126312 32
1747570699405 0.05757537761496715 33
1747570705004 0.057432002529765415 34
1747570710732 0.05732551412329749 35
1747570716544 0.05726377890567851 36
1747570722302 0.05721688327139315 37
1747570727916 0.057191707817687926 38
1747570733629 0.057185087728618585 39
1747570739313 0.05715979729608648 40
1747570744481 0.05715511408022019 41
1747570749646 0.05714362311115468 42
1747570755296 0.057141061172115155 43
1747570761147 0.05713681524007878 44
1747570766874 0.05712424799862136 45
1747570772744 0.057125214525222665 46
1747570778378 0.05712704822968524 47
1747570784238 0.05713177652009701 48
1747570789576 0.05712334380170018 49
