1747570517507 0.160150945186615 0
1747570523073 0.15923334658145905 1
1747570528703 0.15843896567821503 2
1747570534250 0.156037837266922 3
1747570539573 0.15492258965969086 4
1747570544848 0.15354326367378235 5
1747570550211 0.1507825255393982 6
1747570555750 0.14080092310905457 7
1747570561027 0.1257355958223343 8
1747570566424 0.12250766903162003 9
1747570571817 0.12157469242811203 10
1747570577328 0.12106893956661224 11
1747570582422 0.1203654482960701 12
1747570587447 0.12024429440498352 13
1747570592974 0.12002153694629669 14
1747570598695 0.11992793530225754 15
1747570604430 0.11976928263902664 16
1747570610121 0.11956603080034256 17
1747570615808 0.11976724117994308 18
1747570621550 0.11998938769102097 19
1747570627257 0.11996398121118546 20
1747570632473 0.11998490244150162 21
1747570637755 0.11987264454364777 22
1747570642888 0.11981775611639023 23
1747570648489 0.11974204331636429 24
1747570654061 0.11960617452859879 25
1747570659826 0.11953475326299667 26
1747570665627 0.11931545287370682 27
1747570671470 0.1192120909690857 28
1747570677206 0.11906471103429794 29
1747570682742 0.11876259744167328 30
1747570688323 0.11842870712280273 31
1747570693878 0.11805159598588943 32
1747570699403 0.11763465404510498 33
1747570705002 0.11729352176189423 34
1747570710731 0.11695831269025803 35
1747570716542 0.11675798147916794 36
1747570722301 0.11659323424100876 37
1747570727915 0.11660642921924591 38
1747570733628 0.11663094907999039 39
1747570739311 0.11651858687400818 40
1747570744479 0.11656569689512253 41
1747570749644 0.11655797064304352 42
1747570755295 0.11659301072359085 43
1747570761146 0.11655283719301224 44
1747570766873 0.11652631312608719 45
1747570772743 0.11658281832933426 46
1747570778377 0.11658764630556107 47
1747570784237 0.11661230027675629 48
1747570789575 0.11657164245843887 49
