1747636492224 3.7437008946514228 0
1747636502666 0.2883160221856732 1
1747636512522 0.15466471282406016 2
1747636522731 0.10268110879325125 3
1747636533231 0.11465218437541629 4
1747636543421 0.06888406489972905 5
1747636553719 0.05518890414094292 6
1747636564347 0.06473086610797642 7
1747636574198 0.050780925051702 8
1747636583933 0.038531236630076675 9
1747636594349 0.03311444224676848 10
1747636604660 0.027825466992413613 11
1747636614871 0.0262325926023771 12
1747636625526 0.025223452899889878 13
1747636635474 0.020882783242473443 14
1747636645972 0.019251240008378766 15
1747636656437 0.018860141468713856 16
1747636666493 0.017511223646493882 17
1747636677012 0.016964334973895632 18
1747636687694 0.016118246076937348 19
1747636697720 0.01604658703281747 20
1747636708096 0.012833521524891409 21
1747636718329 0.010498743174059967 22
1747636728325 0.010672295071778089 23
1747636738645 0.011315167007211637 24
1747636749038 0.009103209050071939 25
1747636759302 0.010451829987747763 26
1747636770070 0.009040812727545153 27
1747636780660 0.009987287479557537 28
1747636790591 0.008744922065628517 29
1747636801083 0.009157418354012499 30
1747636811342 0.007882988784616225 31
1747636821148 0.008168990417741516 32
1747636831678 0.007468180100270353 33
1747636841677 0.0077258834875383355 34
1747636851798 0.0075481165262043185 35
1747636862512 0.006962112169092437 36
1747636872601 0.008750301685836761 37
1747636882674 0.007853859140062043 38
1747636893113 0.005875116735897853 39
1747636902809 0.008819566816010257 40
1747636913278 0.01649322045770065 41
1747636923711 0.008185061945378694 42
1747636933593 0.005186752605493239 43
1747636943856 0.004630377130883938 44
1747636953900 0.004163837699245749 45
1747636964029 0.0038159314837945967 46
1747636974424 0.003180571617664987 47
1747636984646 0.0031119722790209597 48
1747636994978 0.0037574612800308814 49
