1747636492223 0.5248726010322571 0
1747636502665 0.2710879445075989 1
1747636512520 0.1862727254629135 2
1747636522729 0.13737067580223083 3
1747636533230 0.13885129988193512 4
1747636543419 0.10525111854076385 5
1747636553718 0.08497443050146103 6
1747636564346 0.09733537584543228 7
1747636574196 0.08330952376127243 8
1747636583932 0.07407858967781067 9
1747636594348 0.06813142448663712 10
1747636604658 0.060510020703077316 11
1747636614870 0.05698057636618614 12
1747636625525 0.05456967651844025 13
1747636635472 0.04918287321925163 14
1747636645971 0.04559596627950668 15
1747636656436 0.04546746239066124 16
1747636666491 0.04262175410985947 17
1747636677011 0.04082072526216507 18
1747636687692 0.038696128875017166 19
1747636697718 0.03866836801171303 20
1747636708095 0.0352046974003315 21
1747636718328 0.032928090542554855 22
1747636728323 0.03194872662425041 23
1747636738644 0.03289370611310005 24
1747636749036 0.02864852547645569 25
1747636759301 0.03057555854320526 26
1747636770069 0.028450924903154373 27
1747636780658 0.029184382408857346 28
1747636790590 0.02745829150080681 29
1747636801082 0.02903677709400654 30
1747636811340 0.026878535747528076 31
1747636821147 0.02777642011642456 32
1747636831677 0.026368752121925354 33
1747636841675 0.027458567172288895 34
1747636851797 0.02702721580862999 35
1747636862510 0.0265809278935194 36
1747636872599 0.028650162741541862 37
1747636882673 0.02762439288198948 38
1747636893112 0.02417163737118244 39
1747636902808 0.027542496100068092 40
1747636913277 0.03803853690624237 41
1747636923709 0.028403690084815025 42
1747636933592 0.02447708696126938 43
1747636943855 0.02256438508629799 44
1747636953898 0.02182397060096264 45
1747636964028 0.020731259137392044 46
1747636974423 0.019394172355532646 47
1747636984644 0.018893670290708542 48
1747636994977 0.019150322303175926 49
