1747642052004 0.12089698761701584 0
1747642062283 0.08225186914205551 1
1747642072710 0.06465437263250351 2
1747642082582 0.03986629843711853 3
1747642093021 0.03108159452676773 4
1747642103377 0.026404550299048424 5
1747642113632 0.023283790796995163 6
1747642124097 0.022677110508084297 7
1747642134653 0.019766012206673622 8
1747642144611 0.01879074051976204 9
1747642155089 0.016820622608065605 10
1747642165495 0.016079837456345558 11
1747642175682 0.015815312042832375 12
1747642186175 0.01519661396741867 13
1747642196537 0.01518076378852129 14
1747642207102 0.014054195955395699 15
1747642217691 0.014171537943184376 16
1747642228055 0.013528792187571526 17
1747642238187 0.013818930834531784 18
1747642248538 0.012637047097086906 19
1747642258754 0.012648328207433224 20
1747642268917 0.012112320400774479 21
1747642279303 0.011835373938083649 22
1747642288987 0.011800105683505535 23
1747642299663 0.012173832394182682 24
1747642310171 0.011032535694539547 25
1747642320521 0.011319237761199474 26
1747642331211 0.011692419648170471 27
1747642341749 0.010997315868735313 28
1747642351856 0.01157094445079565 29
1747642362507 0.01014444138854742 30
1747642373203 0.010637655854225159 31
1747642383201 0.010157330892980099 32
1747642393278 0.009896189905703068 33
1747642403975 0.010440186597406864 34
1747642413837 0.010672994889318943 35
1747642424269 0.00881767924875021 36
1747642434721 0.00953198503702879 37
1747642444882 0.00978847499936819 38
1747642455503 0.009472768753767014 39
1747642466118 0.008980181999504566 40
1747642476306 0.008823877200484276 41
1747642487103 0.009368682280182838 42
1747642497951 0.009121080860495567 43
1747642508169 0.008442790247499943 44
1747642518491 0.009044576436281204 45
1747642528896 0.00846225768327713 46
1747642538745 0.008193330839276314 47
1747642549226 0.009431934915482998 48
1747642559695 0.007983718067407608 49
