1747642052006 0.10605425748093873 0
1747642062284 0.057143372947920934 1
1747642072711 0.03637174576744042 2
1747642082584 0.01330040973277652 3
1747642093023 0.00842376936183305 4
1747642103378 0.006529343144815176 5
1747642113633 0.0051984376567514624 6
1747642124098 0.004309020938534037 7
1747642134655 0.003199606160612816 8
1747642144612 0.0030019395544030143 9
1747642155090 0.002600211009671107 10
1747642165497 0.002440727373191797 11
1747642175683 0.0025286878840869585 12
1747642186176 0.002221667395592125 13
1747642196539 0.0023061140771322157 14
1747642207103 0.0020749988896713403 15
1747642217692 0.002196220940463268 16
1747642228057 0.0019345308972317243 17
1747642238188 0.0018170350044742617 18
1747642248539 0.0015148098708472144 19
1747642258756 0.001707383725202828 20
1747642268918 0.0015628587116310248 21
1747642279304 0.0016090766024301586 22
1747642288989 0.0014910726151995952 23
1747642299664 0.001561002567605962 24
1747642310172 0.0013856080317983606 25
1747642320523 0.001431398251466494 26
1747642331213 0.0014391460926808915 27
1747642341750 0.001357338739328972 28
1747642351858 0.0014385643479420207 29
1747642362508 0.001256481637711214 30
1747642373204 0.0015132776513751257 31
1747642383203 0.0013063897992026119 32
1747642393279 0.001196195630877823 33
1747642403976 0.00128649146504917 34
1747642413838 0.001283031023447131 35
1747642424270 0.0009923576003145252 36
1747642434723 0.0011180724258377766 37
1747642444883 0.0011414352692864925 38
1747642455504 0.0011448616174724515 39
1747642466120 0.0010101859842928293 40
1747642476308 0.0009977807558588564 41
1747642487104 0.001144540542717033 42
1747642497952 0.0010177506546335006 43
1747642508171 0.0009697573570277437 44
1747642518493 0.0010777954735193605 45
1747642528897 0.000929916304062969 46
1747642538746 0.0009458922751996654 47
1747642549227 0.0012596072252032138 48
1747642559697 0.0009289803102200158 49
