1743930699955 0.8744000196456909 0
1743930725331 0.9224833250045776 1
1743930750460 0.9382833242416382 2
1743930775659 0.9486333131790161 3
1743930800771 0.9553666710853577 4
1743930826034 0.9594833254814148 5
1743930851131 0.9632166624069214 6
1743930876619 0.9660999774932861 7
1743930901828 0.9688666462898254 8
1743930926809 0.9705666899681091 9
1743930951976 0.9726333618164062 10
1743930977165 0.9751333594322205 11
1743931002300 0.9753333330154419 12
1743931027514 0.9776166677474976 13
1743931052546 0.9767666459083557 14
1743931077711 0.9793166518211365 15
1743931103173 0.9802166819572449 16
1743931128575 0.9812333583831787 17
1743931154076 0.9817666411399841 18
1743931179436 0.9822666645050049 19
1743931204705 0.9817500114440918 20
1743931229878 0.9831166863441467 21
1743931255173 0.9842666387557983 22
1743931280377 0.9842833280563354 23
1743931305601 0.9857166409492493 24
1743931330929 0.9855333566665649 25
1743931355820 0.9863333106040955 26
1743931380833 0.9870833158493042 27
1743931405945 0.987583339214325 28
1743931431096 0.9872499704360962 29
1743931456416 0.9876333475112915 30
1743931481285 0.9882000088691711 31
1743931506660 0.9889666438102722 32
1743931531855 0.988349974155426 33
1743931556383 0.9895333051681519 34
1743931580768 0.9891666769981384 35
1743931605212 0.9899166822433472 36
1743931630671 0.989133358001709 37
1743931655682 0.9908000230789185 38
1743931680790 0.9900833368301392 39
1743931706300 0.9908833503723145 40
1743931731198 0.990933358669281 41
1743931756183 0.9911999702453613 42
1743931781247 0.9918000102043152 43
1743931806531 0.9918000102043152 44
1743931831675 0.9905333518981934 45
1743931856644 0.9926833510398865 46
1743931882096 0.9919833540916443 47
1743931907372 0.9920499920845032 48
1743931932565 0.9924499988555908 49
