1743930699956 0.44498344872340273 0
1743930725332 0.2776895586650171 1
1743930750461 0.2149270203274184 2
1743930775660 0.1786913707323641 3
1743930800772 0.1555261682300791 4
1743930826035 0.14015675279981774 5
1743930851132 0.12836265511228354 6
1743930876620 0.11716891733055569 7
1743930901829 0.10701398421477906 8
1743930926810 0.10115285823018777 9
1743930951977 0.09399648970558956 10
1743930977166 0.08578827688853466 11
1743931002301 0.08358343456228583 12
1743931027515 0.0762865439689276 13
1743931052547 0.07919159779162682 14
1743931077712 0.07116936130393253 15
1743931103174 0.06770720797816751 16
1743931128576 0.0650403632420701 17
1743931154077 0.062196541030497786 18
1743931179437 0.059387196764580465 19
1743931204706 0.05892119420627143 20
1743931229879 0.05480100418830539 21
1743931255174 0.05251880381996199 22
1743931280378 0.051183142831915635 23
1743931305602 0.04842583711637079 24
1743931330930 0.04719177310535402 25
1743931355821 0.04461375899961777 26
1743931380834 0.04171008270228659 27
1743931405946 0.04084181926136915 28
1743931431097 0.04192582233209342 29
1743931456417 0.04064169302621441 30
1743931481286 0.03817742938974496 31
1743931506661 0.036594367358702015 32
1743931531856 0.037815190186597875 33
1743931556384 0.034495695516730006 34
1743931580769 0.03455716007596983 35
1743931605213 0.032643585468369096 36
1743931630672 0.033479679071590766 37
1743931655683 0.029424578550345647 38
1743931680791 0.03228970344932995 39
1743931706301 0.029941683643661603 40
1743931731200 0.02948382262271288 41
1743931756184 0.027695995348631104 42
1743931781248 0.02664726921563066 43
1743931806532 0.026335848571306376 44
1743931831676 0.03070597371054707 45
1743931856645 0.023482477261460983 46
1743931882097 0.024806369527204535 47
1743931907373 0.0258442237304844 48
1743931932566 0.02406215225851955 49
