1747771253484 0.6002858076968088 0
1747771253776 0.2789737692232598 1
1747771254005 0.16950910565299723 2
1747771254283 0.23692971587190367 3
1747771254515 0.16127220496816946 4
1747771254797 0.15076108395262883 5
1747771255037 0.1359828356271799 6
1747771255334 0.124836024974643 7
1747771255575 0.12333518446277932 8
1747771255894 0.13004972642494766 9
1747771256206 0.1288188096353348 10
1747771256578 0.13784404490419624 11
1747771256913 0.1241187483819877 12
1747771257295 0.11168059791679805 13
1747771257627 0.15252072357742066 14
1747771258010 0.09439537386814877 15
1747771258332 0.09566618945337577 16
1747771258629 0.08429337877838353 17
1747771258871 0.08990950389650301 18
1747771259167 0.08711058653329083 19
1747771259412 0.09350629449978247 20
1747771259709 0.08316860259840617 21
1747771259955 0.12085436559926287 22
1747771260157 0.089691275885879 23
1747771260412 0.09346422807213135 24
1747771260672 0.11675777199103296 25
1747771260918 0.08550796746083411 26
1747771261219 0.08701426322922035 27
1747771261467 0.0809309844649423 28
1747771261759 0.08937121350128686 29
1747771262002 0.0819115110312314 30
1747771262372 0.07519152141370553 31
1747771262707 0.08558129691387566 32
1747771263042 0.09075952504164342 33
1747771263371 0.08740063895964391 34
1747771263694 0.07622231196109787 35
1747771264066 0.07986230104748818 36
1747771264399 0.089274679364026 37
1747771264694 0.07776299052358651 38
1747771264922 0.058190532227629314 39
1747771265202 0.07694825397534406 40
1747771265433 0.0720136054431572 41
1747771265707 0.07954138283321595 42
1747771265933 0.10407661224794362 43
1747771266217 0.08275436360420053 44
1747771266449 0.06641650919230616 45
1747771266741 0.06292226811658684 46
1747771266992 0.0965318111589686 47
1747771267297 0.09141675859223437 48
1747771267551 0.088007631257091 49
