1747770375932 4627.500698070597 0
1747770376040 4575.260690225762 1
1747770376151 4482.5768746059375 2
1747770376258 4298.501275192609 3
1747770376368 3879.3270052620355 4
1747770376477 3555.511582417451 5
1747770376583 2987.6147134421412 6
1747770376690 2074.2619628331076 7
1747770376797 1460.3276097798032 8
1747770376900 1119.5636616900904 9
1747770377006 991.3106979004988 10
1747770377108 965.478289752732 11
1747770377211 949.1049238474864 12
1747770377314 940.593388708435 13
1747770377415 946.345544638125 14
1747770377517 941.7443326863264 15
1747770377618 934.1096272578676 16
1747770377718 934.1292492066226 17
1747770377825 928.5545992107776 18
1747770377933 927.7754695809954 19
1747770378041 920.4434495376446 20
1747770378148 921.2644132731624 21
1747770378260 915.8030430167724 22
1747770378394 912.4747822095677 23
1747770378538 914.7616826813284 24
1747770378682 908.8441180726203 25
1747770378828 901.1215780443246 26
1747770378970 885.6553494241285 27
1747770379117 878.8293149223476 28
1747770379260 873.6754556360694 29
1747770379406 856.5841163867082 30
1747770379551 831.8741403522308 31
1747770379706 802.7026582995171 32
1747770379863 782.1899485383184 33
1747770380008 735.9005913610199 34
1747770380155 704.6623279620309 35
1747770380300 676.7068816915761 36
1747770380444 654.9409759550065 37
1747770380592 635.0501729336089 38
1747770380738 621.6655197466464 39
1747770380856 609.7028875217499 40
1747770380953 600.2551372287236 41
1747770381057 587.6759046202266 42
1747770381159 572.1334425147126 43
1747770381265 550.0241443395605 44
1747770381378 512.9286843123144 45
1747770381489 418.13520017017305 46
1747770381597 396.12654034326255 47
1747770381704 387.8154992160251 48
1747770381810 380.2897038338896 49
