1747754862733 0.2501693430970542 0
1747754880619 0.24057122280572305 1
1747754899354 0.23935841301860675 2
1747754917273 0.23887529149601588 3
1747754935791 0.23832496254469246 4
1747754954142 0.23837617189967616 5
1747754972157 0.23997034753233962 6
1747754990863 0.23758047805274957 7
1747755009092 0.23789383726875366 8
1747755027141 0.2375065289040784 9
1747755045630 0.23753222577566868 10
1747755063984 0.2374085867961583 11
1747755081967 0.23761553213458084 12
1747755100416 0.2373761409279126 13
1747755118851 0.23730431182351858 14
1747755136839 0.23727542353607745 15
1747755155151 0.23721786840790954 16
1747755173498 0.23812673884642835 17
1747755191315 0.23690841821414085 18
1747755209758 0.23698806159367453 19
1747755228044 0.2367467411229782 20
1747755246114 0.23676615614374255 21
1747755264433 0.23806628712197822 22
1747755282533 0.23671451643694774 23
1747755300700 0.23669815417425294 24
1747755319121 0.23664079117569436 25
1747755337889 0.2366091335377156 26
1747755355971 0.23664109201550115 27
1747755374365 0.23646707520252694 28
1747755392550 0.23650728104586785 29
1747755410732 0.2366521636188749 30
1747755429005 0.2363982960298008 31
1747755447135 0.24069469026152404 32
1747755465264 0.23613654162842898 33
1747755483805 0.23616668106225377 34
1747755502051 0.24913554977565347 35
1747755520059 0.23608841839786965 36
1747755538441 0.2379194413776015 37
1747755556825 0.236181972278652 38
1747755574939 0.23765909792916184 39
1747755593281 0.23619981664891962 40
1747755611625 0.23604077559859618 41
1747755629674 0.23613891580839785 42
1747755648138 0.23586251237689787 43
1747755666655 0.2359381841235073 44
1747755684763 0.23598119482040908 45
1747755703159 0.2358618461719236 46
1747755721446 0.23568852069257623 47
1747755739550 0.23581934314394884 48
1747755758204 0.2368655381818911 49
