1743891903551 0.3266039192676544 0
1743891926271 0.2670497000217438 1
1743891948928 0.25250309705734253 2
1743891971507 0.2420140951871872 3
1743891994391 0.23321907222270966 4
1743892017147 0.22630837559700012 5
1743892040030 0.22001010179519653 6
1743892062792 0.2144894301891327 7
1743892085661 0.2088678926229477 8
1743892108677 0.20401577651500702 9
1743892131919 0.19856753945350647 10
1743892154985 0.19371221959590912 11
1743892178213 0.18891701102256775 12
1743892201238 0.18424993753433228 13
1743892224170 0.17949636280536652 14
1743892247196 0.1763826161623001 15
1743892270029 0.17277245223522186 16
1743892293304 0.17022491991519928 17
1743892316567 0.16768506169319153 18
1743892340269 0.16542492806911469 19
1743892363947 0.1639384627342224 20
1743892387472 0.16122804582118988 21
1743892411062 0.16119909286499023 22
1743892434651 0.15866035223007202 23
1743892458253 0.15663966536521912 24
1743892481465 0.15583710372447968 25
1743892504630 0.15433889627456665 26
1743892527513 0.15311525762081146 27
1743892550326 0.151941180229187 28
1743892573410 0.15123312175273895 29
1743892596440 0.1509116291999817 30
1743892619299 0.1494341790676117 31
1743892642446 0.14915905892848969 32
1743892665713 0.14796729385852814 33
1743892688874 0.15064378082752228 34
1743892712598 0.14659762382507324 35
1743892735905 0.1461370587348938 36
1743892758889 0.14517904818058014 37
1743892782281 0.14458106458187103 38
1743892805712 0.1435646116733551 39
1743892828802 0.14306984841823578 40
1743892851445 0.1429433524608612 41
1743892874513 0.1424659788608551 42
1743892897669 0.14194054901599884 43
1743892920434 0.14156204462051392 44
1743892943586 0.14069581031799316 45
1743892966440 0.14053064584732056 46
1743892989465 0.1394936591386795 47
1743893012548 0.1398983597755432 48
1743893035671 0.13901709020137787 49
