1743891903552 0.3395542846431101 0
1743891926272 0.2170986972730819 1
1743891948929 0.20043839005150926 2
1743891971508 0.1889968962371861 3
1743891994392 0.1798415455203694 4
1743892017148 0.1713537738856073 5
1743892040031 0.1635660037697762 6
1743892062794 0.15636643281280566 7
1743892085662 0.14923458082245888 8
1743892108679 0.14294790248308686 9
1743892131920 0.13642972988447022 10
1743892154986 0.130545655003687 11
1743892178214 0.12481979237571139 12
1743892201239 0.11963288769770175 13
1743892224171 0.11453267736110828 14
1743892247197 0.1108906762874508 15
1743892270030 0.10706331189443721 16
1743892293305 0.10413038235219307 17
1743892316568 0.10129513340055658 18
1743892340270 0.09864902188665833 19
1743892363948 0.09675182640574152 20
1743892387473 0.09423016544384694 21
1743892411063 0.09357647690401977 22
1743892434652 0.09141430033408746 23
1743892458254 0.08945954900959929 24
1743892481467 0.08837850242077513 25
1743892504631 0.08679424634982258 26
1743892527514 0.08556492345916007 27
1743892550327 0.08427759606974755 28
1743892573411 0.08337901997359577 29
1743892596441 0.08292766787676277 30
1743892619300 0.08163921897405353 31
1743892642447 0.08113909958451222 32
1743892665714 0.0800476652643255 33
1743892688875 0.08245522064832539 34
1743892712599 0.07883205318485488 35
1743892735906 0.07807612432301989 36
1743892758890 0.07715741801391968 37
1743892782283 0.07667208635645627 38
1743892805713 0.07569217373936975 39
1743892828803 0.07521074903148445 40
1743892851446 0.07488760653379127 41
1743892874514 0.07441242155429983 42
1743892897670 0.07389665183956255 43
1743892920435 0.07341208958917043 44
1743892943587 0.07281180871357938 45
1743892966442 0.07246686061891361 46
1743892989467 0.07169634629789443 47
1743893012550 0.07166730250484908 48
1743893035672 0.07108801623759403 49
