1743925584666 0.8915500044822693 0
1743925610076 0.9551500082015991 1
1743925635369 0.9656833410263062 2
1743925660724 0.9720500111579895 3
1743925685982 0.9764333367347717 4
1743925710968 0.9792500138282776 5
1743925735883 0.9803166389465332 6
1743925761246 0.9832500219345093 7
1743925786470 0.9846500158309937 8
1743925811372 0.9854999780654907 9
1743925836661 0.9865166544914246 10
1743925861729 0.9878166913986206 11
1743925887019 0.9887666702270508 12
1743925912123 0.9882500171661377 13
1743925937396 0.9902999997138977 14
1743925962666 0.9901999831199646 15
1743925988185 0.9901833534240723 16
1743926013524 0.9917833209037781 17
1743926039040 0.9912999868392944 18
1743926064502 0.9908166527748108 19
1743926089598 0.9925166964530945 20
1743926114571 0.9926666617393494 21
1743926139784 0.9928500056266785 22
1743926165172 0.9929333329200745 23
1743926190295 0.9941666722297668 24
1743926215417 0.9923666715621948 25
1743926240451 0.9942666888237 26
1743926265540 0.992900013923645 27
1743926291017 0.9930333495140076 28
1743926316064 0.9948333501815796 29
1743926341341 0.9950500130653381 30
1743926366639 0.9940000176429749 31
1743926391415 0.9941333532333374 32
1743926416168 0.9940833449363708 33
1743926440992 0.9949666857719421 34
1743926466155 0.9949333071708679 35
1743926491542 0.9947999715805054 36
1743926516897 0.9953333139419556 37
1743926542286 0.9944999814033508 38
1743926567697 0.995199978351593 39
1743926592882 0.994866669178009 40
1743926617836 0.9956666827201843 41
1743926643276 0.9963666796684265 42
1743926668322 0.9945833086967468 43
1743926693617 0.9959666728973389 44
1743926719083 0.9946833252906799 45
1743926744495 0.996066689491272 46
1743926769834 0.9957666397094727 47
1743926795272 0.9959333539009094 48
1743926820392 0.996150016784668 49
