1743866508006 0.2488920833221392 0
1743866531216 0.1893896592040118 1
1743866554568 0.17343790490656597 2
1743866577700 0.16263079473678038 3
1743866600734 0.1536792472897306 4
1743866624031 0.14574724441366996 5
1743866647182 0.13775917781495858 6
1743866670203 0.12800832092406747 7
1743866693528 0.11795029306070277 8
1743866716614 0.10821053018668085 9
1743866739593 0.10128284454833644 10
1743866762873 0.0957576261194403 11
1743866786064 0.0913372784333205 12
1743866809405 0.08743294583963732 13
1743866832314 0.0843150328886154 14
1743866855048 0.08170642808115951 15
1743866877881 0.0795196728621231 16
1743866900872 0.07743013928982152 17
1743866924122 0.07571955077642786 18
1743866947123 0.07390641563086127 19
1743866969883 0.0721912421230667 20
1743866992760 0.0706215240560822 21
1743867015731 0.06925691761039279 22
1743867038552 0.06785980642785266 23
1743867061263 0.0667508185568654 24
1743867084194 0.06569079708139612 25
1743867107301 0.06465949866568166 26
1743867130422 0.06373216991028048 27
1743867153637 0.06293964475044155 28
1743867176937 0.062161162975090556 29
1743867200159 0.0614884122896309 30
1743867223224 0.060859809612575005 31
1743867246151 0.06039590310815584 32
1743867269158 0.059861726915285886 33
1743867292232 0.059417143283847236 34
1743867315140 0.058776814629157306 35
1743867338093 0.05844915376280883 36
1743867361229 0.05800957226250481 37
1743867384405 0.057565887883294746 38
1743867407625 0.057171958509141994 39
1743867430796 0.0568644452874817 40
1743867453966 0.05646446815478769 41
1743867477223 0.056141294301801044 42
1743867500453 0.05587176254020579 43
1743867523314 0.05540881007766906 44
1743867546307 0.05519995477844804 45
1743867569318 0.05496243874994731 46
1743867592393 0.054617373385418624 47
1743867615555 0.05422600787849967 48
1743867638423 0.05403176311585315 49
