1743847071391 0.2528722882270813 0
1743847093408 0.2411709874868393 1
1743847115458 0.234736368060112 2
1743847137591 0.23025304079055786 3
1743847159600 0.22685037553310394 4
1743847181733 0.22453482449054718 5
1743847203690 0.2207934707403183 6
1743847225591 0.2187790870666504 7
1743847247345 0.21667498350143433 8
1743847269345 0.2139565646648407 9
1743847291071 0.21282576024532318 10
1743847313016 0.21164293587207794 11
1743847335117 0.20968197286128998 12
1743847357169 0.20811522006988525 13
1743847379225 0.2064913511276245 14
1743847401295 0.20546196401119232 15
1743847423113 0.20274381339550018 16
1743847444984 0.20148898661136627 17
1743847467002 0.19976279139518738 18
1743847488999 0.19791343808174133 19
1743847510955 0.19528993964195251 20
1743847533257 0.19359813630580902 21
1743847555175 0.19175778329372406 22
1743847577076 0.18966569006443024 23
1743847599147 0.18743014335632324 24
1743847621175 0.1858430653810501 25
1743847643074 0.18396322429180145 26
1743847664895 0.1823662668466568 27
1743847686949 0.1808859407901764 28
1743847709031 0.1793828010559082 29
1743847731023 0.17761123180389404 30
1743847752899 0.1759093701839447 31
1743847774992 0.17463453114032745 32
1743847796943 0.17292584478855133 33
1743847818987 0.1717458963394165 34
1743847841033 0.17021450400352478 35
1743847863096 0.1684284508228302 36
1743847885154 0.16708935797214508 37
1743847907186 0.16590304672718048 38
1743847929142 0.1646512895822525 39
1743847950918 0.16272348165512085 40
1743847972997 0.16145417094230652 41
1743847995063 0.16067911684513092 42
1743848017201 0.15951330959796906 43
1743848039230 0.15767091512680054 44
1743848061282 0.1568773090839386 45
1743848083402 0.15542827546596527 46
1743848105432 0.15373168885707855 47
1743848127445 0.1533500999212265 48
1743848149480 0.15246282517910004 49
