1743847071392 0.20776410529593534 0
1743847093409 0.19561552852292985 1
1743847115459 0.18832877496038822 2
1743847137593 0.1837039944310007 3
1743847159601 0.17963566907823988 4
1743847181735 0.17713228161527478 5
1743847203691 0.17329861069332125 6
1743847225592 0.17096463105374146 7
1743847247346 0.1685400954163786 8
1743847269346 0.1654912482238382 9
1743847291072 0.16447074643525705 10
1743847313018 0.1623891102169531 11
1743847335118 0.1605709178459138 12
1743847357170 0.15863191894982484 13
1743847379226 0.1570839146878988 14
1743847401296 0.1555566737318155 15
1743847423114 0.1526444403689253 16
1743847444986 0.15098082446128275 17
1743847467003 0.1489813164613477 18
1743847489001 0.1467978111472631 19
1743847510956 0.14359901750045084 20
1743847533258 0.14184687707030458 21
1743847555176 0.13947133187294644 22
1743847577077 0.1372208270381806 23
1743847599148 0.13459290654912123 24
1743847621176 0.13247111355427743 25
1743847643075 0.13053751699183022 26
1743847664897 0.12864253670344267 27
1743847686951 0.12673211199138557 28
1743847709032 0.124964906653196 29
1743847731024 0.12301691941211076 30
1743847752900 0.12087960419122101 31
1743847774993 0.11954345083454851 32
1743847796944 0.1174610791675296 33
1743847818988 0.11603860933227421 34
1743847841034 0.1142044611386544 35
1743847863097 0.11216921414719684 36
1743847885156 0.1106752831432535 37
1743847907187 0.10914814278411283 38
1743847929143 0.10764496528504706 39
1743847950919 0.10548829496227302 40
1743847972999 0.10395892120708254 41
1743847995064 0.10301920262302386 42
1743848017202 0.1015373218702477 43
1743848039231 0.09952389704927916 44
1743848061283 0.09856028038754813 45
1743848083403 0.09680732843686753 46
1743848105433 0.0949520201195863 47
1743848127446 0.09452289252215207 48
1743848149482 0.09341388392461672 49
