1747771619332 0.04545454680919647 0
1747771619647 0.11249999701976776 1
1747771619920 0.14715908467769623 2
1747771620126 0.21250000596046448 3
1747771620334 0.32556816935539246 4
1747771620545 0.37784090638160706 5
1747771620756 0.4210227131843567 6
1747771620962 0.4465909004211426 7
1747771621172 0.478409081697464 8
1747771621373 0.4886363744735718 9
1747771621573 0.5301136374473572 10
1747771621775 0.6346591114997864 11
1747771621975 0.6869317889213562 12
1747771622196 0.7545454502105713 13
1747771622406 0.7607954740524292 14
1747771622617 0.7744318246841431 15
1747771622823 0.7772727012634277 16
1747771623025 0.7965909242630005 17
1747771623228 0.793749988079071 18
1747771623431 0.8096590638160706 19
1747771623670 0.8221591114997864 20
1747771623990 0.8329545259475708 21
1747771624311 0.8431817889213562 22
1747771624634 0.8420454263687134 23
1747771624903 0.8426136374473572 24
1747771625103 0.8528409004211426 25
1747771625301 0.8568181991577148 26
1747771625500 0.855681836605072 27
1747771625703 0.8585227131843567 28
1747771625906 0.8647727370262146 29
1747771626109 0.8698863387107849 30
1747771626312 0.8659090995788574 31
1747771626515 0.8732954263687134 32
1747771626719 0.862500011920929 33
1747771626922 0.862500011920929 34
1747771627125 0.8727272748947144 35
1747771627329 0.8835227489471436 36
1747771627533 0.8761363625526428 37
1747771627729 0.8818181753158569 38
1747771627927 0.8892045617103577 39
1747771628130 0.886931836605072 40
1747771628336 0.8840909004211426 41
1747771628538 0.8886363506317139 42
1747771628855 0.8818181753158569 43
1747771629176 0.8880681991577148 44
1747771629499 0.8829545378684998 45
1747771629808 0.886931836605072 46
1747771630019 0.886931836605072 47
1747771630216 0.8982954621315002 48
1747771630418 0.9039772748947144 49
