1747771619334 3.071787533197397 0
1747771619649 2.970634206102711 1
1747771619921 2.8797329260117115 2
1747771620127 2.758118868335812 3
1747771620335 2.5847125306975225 4
1747771620546 2.438139192622521 5
1747771620757 2.297606549806819 6
1747771620963 2.1531896127202335 7
1747771621173 1.9282167472822773 8
1747771621375 1.7359862653828322 9
1747771621574 1.527656957417992 10
1747771621776 1.2345088586772694 11
1747771621976 1.0351983425509665 12
1747771622198 0.804170292422129 13
1747771622407 0.6826738523203154 14
1747771622618 0.6245097300582875 15
1747771622824 0.5851601225009503 16
1747771623026 0.5569967258095724 17
1747771623229 0.5252439628647255 18
1747771623432 0.5047159536341262 19
1747771623672 0.4707537846768877 20
1747771623992 0.44717336650224665 21
1747771624313 0.43729942494851676 22
1747771624635 0.42472373611319997 23
1747771624904 0.4197809147737566 24
1747771625104 0.40057804968554295 25
1747771625302 0.3828572567112946 26
1747771625501 0.37058062582817103 27
1747771625704 0.3683425970253801 28
1747771625907 0.3593152816425535 29
1747771626110 0.3486625488840009 30
1747771626313 0.34066846620990976 31
1747771626517 0.3392754101272958 32
1747771626720 0.3347117595090601 33
1747771626923 0.32991753916705563 34
1747771627126 0.32088490392656555 35
1747771627330 0.31677143980612815 36
1747771627534 0.30775474672920083 37
1747771627731 0.3071354457460079 38
1747771627929 0.3002118903516222 39
1747771628131 0.29453464400519497 40
1747771628337 0.2989084114634358 41
1747771628539 0.28655360033310956 42
1747771628856 0.28308762917435415 43
1747771629178 0.27935349069486676 44
1747771629500 0.2725947435098449 45
1747771629809 0.27986082282427 46
1747771630020 0.27991348327097915 47
1747771630217 0.2627990500936657 48
1747771630419 0.2560460767771632 49
