1747771980138 0.8920454382896423 0
1747771980332 0.9477272629737854 1
1747771980525 0.9528409242630005 2
1747771980718 0.9505681991577148 3
1747771980912 0.9482954740524292 4
1747771981107 0.9386363625526428 5
1747771981299 0.9443181753158569 6
1747771981493 0.949999988079071 7
1747771981688 0.9551136493682861 8
1747771981882 0.9517045617103577 9
1747771982086 0.9329545497894287 10
1747771982311 0.9590908885002136 11
1747771982598 0.9613636136054993 12
1747771982886 0.949431836605072 13
1747771983177 0.9397727251052856 14
1747771983471 0.9357954263687134 15
1747771983689 0.9619318246841431 16
1747771983897 0.9676136374473572 17
1747771984107 0.9647727012634277 18
1747771984313 0.9590908885002136 19
1747771984523 0.96875 20
1747771984732 0.9664772748947144 21
1747771984942 0.9710227251052856 22
1747771985152 0.9613636136054993 23
1747771985363 0.9681817889213562 24
1747771985575 0.9664772748947144 25
1747771985789 0.956250011920929 26
1747771986005 0.9693182110786438 27
1747771986220 0.9619318246841431 28
1747771986432 0.9636363387107849 29
1747771986643 0.9727272987365723 30
1747771986854 0.9755681753158569 31
1747771987064 0.96875 32
1747771987302 0.9607954621315002 33
1747771987592 0.9647727012634277 34
1747771987882 0.9693182110786438 35
1747771988173 0.9784091114997864 36
1747771988469 0.9659090638160706 37
1747771988682 0.9750000238418579 38
1747771988894 0.9704545736312866 39
1747771989121 0.9624999761581421 40
1747771989329 0.9732954502105713 41
1747771989540 0.9630681872367859 42
1747771989749 0.9653409123420715 43
1747771989961 0.9647727012634277 44
1747771990170 0.9715909361839294 45
1747771990382 0.9664772748947144 46
1747771990592 0.9602272510528564 47
1747771990812 0.9693182110786438 48
1747771991031 0.9613636136054993 49
