1747744208896 0.2431706268136105 0
1747744226374 0.239336270144243 1
1747744243440 0.2387025513248727 2
1747744260394 0.23827307349278815 3
1747744277747 0.23812557759181655 4
1747744294527 0.23796793674109437 5
1747744311846 0.2378014622530384 6
1747744328844 0.23769605743459649 7
1747744346411 0.23744357989491705 8
1747744363514 0.23746456064386676 9
1747744380803 0.23733565141313237 10
1747744397738 0.2372528019559186 11
1747744415348 0.23712725228107023 12
1747744432526 0.23707176255353016 13
1747744449748 0.23688631702528404 14
1747744466667 0.2369108950232566 15
1747744483419 0.23678092681476934 16
1747744500840 0.236716591419025 17
1747744517735 0.23680811728013937 18
1747744534863 0.23672241757524531 19
1747744551734 0.23656289081530463 20
1747744568940 0.23645511542515296 21
1747744585857 0.23650781249267155 22
1747744602649 0.23647815086983526 23
1747744619791 0.23638060346040957 24
1747744636916 0.23639079846844213 25
1747744654610 0.23630104083838505 26
1747744671624 0.2362281996643275 27
1747744688966 0.2361319707452089 28
1747744705986 0.23613959671123938 29
1747744723416 0.2361699112736771 30
1747744740427 0.23605433413837185 31
1747744758022 0.23596747577629007 32
1747744775351 0.23588284986391939 33
1747744792530 0.2359338445369915 34
1747744809774 0.23584002091380607 35
1747744827500 0.23576661208324068 36
1747744844544 0.23571332007632237 37
1747744861611 0.23574857855185213 38
1747744878911 0.23563248340915874 39
1747744896070 0.2356804511338179 40
1747744913523 0.23546402604154543 41
1747744931086 0.23553975375673963 42
1747744948435 0.2355380999813504 43
1747744965665 0.23544378906851346 44
1747744982587 0.2354006211637049 45
1747744999536 0.23532309110017555 46
1747745016850 0.23530594354734433 47
1747745033845 0.2354760699347571 48
1747745051078 0.23520130370901363 49
