1747770770443 2.5081079763772745 0
1747770770771 2.4106801524576293 1
1747770771067 2.2386671153418294 2
1747770771415 2.0514046409164783 3
1747770771739 1.9155401645492043 4
1747770772109 1.790116752135365 5
1747770772380 1.6328353698499085 6
1747770772653 1.4419338181018009 7
1747770772862 1.1810403060498207 8
1747770773128 0.9766654068647405 9
1747770773445 0.905509051067985 10
1747770773698 0.7797317619299724 11
1747770773977 0.680502637810494 12
1747770774223 0.6278669489567162 13
1747770774502 0.59408836184433 14
1747770774749 0.5595963454582125 15
1747770775033 0.539941340021108 16
1747770775279 0.5263151401640593 17
1747770775560 0.5060795772001189 18
1747770775811 0.4962499946093425 19
1747770776126 0.4826183604142202 20
1747770776455 0.4470839101886189 21
1747770776814 0.41407529420692146 22
1747770777136 0.3939911719994279 23
1747770777435 0.381424081988004 24
1747770777790 0.3804272526359877 25
1747770778137 0.36811819517289435 26
1747770778479 0.36393887442442613 27
1747770778716 0.3608641977272905 28
1747770778953 0.36359482946169963 29
1747770779233 0.3403203933085428 30
1747770779480 0.3280998199496649 31
1747770779761 0.32208079659127137 32
1747770780010 0.3178652484849277 33
1747770780292 0.3087734712585636 34
1747770780530 0.3089971873833619 35
1747770780816 0.30209893452744646 36
1747770781070 0.30170224467371154 37
1747770781357 0.29826079302567104 38
1747770781609 0.2988876052423858 39
1747770781893 0.29618243605812644 40
1747770782144 0.2893733572624315 41
1747770782503 0.282219525200336 42
1747770782797 0.2822211924108516 43
1747770783887 0.2772848226721749 44
1747770784227 0.28560477426905917 45
1747770784563 0.28530026138546766 46
1747770784864 0.2739082076683645 47
1747770785097 0.27596870899320847 48
1747770785377 0.28099825447494964 49
