1747770770441 0.20170454680919647 0
1747770770769 0.2818181812763214 1
1747770771065 0.38352271914482117 2
1747770771413 0.4744318127632141 3
1747770771737 0.48693183064460754 4
1747770772107 0.519318163394928 5
1747770772379 0.5363636612892151 6
1747770772652 0.6448863744735718 7
1747770772860 0.6676136255264282 8
1747770773126 0.7232954502105713 9
1747770773443 0.7386363744735718 10
1747770773697 0.7573863863945007 11
1747770773976 0.8028408885002136 12
1747770774221 0.824999988079071 13
1747770774501 0.8267045617103577 14
1747770774748 0.8392045497894287 15
1747770775031 0.8346590995788574 16
1747770775277 0.8357954621315002 17
1747770775559 0.8500000238418579 18
1747770775809 0.8477272987365723 19
1747770776124 0.8426136374473572 20
1747770776453 0.8443182110786438 21
1747770776813 0.8545454740524292 22
1747770777134 0.8585227131843567 23
1747770777433 0.856249988079071 24
1747770777788 0.8539772629737854 25
1747770778135 0.8619318008422852 26
1747770778478 0.8590909242630005 27
1747770778715 0.8585227131843567 28
1747770778951 0.8545454740524292 29
1747770779232 0.8715909123420715 30
1747770779479 0.8738636374473572 31
1747770779759 0.8801136612892151 32
1747770780009 0.8755682110786438 33
1747770780291 0.8767045736312866 34
1747770780528 0.8778409361839294 35
1747770780815 0.8840909004211426 36
1747770781068 0.8840909004211426 37
1747770781355 0.8840909004211426 38
1747770781607 0.8857954740524292 39
1747770781892 0.8840909004211426 40
1747770782143 0.8897727131843567 41
1747770782501 0.8914772868156433 42
1747770782795 0.8880681991577148 43
1747770783885 0.8892045617103577 44
1747770784225 0.8880681991577148 45
1747770784561 0.8892045617103577 46
1747770784862 0.8920454382896423 47
1747770785096 0.8886363506317139 48
1747770785376 0.893750011920929 49
