1747771002347 45.460601806640625 0
1747771002490 22.30875587463379 1
1747771002616 16.159578323364258 2
1747771002741 14.44346809387207 3
1747771002868 12.09455680847168 4
1747771003000 9.658319473266602 5
1747771003128 8.355644226074219 6
1747771003254 7.402622699737549 7
1747771003380 5.6377458572387695 8
1747771003512 4.213298320770264 9
1747771003635 3.5271873474121094 10
1747771003757 3.0635464191436768 11
1747771003885 2.645956516265869 12
1747771004013 2.1984024047851562 13
1747771004142 1.7940518856048584 14
1747771004268 1.6417057514190674 15
1747771004392 1.5264272689819336 16
1747771004518 1.4500583410263062 17
1747771004645 1.4180585145950317 18
1747771004810 1.3849486112594604 19
1747771004987 1.3661051988601685 20
1747771005165 1.2819186449050903 21
1747771005342 1.2840443849563599 22
1747771005520 1.2918906211853027 23
1747771005704 1.2354730367660522 24
1747771005882 1.2163540124893188 25
1747771006058 1.1669838428497314 26
1747771006241 1.1423850059509277 27
1747771006421 1.1614738702774048 28
1747771006603 1.0924843549728394 29
1747771006780 1.1553478240966797 30
1747771006962 1.058096170425415 31
1747771007142 1.0210590362548828 32
1747771007269 0.9884673953056335 33
1747771007386 0.8860456943511963 34
1747771007508 0.8323972225189209 35
1747771007639 0.8139556646347046 36
1747771007776 0.7217166423797607 37
1747771007915 0.7098658084869385 38
1747771008054 0.714647650718689 39
1747771008193 0.7290447354316711 40
1747771008330 0.6335638761520386 41
1747771008479 0.5733333230018616 42
1747771008612 0.609038770198822 43
1747771008749 0.5875261425971985 44
1747771008884 0.5668967366218567 45
1747771009021 0.5401485562324524 46
1747771009157 0.5028645992279053 47
1747771009294 0.5452677011489868 48
1747771009422 0.4877719581127167 49
