1747771002348 3811.6323380104427 0
1747771002491 952.3433181048516 1
1747771002617 473.0429319958834 2
1747771002742 354.3487308146162 3
1747771002869 237.76355368155268 4
1747771003001 157.8878840471887 5
1747771003129 131.96725361546402 6
1747771003256 105.15187877145607 7
1747771003381 57.72842615430768 8
1747771003513 32.46249097882398 9
1747771003636 23.37090194898847 10
1747771003758 18.176091293643047 11
1747771003886 13.670874840807503 12
1747771004015 9.750645299627584 13
1747771004143 6.9810636953057426 14
1747771004269 6.18590548862129 15
1747771004393 5.692584188923582 16
1747771004520 5.2421175343665665 17
1747771004646 5.10925718945226 18
1747771004812 4.851936074892765 19
1747771004989 4.811109789773675 20
1747771005167 4.462555578448721 21
1747771005344 4.444221356539117 22
1747771005522 4.384366259230904 23
1747771005706 4.108906566111414 24
1747771005884 3.9730552339334233 25
1747771006060 3.742749100879794 26
1747771006243 3.6618894660147663 27
1747771006423 3.6795381770998605 28
1747771006604 3.250944799387328 29
1747771006781 3.27131173188953 30
1747771006964 2.8306154382007427 31
1747771007143 2.587963128630745 32
1747771007270 2.301765475405832 33
1747771007387 1.7754223388590442 34
1747771007509 1.532163762118401 35
1747771007640 1.3089384606678525 36
1747771007777 1.0253238051848945 37
1747771007916 0.9196381640446848 38
1747771008056 0.9022433537610828 39
1747771008194 0.904383508828862 40
1747771008331 0.7029838717873546 41
1747771008480 0.5903818027344226 42
1747771008613 0.6421250577013559 43
1747771008750 0.6064683872800325 44
1747771008885 0.5616766818993593 45
1747771009022 0.5089293463950334 46
1747771009158 0.4559997363922662 47
1747771009295 0.5108651149302331 48
1747771009423 0.42360634592077956 49
