1747580514283 0.08516275882720947 0
1747580519976 0.004988823551684618 1
1747580525713 0.005182241555303335 2
1747580531212 0.005368753802031279 3
1747580536899 0.0048431106843054295 4
1747580542316 0.0050657084211707115 5
1747580547688 0.004812673199921846 6
1747580553377 0.004735218361020088 7
1747580559172 0.004789788741618395 8
1747580564937 0.004570448771119118 9
1747580570766 0.004428377840667963 10
1747580576532 0.004441895522177219 11
1747580582228 0.004372259136289358 12
1747580587927 0.004251823760569096 13
1747580593301 0.004138587974011898 14
1747580598763 0.004095488227903843 15
1747580604248 0.004018726292997599 16
1747580609562 0.003981037996709347 17
1747580614568 0.003948641940951347 18
1747580620362 0.0037728354800492525 19
1747580626206 0.003915916662663221 20
1747580631976 0.003840068355202675 21
1747580637627 0.003740565152838826 22
1747580643228 0.003633918007835746 23
1747580648727 0.003678158624097705 24
1747580653828 0.003676708322018385 25
1747580659367 0.003584272461012006 26
1747580664693 0.003584866179153323 27
1747580670055 0.0035854328889399767 28
1747580675506 0.0035199695266783237 29
1747580681202 0.0034433710388839245 30
1747580686938 0.0035949316807091236 31
1747580692507 0.003443906782194972 32
1747580698019 0.0032409324776381254 33
1747580703775 0.0034581159707158804 34
1747580709336 0.0033770804293453693 35
1747580714728 0.0033901219721883535 36
1747580720155 0.0033867659512907267 37
1747580725402 0.0033939885906875134 38
1747580730581 0.003268287982791662 39
1747580736144 0.003318832954391837 40
1747580741984 0.0032565915025770664 41
1747580747652 0.0031940750777721405 42
1747580753342 0.0032738111913204193 43
1747580758991 0.0030841147527098656 44
1747580764779 0.003235143143683672 45
1747580770521 0.0032122633419930935 46
1747580776210 0.003141351044178009 47
1747580781993 0.003104549366980791 48
1747580787553 0.003168933093547821 49
