1747656280569 0.24749282927945052 0
1747656294544 0.24018591686719062 1
1747656308565 0.23918666380894274 2
1747656322422 0.2387709202185126 3
1747656336233 0.23830516606010202 4
1747656350442 0.23795600276763673 5
1747656364643 0.2378174365380236 6
1747656378820 0.23775247901720015 7
1747656392515 0.23762664765391625 8
1747656406074 0.23743035621236497 9
1747656420319 0.23724976632230174 10
1747656434278 0.23734983255116168 11
1747656448314 0.23719837653124554 12
1747656462549 0.23712862571592228 13
1747656476831 0.23703771202533647 14
1747656490312 0.23705313014162635 15
1747656504302 0.23701297356252998 16
1747656518359 0.23693064823281626 17
1747656532196 0.23673222968565688 18
1747656545961 0.23671240228629734 19
1747656560038 0.23681118507361257 20
1747656574280 0.2366193753196626 21
1747656588520 0.23671468322374148 22
1747656602663 0.23658859808829946 23
1747656616794 0.236624253615089 24
1747656630437 0.23661043977030116 25
1747656644419 0.2365565140667614 26
1747656658483 0.23647287650351903 27
1747656672447 0.23647813656806665 28
1747656686550 0.2364323059253634 29
1747656700422 0.2363996542088731 30
1747656714489 0.23636136228729984 31
1747656728640 0.23639812619452408 32
1747656742740 0.23628948195318475 33
1747656757135 0.23626253003808234 34
1747656771391 0.23616062536105142 35
1747656785658 0.23611605931110308 36
1747656799900 0.23618415959606479 37
1747656813826 0.23617254388493072 38
1747656827717 0.23615060119362843 39
1747656841946 0.23604450968218815 40
1747656856345 0.23622126256225703 41
1747656871272 0.2361579051530369 42
1747656886222 0.2361275529912394 43
1747656900500 0.23605190335072607 44
1747656914761 0.23615184137333964 45
1747656929601 0.2360709081312227 46
1747656944598 0.23597342895025195 47
1747656959443 0.23603628325859724 48
1747656974870 0.23597471753176893 49
