1743907149384 0.30154988169670105 0
1743907173664 0.24541066586971283 1
1743907198050 0.2277519404888153 2
1743907222471 0.21393750607967377 3
1743907246754 0.20209728181362152 4
1743907271130 0.1914210021495819 5
1743907295513 0.18179938197135925 6
1743907319997 0.1732761412858963 7
1743907344395 0.16649600863456726 8
1743907368766 0.162153959274292 9
1743907393275 0.15828824043273926 10
1743907417619 0.15499722957611084 11
1743907442049 0.15196877717971802 12
1743907466287 0.1504209041595459 13
1743907490710 0.14826971292495728 14
1743907515108 0.1463729441165924 15
1743907539405 0.14482297003269196 16
1743907563702 0.1428707391023636 17
1743907588029 0.14194130897521973 18
1743907612383 0.14057233929634094 19
1743907636542 0.1392206996679306 20
1743907660640 0.13767729699611664 21
1743907684831 0.13722360134124756 22
1743907708994 0.13608399033546448 23
1743907733174 0.1349925547838211 24
1743907757377 0.1343446671962738 25
1743907781545 0.13352899253368378 26
1743907805909 0.13235025107860565 27
1743907830294 0.13155397772789001 28
1743907854795 0.13075397908687592 29
1743907879087 0.13078680634498596 30
1743907903252 0.1298374980688095 31
1743907927742 0.12904702126979828 32
1743907952035 0.1284908652305603 33
1743907976360 0.12894004583358765 34
1743908000690 0.12749771773815155 35
1743908024889 0.12688246369361877 36
1743908049065 0.12826913595199585 37
1743908072928 0.12581562995910645 38
1743908096886 0.12620149552822113 39
1743908120953 0.12530812621116638 40
1743908144831 0.12518617510795593 41
1743908168692 0.1249457448720932 42
1743908192887 0.12502336502075195 43
1743908217238 0.12436465919017792 44
1743908241586 0.12387517094612122 45
1743908266002 0.12328491359949112 46
1743908290322 0.12340810894966125 47
1743908314780 0.12338277697563171 48
1743908339217 0.12323148548603058 49
