1747770039908 2.7702221278069437 0
1747770040266 2.4952090471497628 1
1747770040560 2.320394357868394 2
1747770040895 2.2016443173353815 3
1747770041162 2.0990341946432913 4
1747770041465 2.0043417077466263 5
1747770041789 1.8637110283800662 6
1747770042049 1.7240610406407624 7
1747770042331 1.6736870312412793 8
1747770042624 1.61396574362943 9
1747770042870 1.4831365172543383 10
1747770043159 1.3657450641668534 11
1747770043489 1.2844563035380365 12
1747770043758 1.242540483294325 13
1747770044047 1.1982799330273195 14
1747770044311 1.1215738925255698 15
1747770044597 0.9814293868951768 16
1747770044859 0.8847164071682397 17
1747770045150 0.7984206054167664 18
1747770045420 0.732592362818992 19
1747770045751 0.6855500593305154 20
1747770046062 0.6349199611582151 21
1747770046345 0.5997907662778543 22
1747770046624 0.5597070080343827 23
1747770046866 0.5331779718021427 24
1747770047140 0.5104757898649065 25
1747770047369 0.4935242092543624 26
1747770047596 0.47608789562485504 27
1747770047922 0.46561157198366626 28
1747770048147 0.44523351783674414 29
1747770048370 0.4285689032716599 30
1747770048562 0.4150361911547736 31
1747770048774 0.3995809269201973 32
1747770048966 0.3802270555793608 33
1747770049179 0.36963845043655247 34
1747770049404 0.3373552682941382 35
1747770049628 0.32230523407001915 36
1747770049926 0.30516921741781866 37
1747770050195 0.2927665947822163 38
1747770050486 0.28624484107816345 39
1747770050750 0.2783815378167441 40
1747770051039 0.26373827696000224 41
1747770051304 0.26058482443957004 42
1747770051608 0.2528501778230747 43
1747770051978 0.2500061460867951 44
1747770052266 0.238078402757763 45
1747770052516 0.23640168640318457 46
1747770052794 0.22792832058182375 47
1747770053017 0.22483826186517172 48
1747770053266 0.21847921957638158 49
