1747770836251 50.46879196166992 0
1747770836379 48.326171875 1
1747770836504 42.80397033691406 2
1747770836643 36.065860748291016 3
1747770836784 29.891071319580078 4
1747770836944 24.373632431030273 5
1747770837144 22.094825744628906 6
1747770837337 21.340730667114258 7
1747770837513 21.122879028320312 8
1747770837687 21.042057037353516 9
1747770837861 21.07808494567871 10
1747770838035 21.1500244140625 11
1747770838209 21.262256622314453 12
1747770838386 21.154144287109375 13
1747770838572 21.246511459350586 14
1747770838764 21.273923873901367 15
1747770838956 21.29388999938965 16
1747770839144 21.316696166992188 17
1747770839325 21.286258697509766 18
1747770839449 21.312410354614258 19
1747770839563 21.317392349243164 20
1747770839682 21.319049835205078 21
1747770839803 21.278167724609375 22
1747770839925 21.339397430419922 23
1747770840048 21.30595588684082 24
1747770840172 21.272424697875977 25
1747770840295 21.389625549316406 26
1747770840421 21.260395050048828 27
1747770840544 21.287460327148438 28
1747770840669 21.265491485595703 29
1747770840792 21.30645751953125 30
1747770840921 21.346166610717773 31
1747770841054 21.238754272460938 32
1747770841177 21.302404403686523 33
1747770841300 21.26592254638672 34
1747770841425 21.145109176635742 35
1747770841555 20.81760025024414 36
1747770841680 20.380699157714844 37
1747770841809 19.73470687866211 38
1747770841936 18.732364654541016 39
1747770842063 16.675241470336914 40
1747770842193 15.331117630004883 41
1747770842324 14.870659828186035 42
1747770842454 14.723466873168945 43
1747770842579 14.634188652038574 44
1747770842708 14.616272926330566 45
1747770842834 14.600854873657227 46
1747770842963 14.59251594543457 47
1747770843090 14.635626792907715 48
1747770843271 14.611412048339844 49
