1743898513235 0.19002444042246963 0
1743898538174 0.13340639315792474 1
1743898563326 0.11666706908442948 2
1743898588171 0.10322741857055566 3
1743898612895 0.08890149968555518 4
1743898637782 0.08100800874596728 5
1743898662585 0.07148125075513238 6
1743898687096 0.0654900252981941 7
1743898712204 0.062462814945513985 8
1743898736937 0.05487607637825691 9
1743898761446 0.05289035538285985 10
1743898786236 0.04981016399660204 11
1743898811027 0.04816443474666754 12
1743898835967 0.04416225448503185 13
1743898860691 0.04219203785113096 14
1743898885265 0.03704310323303881 15
1743898910071 0.03772352688889081 16
1743898934922 0.03502071200786652 17
1743898960024 0.03757098529304499 18
1743898984951 0.031620986800617715 19
1743899009771 0.029750100604576696 20
1743899034420 0.031620313212241805 21
1743899059108 0.029843241995247967 22
1743899084125 0.02658124308093614 23
1743899108590 0.028392117592257567 24
1743899133098 0.024934494875172714 25
1743899158096 0.02396285481313405 26
1743899183013 0.02677186613849977 27
1743899207354 0.02130326517459074 28
1743899232010 0.024521562731792824 29
1743899256772 0.02180771611983839 30
1743899281773 0.02030755333912878 31
1743899306735 0.020247922170821497 32
1743899331645 0.02427235497317384 33
1743899356315 0.01949231341625166 34
1743899381478 0.020861796400528168 35
1743899406692 0.018961797217580765 36
1743899431820 0.01664478704611608 37
1743899457081 0.020168650930330653 38
1743899481884 0.017539566781879953 39
1743899506292 0.016767841972441487 40
1743899530712 0.018472538527020854 41
1743899555178 0.017792937283241578 42
1743899579747 0.0179515532747582 43
1743899604211 0.013829504362806616 44
1743899628887 0.020628723541361593 45
1743899653973 0.01253319970028729 46
1743899678685 0.018352383152723344 47
1743899703627 0.014642544226154531 48
1743899728178 0.01228894314608155 49
