1743898513234 0.9465833306312561 0
1743898538173 0.9598666429519653 1
1743898563324 0.9642000198364258 2
1743898588170 0.9681166410446167 3
1743898612894 0.9723333120346069 4
1743898637780 0.9746166467666626 5
1743898662584 0.977316677570343 6
1743898687095 0.9790999889373779 7
1743898712202 0.9799333214759827 8
1743898736935 0.9820666909217834 9
1743898761444 0.9829833507537842 10
1743898786234 0.9840333461761475 11
1743898811025 0.9847000241279602 12
1743898835966 0.9854166507720947 13
1743898860689 0.9861833453178406 14
1743898885263 0.9884166717529297 15
1743898910069 0.9876833558082581 16
1743898934920 0.9884666800498962 17
1743898960023 0.9881500005722046 18
1743898984950 0.9900333285331726 19
1743899009769 0.9900833368301392 20
1743899034418 0.9897500276565552 21
1743899059106 0.9899500012397766 22
1743899084123 0.9915666580200195 23
1743899108588 0.9909833073616028 24
1743899133096 0.9921166896820068 25
1743899158095 0.9928666949272156 26
1743899183012 0.9912833571434021 27
1743899207352 0.9928833246231079 28
1743899232009 0.9919499754905701 29
1743899256770 0.9929500222206116 30
1743899281771 0.9933500289916992 31
1743899306734 0.993399977684021 32
1743899331643 0.9924499988555908 33
1743899356314 0.9937499761581421 34
1743899381476 0.9927166700363159 35
1743899406690 0.993399977684021 36
1743899431819 0.9945499897003174 37
1743899457079 0.9937333464622498 38
1743899481882 0.9943666458129883 39
1743899506290 0.994533360004425 40
1743899530711 0.9942166805267334 41
1743899555176 0.9947333335876465 42
1743899579745 0.9940833449363708 43
1743899604209 0.9956166744232178 44
1743899628885 0.9940166473388672 45
1743899653972 0.9961000084877014 46
1743899678683 0.9945999979972839 47
1743899703625 0.9955333471298218 48
1743899728176 0.99631667137146 49
