1747770542921 6.6272871042052435 0
1747770543155 0.9558807373514557 1
1747770543351 0.45602440699260105 2
1747770543577 0.36254482838256413 3
1747770543818 0.2982532321333952 4
1747770544083 0.254468370133263 5
1747770544345 0.2507725027074052 6
1747770544608 0.23019494828179246 7
1747770544856 0.21361097381789712 8
1747770545162 0.18381458178976126 9
1747770545479 0.1681026673316848 10
1747770545823 0.1609993117240554 11
1747770546114 0.16633303375263053 12
1747770546433 0.17746265729817434 13
1747770546784 0.16143608282722677 14
1747770547148 0.16193971672041169 15
1747770547437 0.13982252675143356 16
1747770547647 0.13194451792689255 17
1747770547898 0.13049461843108137 18
1747770548143 0.11916985115263458 19
1747770548388 0.12887947756271673 20
1747770548627 0.11966032039737724 21
1747770548876 0.1166951084900942 22
1747770549129 0.13039846613526243 23
1747770549381 0.124776180687289 24
1747770549635 0.11874006061755706 25
1747770549898 0.11267759441460555 26
1747770550166 0.12022404344867929 27
1747770550435 0.10629037953794389 28
1747770550704 0.12413764401119029 29
1747770550971 0.13423318176774363 30
1747770551296 0.1065167299910835 31
1747770551635 0.11033987264855846 32
1747770551931 0.10439997944246483 33
1747770552250 0.09499888379829773 34
1747770552588 0.10397450717925454 35
1747770552877 0.11508878995724871 36
1747770553297 0.10147890092725878 37
1747770553599 0.09073506973427703 38
1747770553851 0.09427171936576804 39
1747770554093 0.09739187197341492 40
1747770554306 0.11425906879514332 41
1747770554549 0.10379951115002124 42
1747770554808 0.10275192351504277 43
1747770555077 0.09720355626224399 44
1747770555335 0.08916503284516498 45
1747770555543 0.08820191587313951 46
1747770555784 0.0960201264164281 47
1747770556050 0.08547723169595532 48
1747770556321 0.08613395073638067 49
