1743763461353 0.781005863704915 0
1743763485873 0.30825611381544954 1
1743763510306 0.2392212124155966 2
1743763534589 0.20221389154940775 3
1743763559024 0.17995890713398438 4
1743763583538 0.16425574237918325 5
1743763607920 0.14957205313193353 6
1743763632312 0.14016728990161045 7
1743763656810 0.13130750263517835 8
1743763681075 0.12320964150321166 9
1743763705306 0.11775197685926247 10
1743763729495 0.10964782521148383 11
1743763753888 0.10626435677496061 12
1743763822658 0.10372794567361672 13
1743763897359 0.09620268937355915 14
1743763921985 0.09512028076216078 15
1743763946607 0.09171172052994271 16
1743763971034 0.08712787485492521 17
1743763995486 0.08400068196545757 18
1743764019929 0.0816467751430864 19
1743764044506 0.08070180063629621 20
1743764069271 0.07615658927319026 21
1743764093536 0.07333777215248641 22
1743764118094 0.0717660161141517 23
1743764142551 0.06990786119109467 24
1743764167233 0.06848019879057746 25
1743764191544 0.0664280769774007 26
1743764215782 0.06372322625700151 27
1743764240435 0.06381697764372657 28
1743764264785 0.06296797893075808 29
1743764289335 0.060329717205684814 30
1743764314044 0.05919060058965808 31
1743764338773 0.05700261031584104 32
1743764363320 0.057151847876453485 33
1743764388058 0.054691452206539704 34
1743764412593 0.053905021856294325 35
1743764437254 0.05300825040464573 36
1743764461804 0.05128008035864462 37
1743764486259 0.05118420570745655 38
1743764510934 0.04900370303123677 39
1743764535549 0.048257191825347046 40
1743764559749 0.04722001954960956 41
1743764584284 0.045114670415345934 42
1743764609147 0.04463943411321692 43
1743764633777 0.04690687001809758 44
1743764658183 0.04214512336716148 45
1743764682732 0.04415264833667676 46
1743764707360 0.04217453963307226 47
1743764731811 0.03981364297934148 48
1743764756336 0.040469621210568595 49
