1747572680717 0.0062245894223451614 0
1747572686165 0.00424042996019125 1
1747572691640 0.004326660186052322 2
1747572697209 0.004146413877606392 3
1747572702868 0.004148625303059816 4
1747572707808 0.004030975513160229 5
1747572712888 0.004066568333655596 6
1747572718411 0.0039026481099426746 7
1747572724018 0.003760941792279482 8
1747572729864 0.003753594122827053 9
1747572735312 0.0036967117339372635 10
1747572740975 0.0036668579559773207 11
1747572746630 0.0036651068367064 12
1747572752204 0.0035953642800450325 13
1747572757314 0.003423051442950964 14
1747572762502 0.003458208404481411 15
1747572767847 0.0034660466481000185 16
1747572773305 0.0033447055611759424 17
1747572778732 0.0033152492251247168 18
1747572784189 0.003343408927321434 19
1747572789542 0.003230087226256728 20
1747572794573 0.0032031505834311247 21
1747572799711 0.003257608972489834 22
1747572804555 0.0032035289332270622 23
1747572810119 0.003174886805936694 24
1747572815714 0.0031182479579001665 25
1747572821311 0.003120382549241185 26
1747572826801 0.003060653107240796 27
1747572832169 0.002945978194475174 28
1747572837283 0.0030531904194504023 29
1747572842163 0.0030532730743288994 30
1747572847664 0.002985546365380287 31
1747572853251 0.0029157684184610844 32
1747572858798 0.002950884634628892 33
1747572864345 0.003074967535212636 34
1747572870030 0.002970584901049733 35
1747572875130 0.0029761039186269045 36
1747572880531 0.002814418636262417 37
1747572885334 0.00292354472912848 38
1747572890418 0.002803822048008442 39
1747572895795 0.002881134394556284 40
1747572901298 0.00274791126139462 41
1747572906861 0.00282879127189517 42
1747572912376 0.0027321050874888897 43
1747572917380 0.0028654502239078283 44
1747572922801 0.002748096827417612 45
1747572927832 0.0028338166885077953 46
1747572932825 0.002691984176635742 47
1747572938285 0.0026798038743436337 48
1747572944043 0.002721250057220459 49
