1747716478616 0.24267920398557588 0
1747716494789 0.23851557709027016 1
1747716511127 0.2380506440787309 2
1747716526300 0.2378066012099652 3
1747716542035 0.237634408282975 4
1747716558809 0.23747462661867272 5
1747716575397 0.23744852378745485 6
1747716591609 0.23726390631312758 7
1747716608064 0.2372675019909414 8
1747716624389 0.23718664756293564 9
1747716640668 0.2371504123350775 10
1747716657044 0.23713895896885467 11
1747716672952 0.23706231034961706 12
1747716688613 0.23696001602524852 13
1747716704838 0.23692626404790004 14
1747716721545 0.23687647468957132 15
1747716736978 0.23689736536787417 16
1747716753512 0.23692131034140462 17
1747716769895 0.23676908510330127 18
1747716786527 0.23676917161883046 19
1747716803297 0.23681417221990728 20
1747716819669 0.23666402380301163 21
1747716836319 0.2367763693496207 22
1747716853018 0.23674870157033553 23
1747716869418 0.2366668040875007 24
1747716885694 0.23663000668085604 25
1747716901905 0.23659901043684795 26
1747716918189 0.23658670199929932 27
1747716934387 0.23660985050481081 28
1747716950421 0.23652379522212214 29
1747716966833 0.23650488497301086 30
1747716983592 0.2364886183606168 31
1747716999942 0.23648493699059966 32
1747717016259 0.236516539902418 33
1747717033005 0.236412630858049 34
1747717048763 0.2365128173291173 35
1747717065012 0.23653945064752566 36
1747717081228 0.23639204652243925 37
1747717097316 0.23636489632835977 38
1747717113717 0.23639025065023292 39
1747717130107 0.23634265217206146 40
1747717146126 0.23640162072592397 41
1747717162000 0.23631737575042552 42
1747717177897 0.2362774459344337 43
1747717194820 0.23626308228142143 44
1747717211209 0.23628889363197852 45
1747717227565 0.23624980640971788 46
1747717244326 0.2362920138823068 47
1747717260124 0.23616525115717546 48
1747717276396 0.2361926171172162 49
