1747716478615 0.9148712754249573 0
1747716494789 0.9152699112892151 1
1747716511127 0.915226936340332 2
1747716526299 0.9151761531829834 3
1747716542034 0.915168285369873 4
1747716558808 0.9151604771614075 5
1747716575397 0.9153520464897156 6
1747716591608 0.9151761531829834 7
1747716608063 0.9154653549194336 8
1747716624388 0.9152230620384216 9
1747716640667 0.9152816534042358 10
1747716657043 0.9153403043746948 11
1747716672951 0.9152621030807495 12
1747716688613 0.9154028296470642 13
1747716704837 0.9153012037277222 14
1747716721544 0.9153481125831604 15
1747716736977 0.9154341220855713 16
1747716753511 0.9153441786766052 17
1747716769894 0.9153637290000916 18
1747716786527 0.9154458045959473 19
1747716803296 0.9153950214385986 20
1747716819668 0.9154497385025024 21
1747716836318 0.9153715372085571 22
1747716853017 0.9154927134513855 23
1747716869417 0.9153403043746948 24
1747716885693 0.9153481125831604 25
1747716901904 0.9154653549194336 26
1747716918188 0.9154263138771057 27
1747716934386 0.9155474305152893 28
1747716950421 0.9153207540512085 29
1747716966832 0.9153832793235779 30
1747716983591 0.9153794050216675 31
1747716999941 0.9154419302940369 32
1747717016259 0.9154653549194336 33
1747717033004 0.9152816534042358 34
1747717048762 0.915414571762085 35
1747717065011 0.915414571762085 36
1747717081227 0.9154458045959473 37
1747717097315 0.915285587310791 38
1747717113716 0.9154379963874817 39
1747717130106 0.9154263138771057 40
1747717146126 0.9152973294258118 41
1747717162000 0.9153872132301331 42
1747717177896 0.9154341220855713 43
1747717194819 0.9154653549194336 44
1747717211208 0.9152777791023254 45
1747717227564 0.9154379963874817 46
1747717244325 0.9154263138771057 47
1747717260123 0.915516197681427 48
1747717276395 0.9153363704681396 49
