1747751092620 0.24554531644436614 0
1747751110524 0.23969066606194683 1
1747751128869 0.23904151205415294 2
1747751147348 0.23866712015726405 3
1747751165218 0.2384266069956566 4
1747751183478 0.2382243451449016 5
1747751201882 0.23781155187626773 6
1747751219776 0.23762845947253522 7
1747751238136 0.23767365220883208 8
1747751256625 0.24024770220883554 9
1747751274779 0.23918106864395447 10
1747751292973 0.2375943571519687 11
1747751311151 0.237513253606489 12
1747751328963 0.23766475224425343 13
1747751347391 0.23713340160105975 14
1747751365899 0.2372814490317639 15
1747751384301 0.23747520371209033 16
1747751402425 0.2368399520301646 17
1747751420655 0.23696219543537458 18
1747751438697 0.23702150434006145 19
1747751457033 0.2371020011376011 20
1747751475386 0.2368412135986455 21
1747751493640 0.23683776341220647 22
1747751511947 0.23661354032454665 23
1747751530213 0.23668951825721873 24
1747751548060 0.23662642973943196 25
1747751566489 0.23681409923568078 26
1747751584861 0.2367408118957814 27
1747751602934 0.2366965059562462 28
1747751621223 0.23634854612667022 29
1747751639169 0.23726400195359754 30
1747751657271 0.2363931131285849 31
1747751675905 0.2368394366473011 32
1747751693878 0.23641141156991516 33
1747751712488 0.23636625067494166 34
1747751730783 0.23635841736114818 35
1747751749064 0.23632365026061056 36
1747751767511 0.23648956028670978 37
1747751785463 0.23624467898708582 38
1747751803782 0.23613831338808194 39
1747751822182 0.23630042854200256 40
1747751840323 0.23618699020545353 41
1747751858505 0.2359435648944307 42
1747751876911 0.2359790998674633 43
1747751895119 0.2358508312324303 44
1747751913132 0.23882701044312296 45
1747751931639 0.2357193907205569 46
1747751949832 0.23580530972201294 47
1747751967900 0.23573286865250254 48
1747751986269 0.235842546560439 49
