1747770146280 1746.5616287919581 0
1747770146431 802.4024501211709 1
1747770146584 536.755633633974 2
1747770146734 389.53695447256416 3
1747770146887 264.0052954370648 4
1747770147040 176.68996887863074 5
1747770147175 124.51738833562456 6
1747770147278 92.336814759513 7
1747770147381 70.5387927141435 8
1747770147484 54.527985106326305 9
1747770147595 41.577021435697745 10
1747770147710 31.09277741994118 11
1747770147821 21.83967491788839 12
1747770147935 15.154161474980551 13
1747770148050 10.81088982982139 14
1747770148162 8.100364468652646 15
1747770148279 6.423859546986892 16
1747770148393 5.421883658596725 17
1747770148498 4.8009261829869505 18
1747770148599 4.288350733608109 19
1747770148704 3.94527235516408 20
1747770148814 3.5671773298422518 21
1747770148919 3.257862916108605 22
1747770149031 3.023922187417579 23
1747770149140 2.7495033612419286 24
1747770149253 2.5143495396699214 25
1747770149362 2.2782720911014533 26
1747770149472 2.060480294965699 27
1747770149584 1.8757990098086756 28
1747770149691 1.6851557215995598 29
1747770149803 1.533410507436691 30
1747770149909 1.3845716982305392 31
1747770150013 1.2312218986479562 32
1747770150122 1.0992548432769202 33
1747770150233 0.9831668658595545 34
1747770150347 0.8892430388709955 35
1747770150455 0.7866125370789209 36
1747770150568 0.707705473461745 37
1747770150679 0.6302632396542027 38
1747770150791 0.5680282203606771 39
1747770150919 0.5162417056159317 40
1747770151072 0.45548206349423676 41
1747770151222 0.4107831322446507 42
1747770151375 0.3800555388143613 43
1747770151525 0.3520916400784853 44
1747770151675 0.3190993320115064 45
1747770151826 0.29270198227537014 46
1747770151980 0.2727857730023578 47
1747770152130 0.2640023252798423 48
1747770152287 0.24120005201824798 49
