1743856972885 0.4309119981827313 0
1743856996729 0.21129028127021263 1
1743857021083 0.1547274953729301 2
1743857045273 0.12650579759609715 3
1743857069575 0.1068613672254242 4
1743857093721 0.09317561045510984 5
1743857118117 0.08575712683663493 6
1743857142142 0.07707301415271958 7
1743857166014 0.06879334879019594 8
1743857190066 0.0660131610932022 9
1743857214021 0.05920966840865393 10
1743857238016 0.05631142023349479 11
1743857262028 0.05192274150121911 12
1743857286085 0.04848756280905036 13
1743857310003 0.0442277182584891 14
1743857334208 0.04269099324283513 15
1743857358554 0.040572182955070285 16
1743857382603 0.03926130137833079 17
1743857406412 0.034911794513246115 18
1743857430229 0.03430699429416835 19
1743857454251 0.03131688427408777 20
1743857478365 0.029497246399253788 21
1743857502761 0.030377649579510325 22
1743857526529 0.026022730539613348 23
1743857550498 0.024573176027196893 24
1743857575094 0.026244224471671757 25
1743857599236 0.02429782546375619 26
1743857623480 0.024459855757452405 27
1743857647915 0.020133468173147408 28
1743857672264 0.021687166969892063 29
1743857696590 0.018983113602861378 30
1743857720712 0.017332801303484306 31
1743857744811 0.01980582801330289 32
1743857768704 0.019563464700605444 33
1743857792619 0.017193201106724666 34
1743857816941 0.015474346834549778 35
1743857841008 0.01753368734657114 36
1743857864878 0.01616965552954379 37
1743857888905 0.01500964095754353 38
1743857912872 0.018045623904944994 39
1743857936828 0.013986259344492434 40
1743857960703 0.014219832426891706 41
1743857984593 0.014703865915756608 42
1743858008824 0.015225112353979761 43
1743858032873 0.01401232613503085 44
1743858056760 0.014404177880503995 45
1743858080789 0.014393060784915784 46
1743858104778 0.011892978302493919 47
1743858129311 0.015452750734315011 48
1743858153384 0.013541819461680777 49
