1747690945727 0.9147383570671082 0
1747690961099 0.9147891402244568 1
1747690976417 0.9150784015655518 2
1747690992036 0.9151487946510315 3
1747691006893 0.9149729013442993 4
1747691021691 0.9152542948722839 5
1747691036964 0.915226936340332 6
1747691052494 0.9152738451957703 7
1747691068297 0.915457546710968 8
1747691083637 0.9153989553451538 9
1747691099236 0.9153441786766052 10
1747691114655 0.9154692888259888 11
1747691129659 0.9153754711151123 12
1747691145082 0.9152933955192566 13
1747691160741 0.9153832793235779 14
1747691176058 0.9152151942253113 15
1747691190376 0.9153246879577637 16
1747691204783 0.9153012037277222 17
1747691220552 0.9153989553451538 18
1747691236230 0.9153363704681396 19
1747691251823 0.9155279397964478 20
1747691267501 0.9154067635536194 21
1747691283066 0.9153520464897156 22
1747691299059 0.915516197681427 23
1747691314641 0.9155787229537964 24
1747691330241 0.9155357480049133 25
1747691345798 0.9154927134513855 26
1747691361230 0.9155122637748718 27
1747691376575 0.9154653549194336 28
1747691390879 0.9154419302940369 29
1747691406216 0.9155513644218445 30
1747691421663 0.9153832793235779 31
1747691437649 0.9155083894729614 32
1747691453273 0.915574848651886 33
1747691468422 0.915516197681427 34
1747691483502 0.9156295657157898 35
1747691498283 0.9157077074050903 36
1747691513633 0.915688157081604 37
1747691529222 0.9156959652900696 38
1747691544662 0.9156060814857483 39
1747691560375 0.9156334400177002 40
1747691576233 0.9155435562133789 41
1747691591991 0.9156607985496521 42
1747691608041 0.9156529903411865 43
1747691623645 0.9155826568603516 44
1747691639353 0.9156491160392761 45
1747691654784 0.9156607985496521 46
1747691670234 0.9155513644218445 47
1747691685852 0.9156686067581177 48
1747691701069 0.9156725406646729 49
