1747690945728 0.2476567512580661 0
1747690961100 0.2415624091578766 1
1747690976417 0.23996347019294512 2
1747690992037 0.2391783287711038 3
1747691006894 0.2386519200061873 4
1747691021692 0.23839341438619915 5
1747691036964 0.23817553359275967 6
1747691052495 0.2379841470012074 7
1747691068298 0.23793950680585282 8
1747691083638 0.2376731442728867 9
1747691099237 0.23753999033773496 10
1747691114655 0.23750207340769444 11
1747691129660 0.23740047285294474 12
1747691145083 0.23749891067255396 13
1747691160742 0.23721144099591926 14
1747691176058 0.23733331573262498 15
1747691190377 0.2371448409543084 16
1747691204784 0.23723947106630291 17
1747691220553 0.23703634440766347 18
1747691236230 0.23708502795420835 19
1747691251824 0.23695085294903348 20
1747691267502 0.23749730210868442 21
1747691283067 0.2369324467029513 22
1747691299059 0.23664201315100447 23
1747691314642 0.23681673518224378 24
1747691330242 0.2366740370674159 25
1747691345799 0.23675053185145392 26
1747691361231 0.23665763276015014 27
1747691376576 0.2365836140578663 28
1747691390880 0.23676824157949503 29
1747691406216 0.23643085035158534 30
1747691421664 0.23655429709042824 31
1747691437650 0.23643394152106637 32
1747691453274 0.23636270878223464 33
1747691468423 0.23632289972584256 34
1747691483502 0.23624222615443569 35
1747691498284 0.2364701050434527 36
1747691513634 0.2360900952609837 37
1747691529224 0.23619991031817233 38
1747691544662 0.23619275014440197 39
1747691560376 0.23601089851727253 40
1747691576234 0.23603774526360857 41
1747691591991 0.23611138592367062 42
1747691608042 0.23602675423334668 43
1747691623645 0.23607325993526748 44
1747691639354 0.23592399328796226 45
1747691654785 0.23614813379881003 46
1747691670234 0.23587232676117312 47
1747691685852 0.23585648918027802 48
1747691701070 0.23576231476765255 49
