1747570184280 4.521331201477374 0
1747570190074 0.1953563532451536 1
1747570195636 0.15845146801884122 2
1747570200829 0.14656947800537823 3
1747570206511 0.14295268889228313 4
1747570211915 0.14117982750312838 5
1747570217493 0.13923132969647226 6
1747570223105 0.10674022338097074 7
1747570228696 0.06391360467237112 8
1747570234401 0.06042442716100271 9
1747570240268 0.059506040056366755 10
1747570246005 0.05923600268994408 11
1747570251231 0.059004535966872336 12
1747570256520 0.058741385621584506 13
1747570262035 0.05834847333526672 14
1747570267895 0.05793324648539353 15
1747570273501 0.05756640250773148 16
1747570279065 0.05733750691174166 17
1747570284791 0.05718694798648201 18
1747570290316 0.05706917231211485 19
1747570295591 0.05695367233924967 20
1747570301054 0.056845392825384 21
1747570306133 0.05673717456414442 22
1747570311700 0.05663284238371238 23
1747570317293 0.05653454402257648 24
1747570322877 0.05647015392711501 25
1747570328503 0.056381916514693584 26
1747570333956 0.05633830965472375 27
1747570339113 0.056263459812776494 28
1747570344473 0.056226077330239904 29
1747570349864 0.056184027169154875 30
1747570355450 0.05618745890454399 31
1747570361155 0.05613123552362525 32
1747570366869 0.056119801216517856 33
1747570372048 0.05609936893438671 34
1747570377644 0.056080409191990366 35
1747570382722 0.05606815552592115 36
1747570388226 0.05607584856832941 37
1747570393660 0.05604197128441711 38
1747570398496 0.05603934639812176 39
1747570403517 0.05603691343153967 40
1747570408779 0.056036802950193025 41
1747570414116 0.05602492022375464 42
1747570419610 0.05601396397894359 43
1747570425233 0.05601023167408452 44
1747570430870 0.05600523839193851 45
1747570436362 0.05600351764880704 46
1747570442015 0.055993730095783116 47
1747570447252 0.05600107410062285 48
1747570452420 0.05598829072982523 49
