1747570184279 0.479049950838089 0
1747570190073 0.18454405665397644 1
1747570195635 0.17093737423419952 2
1747570200827 0.168606236577034 3
1747570206509 0.16783663630485535 4
1747570211914 0.16853120923042297 5
1747570217492 0.1677117496728897 6
1747570223103 0.15487396717071533 7
1747570228694 0.1251213699579239 8
1747570234399 0.11679486185312271 9
1747570240266 0.11272424459457397 10
1747570246003 0.11258871853351593 11
1747570251229 0.11273565888404846 12
1747570256519 0.11285640299320221 13
1747570262034 0.1131645143032074 14
1747570267893 0.1131167933344841 15
1747570273499 0.11301793158054352 16
1747570279063 0.11231421679258347 17
1747570284790 0.11204301565885544 18
1747570290314 0.11192619800567627 19
1747570295590 0.11217644065618515 20
1747570301052 0.1124304011464119 21
1747570306132 0.11252361536026001 22
1747570311699 0.11245561391115189 23
1747570317292 0.11252817511558533 24
1747570322875 0.1124846488237381 25
1747570328501 0.11222761124372482 26
1747570333955 0.11234702169895172 27
1747570339111 0.1122858002781868 28
1747570344471 0.11231949180364609 29
1747570349862 0.1121644526720047 30
1747570355448 0.11211039125919342 31
1747570361153 0.11219143122434616 32
1747570366867 0.11219820380210876 33
1747570372047 0.11225692182779312 34
1747570377643 0.11221622675657272 35
1747570382720 0.11218364536762238 36
1747570388224 0.11224072426557541 37
1747570393659 0.11216011643409729 38
1747570398494 0.11216359585523605 39
1747570403515 0.11215196549892426 40
1747570408777 0.11221573501825333 41
1747570414114 0.11221574246883392 42
1747570419609 0.1122390404343605 43
1747570425231 0.11228323727846146 44
1747570430869 0.11225643754005432 45
1747570436361 0.11222536116838455 46
1747570442014 0.11224298179149628 47
1747570447250 0.11225811392068863 48
1747570452418 0.11229172348976135 49
