1747770743895 13.340278751964343 0
1747770744050 6.491282796983297 1
1747770744205 5.013553121987739 2
1747770744363 4.3527670149327715 3
1747770744524 2.888709945609704 4
1747770744686 2.118819420034406 5
1747770744831 1.3376777341081663 6
1747770745021 0.9648579480285807 7
1747770745237 0.7646100433962004 8
1747770745454 0.5942322164805314 9
1747770745674 0.5467974882344967 10
1747770745891 0.47805305543669807 11
1747770746110 0.41679026304331657 12
1747770746331 0.4288671526328211 13
1747770746546 0.4351595319925045 14
1747770746762 0.45446081277456335 15
1747770746981 0.40065590558739655 16
1747770747200 0.36600861598052026 17
1747770747414 0.8043824443766919 18
1747770747561 0.4504908205068806 19
1747770747707 0.29234298807024034 20
1747770747859 0.30588644143444726 21
1747770748013 0.36687864118957825 22
1747770748168 0.3092138009206052 23
1747770748327 0.32953259003762925 24
1747770748495 0.4259895980541257 25
1747770748662 0.27900069959305823 26
1747770748827 0.2566531181760869 27
1747770748998 0.27545070623712176 28
1747770749164 0.30706433202666256 29
1747770749332 0.2421326823273655 30
1747770749501 0.25178556921000994 31
1747770749670 0.2500868379898326 32
1747770749838 0.4020244021218554 33
1747770750008 0.4884527384318966 34
1747770750177 0.3650775769471238 35
1747770750335 0.27462369765786593 36
1747770750497 0.28839940053830715 37
1747770750655 0.7007522527204463 38
1747770750813 0.6154506741800849 39
1747770750977 0.4442553774148343 40
1747770751146 0.21564950286248655 41
1747770751368 0.18642752101400545 42
1747770751592 0.19838960743464612 43
1747770751813 0.21401158606833381 44
1747770752034 0.2429691694505657 45
1747770752258 0.25747312063300515 46
1747770752479 0.24897773203483933 47
1747770752702 0.27577871596110975 48
1747770752928 0.21063418749994903 49
