1747771475116 0.2670454680919647 0
1747771475467 0.5346590876579285 1
1747771475807 0.7903409004211426 2
1747771476026 0.9147727489471436 3
1747771476245 0.9352272748947144 4
1747771476487 0.9380682110786438 5
1747771476712 0.956250011920929 6
1747771476964 0.9653409123420715 7
1747771477215 0.9602272510528564 8
1747771477468 0.9511363506317139 9
1747771477719 0.9670454263687134 10
1747771477972 0.9630681872367859 11
1747771478224 0.9727272987365723 12
1747771478478 0.9590908885002136 13
1747771478729 0.9704545736312866 14
1747771478982 0.9710227251052856 15
1747771479234 0.9670454263687134 16
1747771479486 0.9727272987365723 17
1747771479831 0.980681836605072 18
1747771480180 0.9732954502105713 19
1747771480529 0.9710227251052856 20
1747771480836 0.9704545736312866 21
1747771481068 0.9795454740524292 22
1747771481304 0.9727272987365723 23
1747771481540 0.96875 24
1747771481778 0.9738636612892151 25
1747771482016 0.9744318127632141 26
1747771482254 0.981249988079071 27
1747771482492 0.9835227131843567 28
1747771482730 0.9744318127632141 29
1747771482968 0.9750000238418579 30
1747771483206 0.9693182110786438 31
1747771483444 0.9744318127632141 32
1747771483682 0.9789772629737854 33
1747771483922 0.9789772629737854 34
1747771484160 0.981249988079071 35
1747771484400 0.9852272868156433 36
1747771484707 0.9761363863945007 37
1747771485064 0.9755681753158569 38
1747771485415 0.9784091114997864 39
1747771485750 0.9801136255264282 40
1747771485982 0.9784091114997864 41
1747771486218 0.9823863506317139 42
1747771486455 0.981249988079071 43
1747771486693 0.9801136255264282 44
1747771486931 0.9840909242630005 45
1747771487175 0.9818181991577148 46
1747771487423 0.9829545617103577 47
1747771487673 0.981249988079071 48
1747771487927 0.981249988079071 49
