1747771475119 2.8997885576094116 0
1747771475470 1.8454648915514886 1
1747771475809 0.6723837978641789 2
1747771476027 0.2421127509124886 3
1747771476247 0.1702080467878125 4
1747771476489 0.1471577329383845 5
1747771476714 0.11082514193116148 6
1747771476966 0.10061883179082207 7
1747771477217 0.10331807163452798 8
1747771477470 0.12989182608962474 9
1747771477721 0.09437407242472032 10
1747771477974 0.0925966694585604 11
1747771478226 0.07266125913998737 12
1747771478480 0.08798685725270725 13
1747771478732 0.07613248522621185 14
1747771478984 0.07155474703523225 15
1747771479236 0.071551126540808 16
1747771479488 0.05996386154246401 17
1747771479834 0.058300907378234075 18
1747771480183 0.07927070340686827 19
1747771480532 0.06492452397717578 20
1747771480838 0.07246131043338526 21
1747771481069 0.06010764736579155 22
1747771481306 0.0724075568639323 23
1747771481542 0.07928804205552238 24
1747771481780 0.06853311155583285 25
1747771482017 0.06028518129966932 26
1747771482255 0.049124428660938024 27
1747771482493 0.04771186932327347 28
1747771482732 0.06472236094673635 29
1747771482970 0.060329763233972704 30
1747771483208 0.08636452459130614 31
1747771483446 0.06543173174354072 32
1747771483684 0.051683121776494416 33
1747771483923 0.049613499235506994 34
1747771484162 0.047851133778076746 35
1747771484402 0.04872850227304223 36
1747771484710 0.05597503737805088 37
1747771485067 0.08423931089976457 38
1747771485418 0.06437498955974955 39
1747771485752 0.05427471685397129 40
1747771485984 0.05261923095044443 41
1747771486220 0.044745348718661405 42
1747771486457 0.04980338072967584 43
1747771486695 0.048912928237989775 44
1747771486933 0.04718426098619338 45
1747771487177 0.0449910721810581 46
1747771487425 0.04374982305566759 47
1747771487675 0.041945023788536574 48
1747771487929 0.05035007210624376 49
