1747769986245 0.03806818276643753 0
1747769986442 0.07045454531908035 1
1747769986648 0.1096590906381607 2
1747769986898 0.14943182468414307 3
1747769987185 0.19090908765792847 4
1747769987455 0.25681817531585693 5
1747769987725 0.30454546213150024 6
1747769987992 0.34602272510528564 7
1747769988262 0.38352271914482117 8
1747769988532 0.4431818127632141 9
1747769988806 0.47613635659217834 10
1747769989085 0.5039772987365723 11
1747769989284 0.5170454382896423 12
1747769989481 0.511931836605072 13
1747769989679 0.5306817889213562 14
1747769989877 0.5471590757369995 15
1747769990074 0.5789772868156433 16
1747769990275 0.5823863744735718 17
1747769990461 0.5863636136054993 18
1747769990653 0.5892045497894287 19
1747769990851 0.5909090638160706 20
1747769991055 0.6102272868156433 21
1747769991272 0.6187499761581421 22
1747769991519 0.643750011920929 23
1747769991753 0.6448863744735718 24
1747769992025 0.6613636612892151 25
1747769992256 0.6647727489471436 26
1747769992518 0.6715909242630005 27
1747769992735 0.6835227012634277 28
1747769992960 0.6812499761581421 29
1747769993233 0.6886363625526428 30
1747769993639 0.6920454502105713 31
1747769993998 0.6926136612892151 32
1747769994398 0.6977272629737854 33
1747769994755 0.699431836605072 34
1747769995121 0.7039772868156433 35
1747769995421 0.7051136493682861 36
1747769995649 0.7107954621315002 37
1747769995850 0.7181817889213562 38
1747769996063 0.7147727012634277 39
1747769996271 0.7210227251052856 40
1747769996484 0.7210227251052856 41
1747769996702 0.7284091114997864 42
1747769996956 0.7278409004211426 43
1747769997161 0.7340909242630005 44
1747769997374 0.7392045259475708 45
1747769997594 0.7420454621315002 46
1747769997809 0.7681818008422852 47
1747769998019 0.7721590995788574 48
1747769998218 0.7789772748947144 49
