1743853202193 0.28030068786597884 0
1743853224105 0.19787670852309192 1
1743853246129 0.18328719560793785 2
1743853268128 0.17426099100257925 3
1743853290032 0.16778071963461977 4
1743853311933 0.16266451047459893 5
1743853333937 0.158014872087003 6
1743853355813 0.15331571588881507 7
1743853377733 0.14861935576247345 8
1743853399697 0.14363497329354144 9
1743853421649 0.13829725731665146 10
1743853443815 0.13316580297543001 11
1743853465841 0.1278866410939 12
1743853487947 0.12253578551280576 13
1743853509959 0.1177799596598515 14
1743853531827 0.11402132443791356 15
1743853553653 0.11122483812146647 16
1743853575415 0.1084416910529973 17
1743853597180 0.10589649588896852 18
1743853618952 0.10372612895560919 19
1743853640720 0.10184737159963837 20
1743853662716 0.10013056082551405 21
1743853684635 0.09859975235323122 22
1743853706692 0.09712514708358244 23
1743853728742 0.09585406435346683 24
1743853750628 0.094613621373235 25
1743853772659 0.09353568200832384 26
1743853794718 0.09250623583603337 27
1743853816829 0.09150770041136208 28
1743853838908 0.0906826403875258 29
1743853860874 0.0898877734562886 30
1743853882864 0.08890333677440651 31
1743853904700 0.0881274449647714 32
1743853926932 0.08740085671584509 33
1743853948644 0.08683614201126397 34
1743853970498 0.08607094656477861 35
1743853992425 0.08550071672603321 36
1743854014176 0.08484785421791168 37
1743854035817 0.08435281857136488 38
1743854057610 0.08399767754208683 39
1743854079611 0.08351628201060297 40
1743854101529 0.08313548069815191 41
1743854123281 0.08282614312972993 42
1743854145024 0.08239188948865993 43
1743854166772 0.08193561640848666 44
1743854188522 0.08155711378580448 45
1743854210378 0.0811779636761374 46
1743854232369 0.08086795819210194 47
1743854254341 0.08055897734485762 48
1743854276310 0.08026096306050318 49
