1747771850497 0.3068181872367859 0
1747771850755 0.6227272748947144 1
1747771851103 0.8142045736312866 2
1747771851452 0.875 3
1747771851801 0.9198863506317139 4
1747771852087 0.9170454740524292 5
1747771852320 0.9414772987365723 6
1747771852559 0.9392045736312866 7
1747771852801 0.9232954382896423 8
1747771853044 0.9454545378684998 9
1747771853289 0.9329545497894287 10
1747771853532 0.9545454382896423 11
1747771853776 0.9556818008422852 12
1747771854020 0.9522727131843567 13
1747771854265 0.9556818008422852 14
1747771854508 0.9522727131843567 15
1747771854753 0.9573863744735718 16
1747771854997 0.9602272510528564 17
1747771855242 0.9681817889213562 18
1747771855486 0.9619318246841431 19
1747771855753 0.9596590995788574 20
1747771856103 0.9556818008422852 21
1747771856454 0.9624999761581421 22
1747771856805 0.9517045617103577 23
1747771857079 0.956250011920929 24
1747771857314 0.9590908885002136 25
1747771857556 0.9613636136054993 26
1747771857800 0.9653409123420715 27
1747771858044 0.9551136493682861 28
1747771858289 0.9613636136054993 29
1747771858534 0.9653409123420715 30
1747771858781 0.9624999761581421 31
1747771859026 0.9590908885002136 32
1747771859272 0.9693182110786438 33
1747771859517 0.9664772748947144 34
1747771859763 0.9704545736312866 35
1747771860008 0.9732954502105713 36
1747771860254 0.9710227251052856 37
1747771860498 0.9710227251052856 38
1747771860788 0.9704545736312866 39
1747771861139 0.9659090638160706 40
1747771861492 0.9670454263687134 41
1747771861845 0.9624999761581421 42
1747771862088 0.9732954502105713 43
1747771862319 0.9715909361839294 44
1747771862546 0.9676136374473572 45
1747771862777 0.9693182110786438 46
1747771863008 0.9755681753158569 47
1747771863240 0.9664772748947144 48
1747771863471 0.9596590995788574 49
