1747771499283 2.885430485333571 0
1747771499592 1.7209091273091186 1
1747771499950 0.515376845034916 2
1747771500308 0.24129338610049658 3
1747771500652 0.18288308082641055 4
1747771500897 0.16202608289093873 5
1747771501150 0.16418689950366638 6
1747771501406 0.1321147645615989 7
1747771501662 0.09749822175090941 8
1747771501919 0.09424708728806734 9
1747771502175 0.102005959746672 10
1747771502431 0.08136475920209112 11
1747771502688 0.08202457812883697 12
1747771502944 0.08400333794787974 13
1747771503195 0.08533123983861114 14
1747771503451 0.07612102557642463 15
1747771503710 0.07878747837272744 16
1747771503969 0.08636007925119495 17
1747771504228 0.07565319659990141 18
1747771504536 0.11906412601252879 19
1747771504894 0.08757867546655144 20
1747771505250 0.06460861856815667 21
1747771505604 0.069830243576103 22
1747771505846 0.06428315979625993 23
1747771506098 0.06167370288839624 24
1747771506355 0.056781832627528714 25
1747771506612 0.05702690460784747 26
1747771506870 0.0604381483966469 27
1747771507127 0.058907078533344044 28
1747771507387 0.08194740294589 29
1747771507645 0.07624627938720248 30
1747771507906 0.0568793301002402 31
1747771508164 0.052569355167235585 32
1747771508424 0.05820860043903049 33
1747771508685 0.05299800544514852 34
1747771508943 0.0581361617351645 35
1747771509203 0.05677096063672323 36
1747771509513 0.07936776462894288 37
1747771509870 0.06903252309091082 38
1747771510225 0.08936548894143369 39
1747771510578 0.06514569297458603 40
1747771510820 0.05895040355552591 41
1747771511073 0.04563153586928164 42
1747771511325 0.04662621426375585 43
1747771511580 0.046842520736577846 44
1747771511830 0.04453547621079042 45
1747771512085 0.051303866672337 46
1747771512345 0.056201325075710205 47
1747771512605 0.06855751636413333 48
1747771512864 0.05026250077357248 49
