1747770329297 0.8897727131843567 0
1747770329556 0.9022727012634277 1
1747770329770 0.9125000238418579 2
1747770330007 0.9272727370262146 3
1747770330215 0.9346590638160706 4
1747770330450 0.9357954263687134 5
1747770330658 0.9426136612892151 6
1747770330895 0.9375 7
1747770331102 0.9471591114997864 8
1747770331339 0.9403409361839294 9
1747770331613 0.9448863863945007 10
1747770331819 0.9477272629737854 11
1747770332057 0.9477272629737854 12
1747770332327 0.9511363506317139 13
1747770332617 0.9482954740524292 14
1747770332940 0.949999988079071 15
1747770333232 0.9596590995788574 16
1747770333551 0.9551136493682861 17
1747770333803 0.9613636136054993 18
1747770334005 0.9596590995788574 19
1747770334238 0.9607954621315002 20
1747770334485 0.9636363387107849 21
1747770334712 0.9590908885002136 22
1747770334958 0.9653409123420715 23
1747770335172 0.9579545259475708 24
1747770335417 0.9642045497894287 25
1747770335656 0.9670454263687134 26
1747770335895 0.9607954621315002 27
1747770336140 0.9636363387107849 28
1747770336351 0.9653409123420715 29
1747770336596 0.9693182110786438 30
1747770336839 0.9670454263687134 31
1747770337084 0.9676136374473572 32
1747770337320 0.9693182110786438 33
1747770337652 0.96875 34
1747770337957 0.9698863625526428 35
1747770338276 0.9624999761581421 36
1747770338572 0.9659090638160706 37
1747770338789 0.9630681872367859 38
1747770339038 0.9676136374473572 39
1747770339258 0.9710227251052856 40
1747770339499 0.9670454263687134 41
1747770339714 0.9676136374473572 42
1747770339947 0.9636363387107849 43
1747770340210 0.9619318246841431 44
1747770340419 0.9596590995788574 45
1747770340657 0.9647727012634277 46
1747770340873 0.9698863625526428 47
1747770341106 0.9653409123420715 48
1747770341370 0.9624999761581421 49
