1747770329299 0.3008328762935769 0
1747770329559 0.2523381208141079 1
1747770329771 0.22858065938466912 2
1747770330009 0.19079066861865143 3
1747770330217 0.18446589476893785 4
1747770330452 0.1711137412557841 5
1747770330659 0.16484408620170668 6
1747770330897 0.16470279245606292 7
1747770331103 0.14773654707612144 8
1747770331341 0.1566815705086113 9
1747770331615 0.15224665872282686 10
1747770331821 0.14347901480781441 11
1747770332059 0.13428612363378165 12
1747770332330 0.12944639003394573 13
1747770332620 0.137596894744818 14
1747770332943 0.12546629844961635 15
1747770333234 0.11803985962974736 16
1747770333554 0.1195544542183922 17
1747770333805 0.11498193889665756 18
1747770334007 0.10790640508312706 19
1747770334240 0.1132938971451769 20
1747770334487 0.10441346505963932 21
1747770334714 0.10744281176265665 22
1747770334961 0.10892617430638472 23
1747770335174 0.11020878693121135 24
1747770335419 0.09985780384365006 25
1747770335659 0.09789270403980894 26
1747770335896 0.11230138939829593 27
1747770336142 0.09928188729963873 28
1747770336353 0.10228091217494571 29
1747770336598 0.09576396099527688 30
1747770336841 0.09334129566828943 31
1747770337086 0.10041538277139105 32
1747770337323 0.094987717110123 33
1747770337655 0.09408090818603125 34
1747770337959 0.08417603272029672 35
1747770338279 0.09711299988017061 36
1747770338574 0.09333171238409756 37
1747770338791 0.10223053405289453 38
1747770339040 0.08636230893626344 39
1747770339260 0.08119433987146223 40
1747770339501 0.08658292148402304 41
1747770339716 0.09298183208804438 42
1747770339949 0.09715555998375354 43
1747770340212 0.09524348270096332 44
1747770340422 0.09924994803507062 45
1747770340659 0.08676684845076578 46
1747770340875 0.09108300524836874 47
1747770341108 0.10233363696459583 48
1747770341372 0.10211247527234898 49
