1747770734558 2527.685069120722 0
1747770734771 644.5525406848649 1
1747770734972 180.74179399516873 2
1747770735110 66.86163599867804 3
1747770735252 27.406963194399648 4
1747770735399 11.18661451789826 5
1747770735557 7.814522314537341 6
1747770735712 6.193275770655627 7
1747770735869 5.085584335964305 8
1747770736030 4.392055364917374 9
1747770736187 3.4888100304548986 10
1747770736344 2.7739690947325535 11
1747770736504 1.9428114697557597 12
1747770736662 1.4200625498555262 13
1747770736818 1.0197970301622303 14
1747770736978 0.8102936155393357 15
1747770737136 0.7052581691217188 16
1747770737293 0.6116455975976818 17
1747770737453 0.5508865181969319 18
1747770737612 0.5092118971257584 19
1747770737771 0.4461818562079336 20
1747770737924 0.4287949670255921 21
1747770738074 0.3989262086803807 22
1747770738225 0.3747448332931855 23
1747770738382 0.3829286688024746 24
1747770738536 0.344869466702222 25
1747770738693 0.33527124113566387 26
1747770738908 0.31961273688979613 27
1747770739127 0.3381615543789533 28
1747770739344 0.3132894780179849 29
1747770739579 0.2936578225239049 30
1747770739822 0.28049082402246867 31
1747770740035 0.2930067319702057 32
1747770740261 0.27652469140196984 33
1747770740475 0.2609526699160506 34
1747770740686 0.25351169361749 35
1747770740903 0.2437044433761703 36
1747770741118 0.24588751263650524 37
1747770741280 0.25436414426527926 38
1747770741435 0.25862945056048947 39
1747770741591 0.24879178695642462 40
1747770741754 0.26369974557626047 41
1747770741931 0.23450316162376822 42
1747770742087 0.23206679738657182 43
1747770742245 0.21663714145616092 44
1747770742401 0.20971865991943112 45
1747770742559 0.21068056916718203 46
1747770742720 0.23240635445810737 47
1747770742879 0.22711312626899957 48
1747770743027 0.184449655422561 49
