1747717296900 0.263634282264057 0
1747717313159 0.2387891099145286 1
1747717329403 0.23808577888310206 2
1747717345319 0.23793984314869732 3
1747717361518 0.2377372403941748 4
1747717377614 0.2376203597532629 5
1747717393753 0.23763093965906168 6
1747717409990 0.23743340969913473 7
1747717426426 0.23740848478685506 8
1747717443147 0.237247083857827 9
1747717459534 0.23733793487446164 10
1747717475842 0.23719085032981926 11
1747717492090 0.23721979929689507 12
1747717508453 0.2370071089049923 13
1747717524911 0.23702707369414225 14
1747717541269 0.23705387140704925 15
1747717557424 0.23701880460023206 16
1747717573607 0.23702056344340083 17
1747717589750 0.2368498322130776 18
1747717606367 0.23696195735386466 19
1747717622845 0.23685698273135625 20
1747717639523 0.2367497560320157 21
1747717655006 0.23687440975559182 22
1747717670256 0.23671875869096973 23
1747717686565 0.23659673642612689 24
1747717703486 0.2367348663428505 25
1747717719695 0.23674209675903585 26
1747717736158 0.23670848220117052 27
1747717752031 0.2366001262261686 28
1747717768129 0.23649889682794695 29
1747717783771 0.23667136387256016 30
1747717799585 0.2366424106402942 31
1747717815532 0.2365046023516793 32
1747717831807 0.23644890446060154 33
1747717848094 0.23651713864327306 34
1747717864873 0.23642171853843458 35
1747717881223 0.23642172438049538 36
1747717897685 0.2363824729570875 37
1747717914074 0.2363797770449658 38
1747717930422 0.23635804348059863 39
1747717946811 0.23625404011543072 40
1747717963703 0.23627217802935116 41
1747717980040 0.2363101596811013 42
1747717996302 0.23620803870489668 43
1747718012690 0.23620379792811744 44
1747718029551 0.23622245530551886 45
1747718045040 0.23617253597625398 46
1747718060448 0.23617943013549725 47
1747718077460 0.2361789768807261 48
1747718093262 0.236117502670324 49
