1747606711023 0.2778076359772001 0
1747606873927 0.24123700059702397 1
1747607035335 0.2398197170795126 2
1747607197177 0.23930670401353865 3
1747607357234 0.2389105755069623 4
1747607436284 0.2386494782590071 5
1747607486809 0.23821150418990067 6
1747607536713 0.2380585251950145 7
1747607586811 0.23782412203810435 8
1747607637929 0.23783512863358058 9
1747607689692 0.23757746946203528 10
1747607739138 0.23771461767306729 11
1747607790862 0.23759469962288968 12
1747607834772 0.2374615479186255 13
1747607875721 0.23741044711186216 14
1747607916173 0.23741694236913297 15
1747607956901 0.23735600918541133 16
1747607997554 0.2372899795268003 17
1747608037779 0.23732160095332863 18
1747608077819 0.23734790925704732 19
1747608117598 0.23720305330971145 20
1747608157819 0.2372424519162984 21
1747608198277 0.23724234164667682 22
1747608238760 0.23711718993194805 23
1747608278789 0.2371704695345613 24
1747608317622 0.23710163129201753 25
1747608357716 0.2371054491910487 26
1747608398401 0.23711877219510946 27
1747608439400 0.2371150530330074 28
1747608480521 0.23704791691295654 29
1747608521617 0.2370434202140882 30
1747608562520 0.23710890758869652 31
1747608602453 0.23709984058753217 32
1747608643320 0.23703946144432775 33
1747608684154 0.23689992815599942 34
1747608725046 0.23697662098686562 35
1747608764661 0.23698398018280384 36
1747608802954 0.2370319478003097 37
1747608843973 0.23702419461137156 38
1747608884630 0.23704191339222114 39
1747608924932 0.23692652154662527 40
1747608965667 0.23698931482418784 41
1747609006647 0.23688779031111878 42
1747609047553 0.23695385723067738 43
1747609088566 0.23688064110628715 44
1747609129243 0.23685470904813716 45
1747609169254 0.23685408574339298 46
1747609210264 0.23691753846649555 47
1747609248412 0.23690283271324908 48
1747609289075 0.23689392595335235 49
