1747734736018 0.2473348476439564 0
1747734753079 0.2411633468104093 1
1747734769989 0.2407702857257336 2
1747734786904 0.23919291202097606 3
1747734804264 0.2389815220894247 4
1747734821219 0.2383021560820444 5
1747734838438 0.23814788262957484 6
1747734855197 0.238060391912266 7
1747734872228 0.23808854449424732 8
1747734889183 0.23821127586584204 9
1747734906184 0.23763734362330288 10
1747734923416 0.23745268617215728 11
1747734940291 0.23762145544555074 12
1747734957617 0.23864441264262787 13
1747734974603 0.2371517107732362 14
1747734991666 0.23718847789167039 15
1747735008790 0.23711569512750175 16
1747735025600 0.23712903219004947 17
1747735042661 0.23803641557991537 18
1747735059355 0.23664432946983108 19
1747735076335 0.23673870270615413 20
1747735093430 0.23681974936661734 21
1747735110460 0.2368632886374013 22
1747735128010 0.23675437686089384 23
1747735145050 0.23667840733183015 24
1747735162335 0.23664837937325414 25
1747735179083 0.2365934810344223 26
1747735196197 0.23652681666275693 27
1747735213069 0.2364321509255189 28
1747735229905 0.23646973497377918 29
1747735247299 0.23674511470511023 30
1747735264254 0.2362996892705938 31
1747735281163 0.23637727370950598 32
1747735298297 0.23631029043554808 33
1747735315271 0.23631616766564018 34
1747735332873 0.23618421427136196 35
1747735349783 0.23620083862291025 36
1747735367216 0.23691931286417695 37
1747735384322 0.236637367904657 38
1747735401934 0.23609059658288784 39
1747735419025 0.23611410889299458 40
1747735436310 0.23607686374600237 41
1747735453265 0.23609815529390676 42
1747735470369 0.2380443978686285 43
1747735487421 0.23601810562451392 44
1747735504963 0.23606113296208867 45
1747735522241 0.23585945253212148 46
1747735539090 0.23590575946778478 47
1747735556133 0.23582698871681948 48
1747735573128 0.23572609320325635 49
