1743788673985 0.45037308823209155 0
1743788700585 0.1781795858415802 1
1743788725969 0.12952259647974976 2
1743788767030 0.11194947079580646 3
1743788940217 0.09613901981460783 4
1743789113371 0.08267868861694283 5
1743789286656 0.07294846772538524 6
1743789460095 0.06623760964447992 7
1743789633857 0.059206786351454155 8
1743789807388 0.054104636429560406 9
1743789980494 0.05132689762059524 10
1743790154150 0.04719976316206231 11
1743790327789 0.04151198725767391 12
1743790501369 0.040356211895997064 13
1743790674917 0.036775579771610556 14
1743790847547 0.03734985877869471 15
1743791021030 0.0344817861518443 16
1743791194598 0.03237049492950681 17
1743791368425 0.030818956413209614 18
1743791542259 0.02855866447180848 19
1743791715595 0.025888863143153078 20
1743791889197 0.028070670424542254 21
1743792062850 0.02480269648517232 22
1743792236516 0.02373112307832522 23
1743792409454 0.025661801048408626 24
1743792582499 0.02180191058532741 25
1743792756030 0.02224177277836365 26
1743792929280 0.022228045378804222 27
1743793102444 0.020987197660369845 28
1743793226477 0.021066210051918225 29
1743793251909 0.01911857856017028 30
1743793277113 0.01728335720698929 31
1743793302256 0.019778083051140965 32
1743793327663 0.013999368247620766 33
1743793353033 0.020948985569965953 34
1743793378576 0.020175778887810157 35
1743793403847 0.01739336445795337 36
1743793429060 0.01675803887936132 37
1743793454511 0.016439970113646438 38
1743793479836 0.017656499239741448 39
1743793505000 0.014108902828112247 40
1743793530208 0.019364352364345704 41
1743793555654 0.016567865662239372 42
1743793581146 0.016104356416599894 43
1743793606513 0.01659103330106914 44
1743793631766 0.014115518871198636 45
1743793657082 0.013905567329557432 46
1743793682349 0.014418052776242935 47
1743793707499 0.018850729163923965 48
1743793732855 0.01162700304554414 49
