1743975621574 0.279034855194017 0
1743975653708 0.26705897140047563 1
1743975685116 0.26293660823106185 2
1743975716867 0.23288003678848462 3
1743975748766 0.20830744149886182 4
1743975781013 0.19243670347556183 5
1743975812969 15.66470300469883 6
1743975844244 0.2104448753129028 7
1743975876685 0.20118897464399502 8
1743975908684 0.1955435524139395 9
1743975940107 0.1899996860325295 10
1743975972048 0.18469510229140676 11
1743976004096 0.17905068963910037 12
1743976036329 0.17451129470103532 13
1743976068310 0.1703020062969633 14
1743976099962 0.1664333028941586 15
1743976132266 0.16267811198913082 16
1743976164161 0.1592998718151798 17
1743976195515 0.1558349779246867 18
1743976227558 0.1521810111870777 19
1743976260077 0.1491934982227553 20
1743976292215 0.1458444933330911 21
1743976324710 43628.40619875602 22
1743976356158 0.7988123918842697 23
1743976388356 0.40757112939183204 24
1743976420479 314.25802666328514 25
1743976451590 1.3489755966378771 26
1743976483838 0.47629890129208124 27
1743976516118 0.34321933665975257 28
1743976548395 0.31302666040602245 29
1743976580434 0.3222894705208761 30
1743976612165 4201.983460258842 31
1743976644607 1.505772786535836 32
1743976676738 637.665982615273 33
1743976707807 1.6712538687229526 34
1743976739838 0.3355915038367846 35
1743976771739 0.31130077828939956 36
1743976803517 0.30232251041401753 37
1743976835743 0.3225160215897061 38
1743976867552 19.22637502611454 39
1743976900012 20.221186326468366 40
1743976932440 1.1818286801921094 41
1743976963595 0.2773478877185768 42
1743976995523 0.2745036489496931 43
1743977027338 0.27018395547659363 44
1743977058792 3140.978648569632 45
1743977091152 2.2130114232699527 46
1743977123220 0.3448698091266285 47
1743977155534 0.29030753272962606 48
1743977187579 0.27437151116875463 49
