1747771968710 0.4017045497894287 0
1747771968909 0.5914772748947144 1
1747771969104 0.8363636136054993 2
1747771969302 0.9096590876579285 3
1747771969499 0.925568163394928 4
1747771969697 0.9409090876579285 5
1747771969895 0.9170454740524292 6
1747771970095 0.9397727251052856 7
1747771970293 0.9465909004211426 8
1747771970493 0.9511363506317139 9
1747771970692 0.9522727131843567 10
1747771970892 0.9306818246841431 11
1747771971093 0.9448863863945007 12
1747771971295 0.9534090757369995 13
1747771971497 0.9659090638160706 14
1747771971699 0.9414772987365723 15
1747771971901 0.9539772868156433 16
1747771972103 0.9619318246841431 17
1747771972306 0.9585227370262146 18
1747771972584 0.9590908885002136 19
1747771972869 0.9681817889213562 20
1747771973155 0.9630681872367859 21
1747771973442 0.9647727012634277 22
1747771973687 0.9659090638160706 23
1747771973892 0.9596590995788574 24
1747771974100 0.9602272510528564 25
1747771974308 0.9619318246841431 26
1747771974524 0.9647727012634277 27
1747771974733 0.9670454263687134 28
1747771974942 0.9647727012634277 29
1747771975152 0.9698863625526428 30
1747771975361 0.9653409123420715 31
1747771975570 0.956818163394928 32
1747771975781 0.9590908885002136 33
1747771975994 0.9505681991577148 34
1747771976198 0.9738636612892151 35
1747771976404 0.9710227251052856 36
1747771976610 0.9630681872367859 37
1747771976816 0.9670454263687134 38
1747771977023 0.9710227251052856 39
1747771977229 0.9750000238418579 40
1747771977500 0.9624999761581421 41
1747771977783 0.9653409123420715 42
1747771978068 0.9676136374473572 43
1747771978368 0.9727272987365723 44
1747771978617 0.9721590876579285 45
1747771978820 0.9761363863945007 46
1747771979028 0.9636363387107849 47
1747771979229 0.9715909361839294 48
1747771979435 0.9738636612892151 49
