1743903504041 0.31598594784736633 0
1743903527187 0.24959057569503784 1
1743903550237 0.23392991721630096 2
1743903573387 0.2233620136976242 3
1743903596554 0.21289823949337006 4
1743903619830 0.20343109965324402 5
1743903642813 0.1943676471710205 6
1743903665721 0.18658021092414856 7
1743903688783 0.18012255430221558 8
1743903712223 0.1757286638021469 9
1743903735798 0.17057842016220093 10
1743903758814 0.16684795916080475 11
1743903781826 0.16340619325637817 12
1743903804890 0.16036300361156464 13
1743903827688 0.158194899559021 14
1743903850472 0.15638957917690277 15
1743903873544 0.154031902551651 16
1743903896695 0.152367502450943 17
1743903919830 0.1503186672925949 18
1743903943164 0.1492971032857895 19
1743903966693 0.1470288783311844 20
1743903990131 0.14583896100521088 21
1743904013479 0.14408530294895172 22
1743904036223 0.1434747725725174 23
1743904059190 0.14242801070213318 24
1743904082490 0.14084644615650177 25
1743904105610 0.14148253202438354 26
1743904128509 0.1392793506383896 27
1743904151640 0.13851387798786163 28
1743904174743 0.137515589594841 29
1743904197698 0.13727344572544098 30
1743904221297 0.13652752339839935 31
1743904244553 0.13624662160873413 32
1743904268239 0.1349269300699234 33
1743904291708 0.13439401984214783 34
1743904315442 0.1342998743057251 35
1743904338674 0.13351048529148102 36
1743904362239 0.13282683491706848 37
1743904385941 0.1327688992023468 38
1743904408760 0.13328316807746887 39
1743904431895 0.13235391676425934 40
1743904455252 0.13189613819122314 41
1743904478918 0.13164125382900238 42
1743904502188 0.13112157583236694 43
1743904525326 0.13067597150802612 44
1743904548904 0.13080620765686035 45
1743904572700 0.13021168112754822 46
1743904596324 0.12969771027565002 47
1743904619992 0.12943406403064728 48
1743904643468 0.1292797029018402 49
