1743903504042 0.2650522931936344 0
1743903527188 0.1962945539356629 1
1743903550238 0.1784409925625768 2
1743903573388 0.16560973289418487 3
1743903596556 0.15305139165430848 4
1743903619831 0.14143852821575575 5
1743903642814 0.13060629119955677 6
1743903665722 0.12167920070219071 7
1743903688784 0.11415436563716483 8
1743903712224 0.10859816991647257 9
1743903735800 0.10317130848506441 10
1743903758816 0.09882856402505324 11
1743903781827 0.09509750039639984 12
1743903804891 0.09175198947201242 13
1743903827689 0.08926836835857341 14
1743903850473 0.08737548211639926 15
1743903873545 0.0849757559717448 16
1743903896696 0.08325022210234324 17
1743903919831 0.0812598667492407 18
1743903943165 0.07996261744227706 19
1743903966694 0.07799082333758076 20
1743903990132 0.07661293300850958 21
1743904013481 0.07510920887640857 22
1743904036225 0.07424472455303947 23
1743904059191 0.07322387159026066 24
1743904082491 0.07200592129583559 25
1743904105611 0.07213434513537677 26
1743904128511 0.07048340650939863 27
1743904151641 0.06968016499843949 28
1743904174745 0.06886770622439406 29
1743904197699 0.06843899904020205 30
1743904221298 0.0678546163169738 31
1743904244554 0.06737365099013531 32
1743904268240 0.06636840798028995 33
1743904291709 0.06588112601001338 34
1743904315444 0.0656402261032261 35
1743904338676 0.06505744365099103 36
1743904362240 0.0644741497422159 37
1743904385943 0.06428946295491889 38
1743904408761 0.06458438343926066 39
1743904431897 0.06388872313378026 40
1743904455254 0.06332739937689842 41
1743904478919 0.06304791662719135 42
1743904502189 0.06263959125145772 43
1743904525327 0.06223609071925834 44
1743904548905 0.062228714062359775 45
1743904572701 0.06181466597160514 46
1743904596325 0.061503348584836096 47
1743904619993 0.061123581643609495 48
1743904643469 0.06096217154781296 49
