1747771317925 nan 0
1747771318191 nan 1
1747771318457 nan 2
1747771318723 nan 3
1747771318988 nan 4
1747771319256 nan 5
1747771319526 nan 6
1747771319794 nan 7
1747771320069 nan 8
1747771320340 nan 9
1747771320548 nan 10
1747771320731 nan 11
1747771320919 nan 12
1747771321109 nan 13
1747771321314 nan 14
1747771321526 nan 15
1747771321729 nan 16
1747771321928 nan 17
1747771322121 nan 18
1747771322314 nan 19
1747771322507 nan 20
1747771322705 nan 21
1747771322909 nan 22
1747771323113 nan 23
1747771323318 nan 24
1747771323525 nan 25
1747771323726 nan 26
1747771323933 nan 27
1747771324135 nan 28
1747771324401 nan 29
1747771324678 nan 30
1747771324952 nan 31
1747771325220 nan 32
1747771325457 nan 33
1747771325641 nan 34
1747771325830 nan 35
1747771326023 nan 36
1747771326227 nan 37
1747771326430 nan 38
1747771326634 nan 39
1747771326840 nan 40
1747771327039 nan 41
1747771327232 nan 42
1747771327428 nan 43
1747771327624 nan 44
1747771327818 nan 45
1747771328014 nan 46
1747771328209 nan 47
1747771328420 nan 48
1747771328631 nan 49
