1747771946038 0.39318183064460754 0
1747771946248 0.6085227131843567 1
1747771946452 0.8340908885002136 2
1747771946655 0.918181836605072 3
1747771946861 0.9028409123420715 4
1747771947064 0.9261363744735718 5
1747771947264 0.9272727370262146 6
1747771947458 0.9448863863945007 7
1747771947718 0.9465909004211426 8
1747771947987 0.9545454382896423 9
1747771948256 0.9448863863945007 10
1747771948524 0.9369317889213562 11
1747771948786 0.956250011920929 12
1747771948978 0.9556818008422852 13
1747771949173 0.9636363387107849 14
1747771949376 0.9477272629737854 15
1747771949581 0.9375 16
1747771949783 0.9471591114997864 17
1747771949980 0.9619318246841431 18
1747771950179 0.9505681991577148 19
1747771950379 0.9630681872367859 20
1747771950579 0.9613636136054993 21
1747771950780 0.9647727012634277 22
1747771950987 0.9659090638160706 23
1747771951184 0.9556818008422852 24
1747771951382 0.956818163394928 25
1747771951580 0.9642045497894287 26
1747771951787 0.9602272510528564 27
1747771951985 0.9676136374473572 28
1747771952185 0.9596590995788574 29
1747771952392 0.9670454263687134 30
1747771952641 0.9653409123420715 31
1747771952916 0.9596590995788574 32
1747771953192 0.9624999761581421 33
1747771953469 0.9721590876579285 34
1747771953726 0.9732954502105713 35
1747771953930 0.9784091114997864 36
1747771954134 0.9670454263687134 37
1747771954341 0.9693182110786438 38
1747771954548 0.9744318127632141 39
1747771954755 0.9704545736312866 40
1747771954962 0.9659090638160706 41
1747771955170 0.9511363506317139 42
1747771955378 0.9636363387107849 43
1747771955586 0.9624999761581421 44
1747771955793 0.9721590876579285 45
1747771956000 0.9698863625526428 46
1747771956208 0.9528409242630005 47
1747771956415 0.9642045497894287 48
1747771956624 0.9647727012634277 49
