1743854487815 0.25619903206825256 0
1743854510008 0.24527885019779205 1
1743854531721 0.24089723825454712 2
1743854553547 0.23750418424606323 3
1743854575553 0.23524156212806702 4
1743854597648 0.23246563971042633 5
1743854619684 0.23073601722717285 6
1743854641703 0.22877828776836395 7
1743854663614 0.22674591839313507 8
1743854685537 0.2269873023033142 9
1743854707593 0.22372975945472717 10
1743854729541 0.2219487875699997 11
1743854751717 0.22115403413772583 12
1743854773873 0.22027935087680817 13
1743854795809 0.21923314034938812 14
1743854817749 0.2184513360261917 15
1743854839707 0.21695125102996826 16
1743854861837 0.21729198098182678 17
1743854884051 0.21466711163520813 18
1743854905942 0.21582497656345367 19
1743854927811 0.21227608621120453 20
1743854949698 0.21279402077198029 21
1743854971802 0.2122509628534317 22
1743854993852 0.21135185658931732 23
1743855015787 0.21034708619117737 24
1743855037595 0.21144086122512817 25
1743855059558 0.2108248919248581 26
1743855081633 0.2078932672739029 27
1743855103628 0.2074040174484253 28
1743855125629 0.2082758992910385 29
1743855147590 0.2065342664718628 30
1743855169407 0.20499901473522186 31
1743855191002 0.20536917448043823 32
1743855213024 0.20458973944187164 33
1743855235012 0.20383085310459137 34
1743855257082 0.20367850363254547 35
1743855279259 0.20254410803318024 36
1743855301161 0.20214328169822693 37
1743855322917 0.20161695778369904 38
1743855344855 0.20163513720035553 39
1743855366781 0.2009812891483307 40
1743855388719 0.20132127404212952 41
1743855410660 0.1997966766357422 42
1743855432510 0.1992090493440628 43
1743855454566 0.19891807436943054 44
1743855476578 0.19749414920806885 45
1743855498657 0.19709263741970062 46
1743855520877 0.1954108625650406 47
1743855543024 0.19591620564460754 48
1743855565006 0.19373242557048798 49
