1747598668111 0.09442630410194397 0
1747598676797 0.028243113309144974 1
1747598685521 0.017952272668480873 2
1747598694048 0.015017731115221977 3
1747598703186 0.014036168344318867 4
1747598711871 0.0131738455966115 5
1747598720822 0.013050694949924946 6
1747598729203 0.01245901919901371 7
1747598737785 0.012221741490066051 8
1747598746691 0.011608440428972244 9
1747598755211 0.01106481533497572 10
1747598763478 0.011174935847520828 11
1747598772137 0.010280933231115341 12
1747598780900 0.010447732172906399 13
1747598789454 0.009748725220561028 14
1747598798490 0.009922606870532036 15
1747598807093 0.00978266354650259 16
1747598815900 0.00960566382855177 17
1747598824588 0.009351998567581177 18
1747598833213 0.009075090289115906 19
1747598842335 0.009007974527776241 20
1747598850894 0.00897519662976265 21
1747598859356 0.00892916414886713 22
1747598868290 0.008372613228857517 23
1747598876616 0.008807139471173286 24
1747598885409 0.008324386551976204 25
1747598894337 0.008550018072128296 26
1747598903073 0.00780636677518487 27
1747598911992 0.00816962867975235 28
1747598920369 0.00807089451700449 29
1747598929079 0.00789684522897005 30
1747598938116 0.007773229852318764 31
1747598946618 0.007515843957662582 32
1747598955207 0.007624051067978144 33
1747598963961 0.00789287406951189 34
1747598972191 0.0071788365021348 35
1747598980728 0.007479734253138304 36
1747598989564 0.007432413287460804 37
1747598998000 0.007414764724671841 38
1747599007008 0.007060681469738483 39
1747599015526 0.006895396858453751 40
1747599023947 0.0070640831254422665 41
1747599032795 0.006917512509971857 42
1747599041701 0.006958452984690666 43
1747599050244 0.006943799089640379 44
1747599059395 0.006450662389397621 45
1747599067979 0.006955692544579506 46
1747599076827 0.006519774906337261 47
1747599085565 0.00659897131845355 48
1747599093842 0.006796383298933506 49
