1747572950928 0.12429261952638626 0
1747572956442 0.010710036382079124 1
1747572961949 0.00427808053791523 2
1747572967555 0.004047352820634842 3
1747572973172 0.003929028287529945 4
1747572978690 0.003903822973370552 5
1747572983831 0.003773361910134554 6
1747572989002 0.0038334354758262634 7
1747572994538 0.0037012102548033 8
1747573000344 0.00380519381724298 9
1747573006008 0.0035594801884144545 10
1747573011601 0.003556128591299057 11
1747573017314 0.0034821233712136745 12
1747573023049 0.0034176832996308804 13
1747573028754 0.003480399725958705 14
1747573034478 0.0034465447533875704 15
1747573039994 0.003368476638570428 16
1747573045186 0.0033999071456491947 17
1747573050662 0.003273860551416874 18
1747573056144 0.003292479319497943 19
1747573061725 0.0032171213533729315 20
1747573067542 0.003175975987687707 21
1747573073236 0.0031829967629164457 22
1747573078918 0.0031228275038301945 23
1747573084714 0.0031462074257433414 24
1747573090009 0.0030180420726537704 25
1747573095224 0.003100659465417266 26
1747573100755 0.0030587147921323776 27
1747573106563 0.0030241492204368114 28
1747573112291 0.003106616670265794 29
1747573117773 0.002931691240519285 30
1747573123477 0.0029546928126364946 31
1747573129239 0.0029876644257456064 32
1747573134696 0.0029509023297578096 33
1747573139880 0.0029439651407301426 34
1747573145000 0.0028530294075608253 35
1747573150770 0.002889589173719287 36
1747573156526 0.0028924765065312386 37
1747573162223 0.002871893113479018 38
1747573167805 0.002833767794072628 39
1747573173424 0.0028147161938250065 40
1747573178864 0.0027382669504731894 41
1747573184363 0.0028754461091011763 42
1747573190156 0.002743555698543787 43
1747573195768 0.0027686073444783688 44
1747573201373 0.002820666879415512 45
1747573207181 0.002700997516512871 46
1747573212775 0.0027308128774166107 47
1747573218655 0.0027236873283982277 48
1747573224293 0.002819855697453022 49
