1747572950929 0.7255755062224308 0
1747572956444 0.003725573244142304 1
1747572961950 0.00012327848516423796 2
1747572967557 9.888257386979983e-05 3
1747572973174 9.253455578817866e-05 4
1747572978691 9.109677957197178e-05 5
1747572983833 8.817906592915365e-05 6
1747572989004 9.099391689460997e-05 7
1747572994539 8.23360476171e-05 8
1747573000345 0.0001084333565948568 9
1747573006009 7.639799021944581e-05 10
1747573011602 8.067052007304084e-05 11
1747573017316 7.60725632068319e-05 12
1747573023051 7.699030319795819e-05 13
1747573028756 7.565144131994151e-05 14
1747573034480 7.518590416465633e-05 15
1747573039996 7.556704696919353e-05 16
1747573045188 7.622000287883283e-05 17
1747573050663 6.083811380729979e-05 18
1747573056146 7.04641283586117e-05 19
1747573061726 6.593827634331751e-05 20
1747573067543 6.597796895844969e-05 21
1747573073237 6.499986372669087e-05 22
1747573078920 6.414668781719811e-05 23
1747573084715 6.872322474548913e-05 24
1747573090011 5.703386424719338e-05 25
1747573095226 6.473139903191961e-05 26
1747573100757 6.236048727115187e-05 27
1747573106564 5.851454097551954e-05 28
1747573112293 6.202209518838396e-05 29
1747573117775 5.848086593455834e-05 30
1747573123479 5.739075123745431e-05 31
1747573129240 5.8966660356431914e-05 32
1747573134698 6.4111050023454e-05 33
1747573139882 5.643738815641588e-05 34
1747573145001 5.3579179264488876e-05 35
1747573150772 6.312977405482181e-05 36
1747573156527 5.219519639174045e-05 37
1747573162225 6.186816088630169e-05 38
1747573167807 5.6551945359993596e-05 39
1747573173425 5.345206959478704e-05 40
1747573178866 5.9454245178824316e-05 41
1747573184365 6.492092536814272e-05 42
1747573190158 5.2948489614649634e-05 43
1747573195770 5.39048639965112e-05 44
1747573201375 5.567882354374714e-05 45
1747573207184 5.977653848071743e-05 46
1747573212776 5.165885739562021e-05 47
1747573218656 5.2566907208848366e-05 48
1747573224294 5.9131169613456594e-05 49
