1743851926957 0.21472560037052046 0
1743851948987 0.20034857713438528 1
1743851971137 0.19605071569923516 2
1743851993210 0.19294452869567252 3
1743852015452 0.1911112317583436 4
1743852037857 0.1900252317338375 5
1743852061562 0.1860808924611749 6
1743852084475 0.18435691147542815 7
1743852107103 0.18423858440496443 8
1743852128985 0.1798969661360073 9
1743852150824 0.17868526276457128 10
1743852172923 0.17706135968298392 11
1743852194999 0.17677728681424454 12
1743852217041 0.17531746983722377 13
1743852239040 0.17361955742340127 14
1743852261004 0.17333319317859594 15
1743852283123 0.17114345581411514 16
1743852305149 0.1716593388070398 17
1743852327152 0.1700582866783622 18
1743852349382 0.1686241932567024 19
1743852371244 0.16947201351161512 20
1743852393109 0.1675249081918419 21
1743852415348 0.1666268857558478 22
1743852437354 0.16634880155117934 23
1743852459371 0.16569415632679774 24
1743852481469 0.16401694743524053 25
1743852503424 0.1635911156514698 26
1743852525547 0.16213230642980772 27
1743852547602 0.1637863349342347 28
1743852569598 0.1611051082815077 29
1743852591788 0.16120130381952866 30
1743852613927 0.15934570150438737 31
1743852635889 0.15987689599997895 32
1743852657984 0.15855391362873442 33
1743852680092 0.15916156141821236 34
1743852701952 0.15759733342490564 35
1743852723913 0.15714536731456752 36
1743852745798 0.1565240221458961 37
1743852767797 0.1568862741443689 38
1743852789883 0.15498619986711115 39
1743852811981 0.15624301214862976 40
1743852834134 0.15407841999081842 41
1743852856207 0.1578375408652143 42
1743852878365 0.15218916780047637 43
1743852900276 0.1558605921249788 44
1743852922222 0.14989981738694752 45
1743852944038 0.14947268404629807 46
1743852965900 0.14946029005208367 47
1743852988028 0.14740841276501668 48
1743853010174 0.14883242130671104 49
