1743918507178 0.9517333507537842 0
1743918532037 0.9650833606719971 1
1743918556478 0.9668833613395691 2
1743918581109 0.9726166725158691 3
1743918605728 0.975350022315979 4
1743918630273 0.9781000018119812 5
1743918655099 0.9801166653633118 6
1743918679770 0.9822499752044678 7
1743918704474 0.9831666946411133 8
1743918729114 0.9844333529472351 9
1743918753611 0.9855499863624573 10
1743918778449 0.9864166378974915 11
1743918803252 0.98826664686203 12
1743918827853 0.9871500134468079 13
1743918852577 0.9892666935920715 14
1743918877273 0.9886666536331177 15
1743918901779 0.9903166890144348 16
1743918926681 0.9910833239555359 17
1743918951530 0.9915000200271606 18
1743918975870 0.9910500049591064 19
1743919001588 0.9914166927337646 20
1743919027464 0.9923499822616577 21
1743919053616 0.9921333193778992 22
1743919079598 0.9924833178520203 23
1743919105691 0.9923666715621948 24
1743919131293 0.9926166534423828 25
1743919157339 0.9932166934013367 26
1743919182837 0.9932833313941956 27
1743919207709 0.9932666420936584 28
1743919232336 0.9940999746322632 29
1743919256844 0.9945166707038879 30
1743919281503 0.9927833080291748 31
1743919306150 0.9933500289916992 32
1743919331012 0.9947999715805054 33
1743919355847 0.9945999979972839 34
1743919380586 0.9939333200454712 35
1743919405414 0.9945999979972839 36
1743919430340 0.9950833320617676 37
1743919455176 0.9950666427612305 38
1743919480070 0.9948166608810425 39
1743919505228 0.9944333434104919 40
1743919529894 0.9949666857719421 41
1743919554991 0.9945499897003174 42
1743919579825 0.9954666495323181 43
1743919604707 0.9962499737739563 44
1743919629651 0.99631667137146 45
1743919654419 0.9943000078201294 46
1743919679253 0.9963833093643188 47
1743919704076 0.9949833154678345 48
1743919728950 0.9956833124160767 49
