1743958584122 0.9624000191688538 0
1743958671724 0.9722499847412109 1
1743958743715 0.9746666550636292 2
1743958824246 0.9770166873931885 3
1743958896136 0.9799166917800903 4
1743958973373 0.9813666939735413 5
1743959050463 0.9832333326339722 6
1743959124761 0.9836666584014893 7
1743959206147 0.985883355140686 8
1743959279183 0.9866333603858948 9
1743959358777 0.9882000088691711 10
1743959432288 0.989133358001709 11
1743959514816 0.9904999732971191 12
1743959584489 0.9906166791915894 13
1743959662342 0.9912333488464355 14
1743959738209 0.9925000071525574 15
1743959814505 0.9918833374977112 16
1743959894615 0.9932833313941956 17
1743959967928 0.9933500289916992 18
1743960047308 0.993316650390625 19
1743960117522 0.9925500154495239 20
1743960198652 0.9946500062942505 21
1743960274992 0.9944166541099548 22
1743960363778 0.995033323764801 23
1743960432499 0.9944999814033508 24
1743960515665 0.9952166676521301 25
1743960591188 0.995199978351593 26
1743960676010 0.9948499798774719 27
1743960755404 0.9951000213623047 28
1743960834422 0.9952499866485596 29
1743960908659 0.99631667137146 30
1743960989307 0.9965333342552185 31
1743961066983 0.9958833456039429 32
1743961146612 0.9965333342552185 33
1743961226323 0.995983362197876 34
1743961304479 0.9967333078384399 35
1743961388242 0.9964166879653931 36
1743961462014 0.9970666766166687 37
1743961550600 0.996566653251648 38
1743961626802 0.9976333379745483 39
1743961707967 0.9957166910171509 40
1743961745658 0.9968166947364807 41
1743961823637 0.9972166419029236 42
1743961899365 0.996749997138977 43
1743961973752 0.9968666434288025 44
1743962043638 0.9975166916847229 45
1743962118915 0.9965000152587891 46
1743962202027 0.9979166388511658 47
1743962281467 0.996399998664856 48
1743962356127 0.9984166622161865 49
