1747691727159 0.24723739419438234 0
1747691743069 0.2394458336774539 1
1747691758802 0.23865720267560284 2
1747691774302 0.23831253843124348 3
1747691789572 0.23801003771417706 4
1747691804810 0.23775112141744584 5
1747691820105 0.23745166977548532 6
1747691835378 0.23736572723989063 7
1747691850605 0.23725386988232572 8
1747691865904 0.23715912928123192 9
1747691881340 0.23702279280291685 10
1747691896871 0.2370760962718651 11
1747691912747 0.23698163136668363 12
1747691928301 0.23678303642452245 13
1747691943927 0.23680422837327117 14
1747691958623 0.236678532493993 15
1747691974059 0.23665216329445599 16
1747691989309 0.2366502176001785 17
1747692004068 0.23655677745475642 18
1747692019393 0.23636644930073758 19
1747692034666 0.23643319535029012 20
1747692049623 0.236378609846176 21
1747692064608 0.23638734462547265 22
1747692079515 0.23624646854024658 23
1747692095395 0.2361857558601015 24
1747692110950 0.23615664594628688 25
1747692126630 0.23609368665640498 26
1747692141830 0.23618210583182142 27
1747692156728 0.23594358750743852 28
1747692172184 0.2359979029719406 29
1747692186993 0.23588483100550323 30
1747692202424 0.23586662824776888 31
1747692218042 0.23586506024262516 32
1747692233416 0.23577544659154415 33
1747692247809 0.23575840575903137 34
1747692262906 0.23569991819757133 35
1747692278165 0.2356931822878843 36
1747692293698 0.23562440442339422 37
1747692309009 0.2355917890002353 38
1747692323635 0.2355654201215209 39
1747692338865 0.2356460705442018 40
1747692353959 0.2353239708709559 41
1747692369804 0.23540280375109723 42
1747692385072 0.2353446095786799 43
1747692399513 0.23537958624307043 44
1747692414144 0.2352618561152944 45
1747692429548 0.23524754951946128 46
1747692444487 0.23530735253880866 47
1747692459771 0.23517899485675423 48
1747692474479 0.2352151499611501 49
