1747582790112 0.24381376802921295 0
1747582797062 0.11453289538621902 1
1747582804313 0.1089107021689415 2
1747582810999 0.10810493677854538 3
1747582817832 0.1078847199678421 4
1747582824607 0.10523965209722519 5
1747582831471 0.0977146327495575 6
1747582838358 0.09740207344293594 7
1747582845430 0.09460743516683578 8
1747582852761 0.0886397510766983 9
1747582860032 0.0862913578748703 10
1747582867239 0.086118683218956 11
1747582874299 0.08662624657154083 12
1747582881449 0.08790325373411179 13
1747582888721 0.08886659890413284 14
1747582895787 0.08906815201044083 15
1747582902855 0.08960142731666565 16
1747582910310 0.08739357441663742 17
1747582917429 0.07927460223436356 18
1747582924644 0.07120896130800247 19
1747582931735 0.06960685551166534 20
1747582938794 0.06882881373167038 21
1747582945972 0.06804266571998596 22
1747582952989 0.06670874357223511 23
1747582960183 0.0663282722234726 24
1747582967515 0.06616262346506119 25
1747582974645 0.06580290198326111 26
1747582981906 0.06589208543300629 27
1747582988879 0.06569917500019073 28
1747582995877 0.06579892337322235 29
1747583002678 0.06587933003902435 30
1747583009709 0.06606830656528473 31
1747583016627 0.06620346009731293 32
1747583023536 0.06607631593942642 33
1747583030792 0.06580309569835663 34
1747583038235 0.06585097312927246 35
1747583044967 0.06593495607376099 36
1747583051869 0.06595221906900406 37
1747583058577 0.06584160029888153 38
1747583065352 0.06572368741035461 39
1747583072132 0.06595084071159363 40
1747583078932 0.06579064577817917 41
1747583085863 0.06604612618684769 42
1747583092903 0.06609973311424255 43
1747583100295 0.06608033925294876 44
1747583107377 0.06635159999132156 45
1747583114343 0.0659106969833374 46
1747583121163 0.0659182220697403 47
1747583127977 0.0660318061709404 48
1747583134832 0.06592164188623428 49
