1747602801979 1.6595197916030884 0
1747602810659 1.3450504541397095 1
1747602819690 1.046037197113037 2
1747602828155 0.6681202054023743 3
1747602837895 0.4297250509262085 4
1747602846988 0.39085331559181213 5
1747602855667 0.3103938102722168 6
1747602864990 0.24759793281555176 7
1747602873414 0.23391057550907135 8
1747602882148 0.20204409956932068 9
1747602890780 0.18110156059265137 10
1747602899064 0.15029673278331757 11
1747602907779 0.1406080275774002 12
1747602916585 0.1332891583442688 13
1747602924775 0.10430268943309784 14
1747602933717 0.10301022976636887 15
1747602942373 0.08704380691051483 16
1747602951101 0.07895741611719131 17
1747602960066 0.06831912696361542 18
1747602968638 0.07980930805206299 19
1747602977179 0.06619885563850403 20
1747602985766 0.05358977988362312 21
1747602994204 0.049306903034448624 22
1747603003110 0.048643577843904495 23
1747603011990 0.03666362538933754 24
1747603020753 0.035262156277894974 25
1747603029770 0.031348466873168945 26
1747603038352 0.030153755098581314 27
1747603047253 0.027756286785006523 28
1747603055972 0.025567561388015747 29
1747603064766 0.02381676435470581 30
1747603073615 0.025063082575798035 31
1747603082040 0.023828214034438133 32
1747603090583 0.021298708394169807 33
1747603099554 0.02286469377577305 34
1747603107957 0.018308550119400024 35
1747603116383 0.021285926923155785 36
1747603125331 0.020746903494000435 37
1747603133819 0.02103179134428501 38
1747603142901 0.018375186249613762 39
1747603151484 0.02457367442548275 40
1747603160077 0.015781179070472717 41
1747603169018 0.01695641689002514 42
1747603177444 0.01796235516667366 43
1747603185886 0.01744142174720764 44
1747603194870 0.020335670560598373 45
1747603203394 0.01403026469051838 46
1747603212088 0.01831374317407608 47
1747603221203 0.015862710773944855 48
1747603229620 0.015385094098746777 49
