1747602801980 14.513252525406784 0
1747602810660 11.801515263525893 1
1747602819691 6.955501532342616 2
1747602828156 2.9119104019187656 3
1747602837896 1.1363700710553841 4
1747602846989 0.9861797591702325 5
1747602855669 0.5304232681034986 6
1747602864991 0.3311596936659263 7
1747602873415 0.2500397140243316 8
1747602882149 0.1779761527807882 9
1747602890781 0.1601060304469089 10
1747602899065 0.11038556347400559 11
1747602907781 0.10430602533478185 12
1747602916586 0.09728475166684844 13
1747602924777 0.06758904830925633 14
1747602933719 0.0679552731993456 15
1747602942374 0.05483500971920612 16
1747602951102 0.04815093281475936 17
1747602960067 0.040334685640122665 18
1747602968640 0.048592184107873596 19
1747602977180 0.038538204937059145 20
1747602985767 0.02921145688793198 21
1747602994205 0.026069120046679536 22
1747603003111 0.021638448001928472 23
1747603011991 0.012290340884341038 24
1747603020755 0.011593775090962842 25
1747603029771 0.009423120685226551 26
1747603038353 0.008801096758245867 27
1747603047254 0.007608058503145067 28
1747603055974 0.0069954260870982695 29
1747603064767 0.0063016397735188604 30
1747603073616 0.007600011220166001 31
1747603082042 0.006704297161925937 32
1747603090585 0.0052964876884965505 33
1747603099555 0.006161898690946245 34
1747603107958 0.0034892292264398815 35
1747603116385 0.005561865797331414 36
1747603125332 0.005796413251588363 37
1747603133820 0.005774982444629529 38
1747603142902 0.003971482136212563 39
1747603151485 0.00798412328146204 40
1747603160078 0.002683470282343628 41
1747603169020 0.003420376052389302 42
1747603177445 0.004104554403559448 43
1747603185888 0.003772762679970517 44
1747603194872 0.006205563135159033 45
1747603203395 0.0019493337742115832 46
1747603212089 0.004880683533726213 47
1747603221204 0.00318615642644563 48
1747603229621 0.003069833719545327 49
