1747772028998 0.3495098567264523 0
1747772029208 0.1412316119759173 1
1747772029420 0.1585166539401199 2
1747772029630 0.18803621793730468 3
1747772029843 0.3330359293269689 4
1747772030056 0.2161336926073326 5
1747772030268 0.09970431614425508 6
1747772030481 0.10384595379746966 7
1747772030694 0.08880778742589732 8
1747772030926 0.12214484890815298 9
1747772031154 0.11075522104261874 10
1747772031382 0.09140867019113987 11
1747772031610 0.08090083124063918 12
1747772031838 0.08816790087214532 13
1747772032117 0.09092242164575566 14
1747772032435 0.07471779526386878 15
1747772032755 0.07381975992320762 16
1747772033076 0.10395946301158095 17
1747772033336 0.16804113891482939 18
1747772033564 0.0787547974439106 19
1747772033789 0.07782324587727985 20
1747772034023 0.09978360246242698 21
1747772034250 0.09143199113633545 22
1747772034475 0.1034579224576445 23
1747772034700 0.11527591641953432 24
1747772034930 0.11456509884081294 25
1747772035160 0.10327110324668386 26
1747772035391 0.10403876352736789 27
1747772035630 0.1120423910450615 28
1747772035870 0.0827862348716275 29
1747772036111 0.08180748301798234 30
1747772036341 0.12597850840822258 31
1747772036586 0.09191280543326276 32
1747772036817 0.06493237025745094 33
1747772037114 0.06366099625752891 34
1747772037431 0.06309715553535573 35
1747772037749 0.0675267998859982 36
1747772038068 0.078144478380989 37
1747772038315 0.053931031522492213 38
1747772038545 0.05334087751171492 39
1747772038777 0.05637255693321457 40
1747772039016 0.060323366386828225 41
1747772039247 0.07846733223028365 42
1747772039496 0.06161950982211687 43
1747772039730 0.07634553510537852 44
1747772039968 0.06703520037029194 45
1747772040207 0.09357167687881307 46
1747772040446 0.083052494459921 47
1747772040685 0.06757554405287106 48
1747772040925 0.0689340133878384 49
