1747772028997 0.9011363387107849 0
1747772029207 0.9505681991577148 1
1747772029419 0.9380682110786438 2
1747772029629 0.9329545497894287 3
1747772029842 0.8999999761581421 4
1747772030055 0.9454545378684998 5
1747772030267 0.9585227370262146 6
1747772030480 0.9630681872367859 7
1747772030693 0.9670454263687134 8
1747772030925 0.9517045617103577 9
1747772031153 0.9556818008422852 10
1747772031381 0.9613636136054993 11
1747772031609 0.9636363387107849 12
1747772031837 0.9653409123420715 13
1747772032116 0.9636363387107849 14
1747772032434 0.96875 15
1747772032754 0.9676136374473572 16
1747772033074 0.9630681872367859 17
1747772033335 0.9460227489471436 18
1747772033563 0.9681817889213562 19
1747772033788 0.9738636612892151 20
1747772034022 0.9585227370262146 21
1747772034250 0.9607954621315002 22
1747772034474 0.9585227370262146 23
1747772034699 0.9551136493682861 24
1747772034929 0.9573863744735718 25
1747772035159 0.9613636136054993 26
1747772035390 0.9596590995788574 27
1747772035629 0.9602272510528564 28
1747772035869 0.96875 29
1747772036110 0.9664772748947144 30
1747772036340 0.9585227370262146 31
1747772036585 0.96875 32
1747772036816 0.9698863625526428 33
1747772037113 0.9772727489471436 34
1747772037430 0.9738636612892151 35
1747772037748 0.9721590876579285 36
1747772038066 0.9659090638160706 37
1747772038314 0.9801136255264282 38
1747772038544 0.9784091114997864 39
1747772038776 0.9761363863945007 40
1747772039015 0.9784091114997864 41
1747772039246 0.9698863625526428 42
1747772039495 0.9755681753158569 43
1747772039729 0.96875 44
1747772039967 0.9732954502105713 45
1747772040206 0.9636363387107849 46
1747772040445 0.9664772748947144 47
1747772040684 0.96875 48
1747772040924 0.9738636612892151 49
