1747703532150 0.249989457966796 0
1747703547347 0.24242052011790657 1
1747703562303 0.24029288754633946 2
1747703577378 0.23940224950447248 3
1747703592762 0.23860024427784415 4
1747703608212 0.2385206057301418 5
1747703623826 0.23796692648352794 6
1747703639340 0.23791716547130484 7
1747703654853 0.23778409559965324 8
1747703670276 0.2374258754982476 9
1747703685653 0.2374792316049175 10
1747703700744 0.2372278423516756 11
1747703716006 0.23697682141520687 12
1747703731569 0.23697135119678547 13
1747703748563 0.2370540037163788 14
1747703764317 0.2370277790320418 15
1747703779854 0.23677830061443408 16
1747703795343 0.23683800186900514 17
1747703810235 0.2368122222555792 18
1747703825546 0.2365330542448388 19
1747703840825 0.2365536774164531 20
1747703856228 0.2365196145361198 21
1747703871426 0.23648098964083536 22
1747703886935 0.23662758487467336 23
1747703902481 0.236540421163264 24
1747703918081 0.236374868893234 25
1747703933791 0.23635151390275236 26
1747703949533 0.23611626189940424 27
1747703965065 0.2361627507795866 28
1747703980553 0.2361067644635571 29
1747703995638 0.23610592703208905 30
1747704011221 0.2359885355049091 31
1747704026616 0.23600614553895785 32
1747704041827 0.23602893342581457 33
1747704057261 0.23589815117136045 34
1747704072703 0.23595538592805745 35
1747704087975 0.2360211153953204 36
1747704103855 0.23579024506460539 37
1747704119533 0.23572395770921076 38
1747704134872 0.23567772747276153 39
1747704150173 0.2362062234624224 40
1747704165338 0.23552658860994322 41
1747704180794 0.23565847464755835 42
1747704196073 0.2355285938422064 43
1747704211596 0.23556066505747594 44
1747704227323 0.2355919723623662 45
1747704243023 0.23540941299137244 46
1747704258658 0.23651426134462955 47
1747704274101 0.2353586882755424 48
1747704289615 0.23531822472086655 49
