1747703532148 0.9137611389160156 0
1747703547346 0.9145898222923279 1
1747703562302 0.914836049079895 2
1747703577376 0.9151213765144348 3
1747703592761 0.9152386784553528 4
1747703608209 0.9152816534042358 5
1747703623824 0.9153676629066467 6
1747703639339 0.9152191281318665 7
1747703654852 0.9155396223068237 8
1747703670274 0.9152347445487976 9
1747703685652 0.9153012037277222 10
1747703700743 0.9153715372085571 11
1747703716005 0.9153520464897156 12
1747703731567 0.9154849052429199 13
1747703748561 0.9153637290000916 14
1747703764316 0.915457546710968 15
1747703779853 0.9154263138771057 16
1747703795342 0.9153285622596741 17
1747703810234 0.9154341220855713 18
1747703825544 0.9154536724090576 19
1747703840824 0.9153129458427429 20
1747703856227 0.9156216979026794 21
1747703871425 0.9155552983283997 22
1747703886933 0.915414571762085 23
1747703902479 0.9154810309410095 24
1747703918077 0.915516197681427 25
1747703933788 0.9154379963874817 26
1747703949531 0.9155435562133789 27
1747703965064 0.9153598546981812 28
1747703980552 0.9154770970344543 29
1747703995636 0.9153872132301331 30
1747704011220 0.9156959652900696 31
1747704026614 0.915617823600769 32
1747704041825 0.9155279397964478 33
1747704057260 0.9156334400177002 34
1747704072702 0.9156725406646729 35
1747704087974 0.915574848651886 36
1747704103853 0.9157155156135559 37
1747704119532 0.9155318140983582 38
1747704134870 0.9156647324562073 39
1747704150172 0.9155591726303101 40
1747704165336 0.9156295657157898 41
1747704180792 0.9156256318092346 42
1747704196071 0.9156920909881592 43
1747704211591 0.9157233834266663 44
1747704227321 0.9156138896942139 45
1747704243021 0.9157350659370422 46
1747704258657 0.9156686067581177 47
1747704274099 0.9157546162605286 48
1747704289614 0.9157507419586182 49
