1747770030539 34.44937515258789 0
1747770030724 31.517433166503906 1
1747770030898 27.42112159729004 2
1747770031071 23.96799087524414 3
1747770031254 21.680870056152344 4
1747770031436 20.373775482177734 5
1747770031641 19.596593856811523 6
1747770031842 19.230520248413086 7
1747770032018 18.663318634033203 8
1747770032196 18.108423233032227 9
1747770032376 17.459928512573242 10
1747770032560 16.78848648071289 11
1747770032745 16.156187057495117 12
1747770032926 15.551657676696777 13
1747770033118 14.996847152709961 14
1747770033233 14.484556198120117 15
1747770033352 14.03607177734375 16
1747770033472 13.628899574279785 17
1747770033599 13.251814842224121 18
1747770033739 12.882213592529297 19
1747770033872 12.423317909240723 20
1747770033999 11.884944915771484 21
1747770034126 11.30324935913086 22
1747770034257 10.822518348693848 23
1747770034378 10.410299301147461 24
1747770034502 10.087318420410156 25
1747770034628 9.809294700622559 26
1747770034751 9.560555458068848 27
1747770034876 9.306681632995605 28
1747770035003 9.053760528564453 29
1747770035136 8.754278182983398 30
1747770035271 8.387028694152832 31
1747770035414 7.987942695617676 32
1747770035550 7.5970683097839355 33
1747770035692 7.226006984710693 34
1747770035833 6.8910017013549805 35
1747770035987 6.571627140045166 36
1747770036126 6.256994247436523 37
1747770036257 5.96428108215332 38
1747770036384 5.675533771514893 39
1747770036513 5.404763698577881 40
1747770036641 5.139372825622559 41
1747770036772 4.885258197784424 42
1747770036906 4.632875442504883 43
1747770037078 4.399343013763428 44
1747770037253 4.173548221588135 45
1747770037428 3.96113920211792 46
1747770037607 3.7593843936920166 47
1747770037785 3.567457675933838 48
1747770037972 3.389810800552368 49
