1747771101281 8.103586196899414 0
1747771101463 6.143754005432129 1
1747771101642 4.5779805183410645 2
1747771101823 3.7388033866882324 3
1747771102007 3.2567477226257324 4
1747771102178 2.9203834533691406 5
1747771102353 2.5421833992004395 6
1747771102533 2.2719316482543945 7
1747771102704 1.9315518140792847 8
1747771102884 1.783515453338623 9
1747771103063 1.6095839738845825 10
1747771103242 1.5392171144485474 11
1747771103424 1.4451241493225098 12
1747771103606 1.404738187789917 13
1747771103787 1.3892738819122314 14
1747771103968 1.3027015924453735 15
1747771104160 1.3062371015548706 16
1747771104408 1.2622126340866089 17
1747771104650 1.187444806098938 18
1747771104895 1.1500825881958008 19
1747771105141 1.1159260272979736 20
1747771105379 1.0337375402450562 21
1747771105538 0.9741700887680054 22
1747771105709 0.8860740065574646 23
1747771105883 0.8305315375328064 24
1747771106058 0.7266209125518799 25
1747771106236 0.6447585821151733 26
1747771106410 0.675277829170227 27
1747771106583 0.6485734581947327 28
1747771106750 0.6136661171913147 29
1747771106918 0.6751501560211182 30
1747771107088 0.614166796207428 31
1747771107256 0.5912144780158997 32
1747771107424 0.6461619734764099 33
1747771107596 0.6092720627784729 34
1747771107764 0.5602896809577942 35
1747771107931 0.6021536588668823 36
1747771108100 0.5848485231399536 37
1747771108270 0.5875586867332458 38
1747771108444 0.5584880709648132 39
1747771108614 0.5711237192153931 40
1747771108783 0.6158999800682068 41
1747771108955 0.654654860496521 42
1747771109144 0.570440411567688 43
1747771109389 0.5468176603317261 44
1747771109638 0.4562494456768036 45
1747771109889 0.5012515187263489 46
1747771110134 0.5323826670646667 47
1747771110378 0.48425355553627014 48
1747771110626 0.470596045255661 49
