1743848855190 0.8598833084106445 0
1743848879142 0.9352499842643738 1
1743848902939 0.9530500173568726 2
1743848927121 0.9620333313941956 3
1743848950985 0.966866672039032 4
1743848974933 0.9697166681289673 5
1743848998939 0.9739999771118164 6
1743849022922 0.9757833480834961 7
1743849046714 0.9765333533287048 8
1743849070674 0.9795166850090027 9
1743849094334 0.9801333546638489 10
1743849118186 0.9820666909217834 11
1743849142323 0.9831666946411133 12
1743849166416 0.983299970626831 13
1743849190438 0.9849833250045776 14
1743849214636 0.9848666787147522 15
1743849238600 0.9865666627883911 16
1743849262779 0.9869833588600159 17
1743849286836 0.9871666431427002 18
1743849311028 0.9880333542823792 19
1743849334897 0.9885833263397217 20
1743849358745 0.9885166883468628 21
1743849382942 0.9902333617210388 22
1743849407176 0.9900000095367432 23
1743849431267 0.989716649055481 24
1743849455178 0.9913166761398315 25
1743849479497 0.9906333088874817 26
1743849503659 0.9914500117301941 27
1743849527733 0.9918333292007446 28
1743849551779 0.9916166663169861 29
1743849576040 0.9923999905586243 30
1743849600073 0.9925333261489868 31
1743849624033 0.993066668510437 32
1743849648046 0.9923166632652283 33
1743849672077 0.9936166405677795 34
1743849695825 0.9928500056266785 35
1743849719597 0.9939833283424377 36
1743849743822 0.9936166405677795 37
1743849768106 0.9932000041007996 38
1743849792395 0.9940333366394043 39
1743849816377 0.9940666556358337 40
1743849840344 0.994350016117096 41
1743849864330 0.9945833086967468 42
1743849888585 0.995116651058197 43
1743849912511 0.993483304977417 44
1743849936511 0.9951333403587341 45
1743849960579 0.9942833185195923 46
1743849984640 0.9954666495323181 47
1743850008863 0.9939500093460083 48
1743850033114 0.9950833320617676 49
