1743848855191 0.45926543931212327 0
1743848879143 0.22005947786600594 1
1743848902940 0.1597773820935 2
1743848927122 0.1276400281745057 3
1743848950986 0.10908838826626394 4
1743848974934 0.09664293805199459 5
1743848998940 0.08675131735130323 6
1743849022923 0.07866464594178738 7
1743849046715 0.07291860475428703 8
1743849070675 0.06529180647023276 9
1743849094335 0.06159937747005782 10
1743849118187 0.05587945204218291 11
1743849142324 0.05255108943764867 12
1743849166417 0.051756325616414696 13
1743849190439 0.04653860361869566 14
1743849214637 0.04528257654245074 15
1743849238601 0.04190207642122539 16
1743849262781 0.040045653683487115 17
1743849286837 0.03827043031264107 18
1743849311029 0.03606782667977064 19
1743849334898 0.03328486760210391 20
1743849358746 0.034213494917658085 21
1743849382943 0.029535186726703487 22
1743849407177 0.030500635563807717 23
1743849431268 0.03062346811982599 24
1743849455179 0.02634801543620992 25
1743849479498 0.028656929933611658 26
1743849503660 0.025847446610770455 27
1743849527734 0.023267723715001475 28
1743849551780 0.023923259372420565 29
1743849576041 0.02293090232232834 30
1743849600074 0.0222794132942101 31
1743849624034 0.02043465608254308 32
1743849648047 0.021943753364881316 33
1743849672078 0.019687818691843714 34
1743849695826 0.02021447870985694 35
1743849719598 0.016584083189363472 36
1743849743823 0.01914717919268686 37
1743849768107 0.019938704381502307 38
1743849792396 0.01837164562066275 39
1743849816378 0.01822630073436455 40
1743849840345 0.016273425357126996 41
1743849864331 0.015738338393526726 42
1743849888586 0.014166718177240295 43
1743849912512 0.018999973467892183 44
1743849936512 0.013698052165638495 45
1743849960580 0.015844295629769745 46
1743849984641 0.013109559592473974 47
1743850008864 0.017256465317938424 48
1743850033115 0.014398105883373976 49
