1747666815436 0.9141871929168701 0
1747666829619 0.9146758317947388 1
1747666843332 0.9148790836334229 2
1747666857532 0.9148438572883606 3
1747666871526 0.9148986339569092 4
1747666885159 0.9149298667907715 5
1747666899409 0.914894700050354 6
1747666913473 0.9148868918418884 7
1747666927491 0.9149845838546753 8
1747666941749 0.9150823354721069 9
1747666955392 0.9150119423866272 10
1747666969302 0.9151917695999146 11
1747666982973 0.9149416089057922 12
1747666997099 0.9149494171142578 13
1747667011210 0.9148164987564087 14
1747667025595 0.91512531042099 15
1747667039157 0.9150002598762512 16
1747667053235 0.9148712754249573 17
1747667066363 0.9148986339569092 18
1747667080565 0.9148868918418884 19
1747667094593 0.9148126244544983 20
1747667108873 0.9148048162460327 21
1747667122834 0.9149376749992371 22
1747667136837 0.9147579073905945 23
1747667150730 0.9147305488586426 24
1747667164653 0.9147266149520874 25
1747667178224 0.9147657155990601 26
1747667192248 0.914851725101471 27
1747667206282 0.9148555994033813 28
1747667220388 0.9149103164672852 29
1747667234286 0.9148164987564087 30
1747667248242 0.9147970080375671 31
1747667262286 0.9148555994033813 32
1747667275946 0.9147579073905945 33
1747667289847 0.9147695899009705 34
1747667303867 0.9148555994033813 35
1747667318061 0.9147970080375671 36
1747667332363 0.9148751497268677 37
1747667346284 0.9148321747779846 38
1747667360277 0.9149338006973267 39
1747667374441 0.9147422313690186 40
1747667388615 0.9148048162460327 41
1747667402660 0.9148048162460327 42
1747667416925 0.9147891402244568 43
1747667430813 0.9148048162460327 44
1747667444747 0.9148048162460327 45
1747667458890 0.9147266149520874 46
1747667473061 0.9148164987564087 47
1747667487386 0.9147852659225464 48
1747667501743 0.9147657155990601 49
