1743711166065 0.8504833579063416 0
1743711189601 0.9113333225250244 1
1743711213160 0.9190833568572998 2
1743711236770 0.9241166710853577 3
1743711260476 0.9284666776657104 4
1743711284366 0.9332000017166138 5
1743711308387 0.9345166683197021 6
1743711332308 0.935533344745636 7
1743711356303 0.9394999742507935 8
1743711380325 0.941349983215332 9
1743711404224 0.9427666664123535 10
1743711428029 0.9453833103179932 11
1743711451893 0.9453499913215637 12
1743711475653 0.9472500085830688 13
1743711499315 0.9484333395957947 14
1743711523167 0.9505833387374878 15
1743711547181 0.9498999714851379 16
1743711570807 0.9504500031471252 17
1743711594477 0.9511500000953674 18
1743711618171 0.9532333612442017 19
1743711642043 0.9531499743461609 20
1743711665879 0.9534500241279602 21
1743711689887 0.9540666937828064 22
1743711713717 0.9550333619117737 23
1743711737405 0.9556166529655457 24
1743711761472 0.95701664686203 25
1743711785349 0.9580166935920715 26
1743711809270 0.9586499929428101 27
1743711833453 0.957966685295105 28
1743711857368 0.9588666558265686 29
1743711881197 0.9593166708946228 30
1743711905218 0.9600833058357239 31
1743711929021 0.960016667842865 32
1743711952888 0.9614333510398865 33
1743711976678 0.9609333276748657 34
1743712000385 0.9619166851043701 35
1743712024266 0.961566686630249 36
1743712048091 0.961566686630249 37
1743712071795 0.961983323097229 38
1743712095503 0.9624000191688538 39
1743712119316 0.9625166654586792 40
1743712143298 0.9632166624069214 41
1743712167125 0.9629166722297668 42
1743712190676 0.963616669178009 43
1743712213939 0.9634666442871094 44
1743712237361 0.9646499752998352 45
1743712260692 0.9639000296592712 46
1743712284258 0.9647166728973389 47
1743712307886 0.9643666744232178 48
1743712331529 0.9643999934196472 49
