1743915823848 0.9447833299636841 0
1743915848662 0.9615333080291748 1
1743915873392 0.9661833047866821 2
1743915898229 0.9691500067710876 3
1743915922967 0.9712499976158142 4
1743915947850 0.9739333391189575 5
1743915972404 0.9761000275611877 6
1743915997135 0.9783833622932434 7
1743916021891 0.9798499941825867 8
1743916046607 0.9817000031471252 9
1743916071321 0.9823333621025085 10
1743916096183 0.9848333597183228 11
1743916120996 0.9855999946594238 12
1743916145580 0.9853500127792358 13
1743916171266 0.9879166483879089 14
1743916197140 0.987333357334137 15
1743916223111 0.9886000156402588 16
1743916249332 0.9883166551589966 17
1743916275147 0.9894499778747559 18
1743916300798 0.989549994468689 19
1743916327099 0.9904333353042603 20
1743916352823 0.9901666641235352 21
1743916377870 0.9921000003814697 22
1743916402514 0.991100013256073 23
1743916427270 0.9918000102043152 24
1743916452282 0.9926000237464905 25
1743916477108 0.9923666715621948 26
1743916501858 0.9911666512489319 27
1743916526832 0.9926666617393494 28
1743916551901 0.9925666451454163 29
1743916576736 0.9941166639328003 30
1743916601688 0.993316650390625 31
1743916626473 0.9938666820526123 32
1743916651391 0.9943333268165588 33
1743916676029 0.9936166405677795 34
1743916700891 0.9948333501815796 35
1743916725584 0.9943166375160217 36
1743916750118 0.9945499897003174 37
1743916774777 0.9938166737556458 38
1743916799866 0.9947333335876465 39
1743916824453 0.9953166842460632 40
1743916849059 0.9949166774749756 41
1743916873947 0.9949833154678345 42
1743916898947 0.9947500228881836 43
1743916923601 0.9958833456039429 44
1743916948322 0.9947999715805054 45
1743916973187 0.9954000115394592 46
1743916997998 0.9951000213623047 47
1743917023106 0.9958999752998352 48
1743917048117 0.9947500228881836 49
