1743915823849 0.47228618776856685 0
1743915848663 0.14072263852857328 1
1743915873393 0.1131320600487512 2
1743915898230 0.10008477464080211 3
1743915922968 0.09312799357328973 4
1743915947851 0.08376182700046574 5
1743915972405 0.0768178756358799 6
1743915997136 0.07016169587612821 7
1743916021892 0.0627818541116998 8
1743916046608 0.05871840771535484 9
1743916071322 0.05641074325986112 10
1743916096184 0.04814653019601419 11
1743916120997 0.047217688433853024 12
1743916145581 0.04427866416303869 13
1743916171267 0.036718727086887455 14
1743916197141 0.039141488237575434 15
1743916223112 0.035379509381816325 16
1743916249333 0.034888664856849855 17
1743916275149 0.03266375915909087 18
1743916300799 0.03251011754507055 19
1743916327101 0.029327673964715757 20
1743916352824 0.02894531864553672 21
1743916377871 0.02479271976583327 22
1743916402515 0.027042714287741843 23
1743916427271 0.02502716967102789 24
1743916452283 0.022118016108423587 25
1743916477109 0.022051009797240086 26
1743916501859 0.02644014234694873 27
1743916526833 0.0224125901950466 28
1743916551902 0.023275499326767233 29
1743916576737 0.01830576317801534 30
1743916601689 0.020888220709227655 31
1743916626474 0.019346732830422028 32
1743916651392 0.018044351330598046 33
1743916676031 0.02146732036363681 34
1743916700892 0.016156676682598146 35
1743916725585 0.0187005192958124 36
1743916750119 0.016840160595285574 37
1743916774778 0.01992616858807465 38
1743916799867 0.015879089584577663 39
1743916824454 0.015386403433817456 40
1743916849060 0.016348470872135326 41
1743916873948 0.01625810565569524 42
1743916898948 0.01830524011375692 43
1743916923602 0.01311465111702503 44
1743916948323 0.01777983988316395 45
1743916973188 0.014985007835377175 46
1743916997999 0.016296990632508605 47
1743917023107 0.012628891905520958 48
1743917048118 0.018483594488896977 49
