1743881028821 0.27155527602860524 0
1743881050341 0.25353236686204095 1
1743881071876 0.24481617804320344 2
1743881093656 0.2388467403122841 3
1743881115427 0.23331682727015945 4
1743881137419 0.22752475435207736 5
1743881159424 0.2232515844386794 6
1743881181449 0.21903685728709246 7
1743881203180 0.21504136925907044 8
1743881225420 0.21432172078482717 9
1743881247393 0.2084316994194466 10
1743881269201 0.2065473562117833 11
1743881291182 0.20238015702090684 12
1743881313151 0.1985879839912223 13
1743881335177 0.1958025997155472 14
1743881357001 0.19312248828469378 15
1743881378896 0.19086731507556884 16
1743881400768 0.18762847164583094 17
1743881422340 0.18540756838391587 18
1743881444307 0.18353477505944274 19
1743881466324 0.18168945510156875 20
1743881488329 0.17985546748000827 21
1743881510309 0.17832177800986265 22
1743881532247 0.176794931755249 23
1743881554123 0.1754808565354343 24
1743881576180 0.17431676112112424 25
1743881598125 0.17331873261969888 26
1743881620200 0.17223634525579842 27
1743881642302 0.17123720689107563 28
1743881664161 0.17031365876407265 29
1743881686159 0.16942215406174735 30
1743881708104 0.16846029697026987 31
1743881729751 0.16758387206768502 32
1743881751584 0.16686961956854324 33
1743881773406 0.16598298590997457 34
1743881795139 0.165252454033593 35
1743881816949 0.16441645341406574 36
1743881838646 0.16372286974488656 37
1743881860363 0.16301919170687504 38
1743881882187 0.16260986032519067 39
1743881904171 0.16181690318096043 40
1743881926264 0.16110441250884244 41
1743881948103 0.16039103700055837 42
1743881970112 0.15990737368528327 43
1743881992043 0.15933730901680143 44
1743882014077 0.15893835966409176 45
1743882035875 0.15812562985073916 46
1743882057730 0.1579629933755842 47
1743882079563 0.1568391793882126 48
1743882101238 0.15635589974444963 49
