1747770290165 37.4179573059082 0
1747770290291 20.893781661987305 1
1747770290414 14.790247917175293 2
1747770290539 9.996078491210938 3
1747770290661 7.115768909454346 4
1747770290788 5.2079267501831055 5
1747770290911 4.008499622344971 6
1747770291038 3.2390944957733154 7
1747770291161 2.7418243885040283 8
1747770291289 2.359724283218384 9
1747770291442 2.0891470909118652 10
1747770291620 1.8924915790557861 11
1747770291796 1.756565809249878 12
1747770291963 1.643872857093811 13
1747770292130 1.5349187850952148 14
1747770292305 1.4357770681381226 15
1747770292477 1.342832088470459 16
1747770292649 1.2639861106872559 17
1747770292824 1.1800181865692139 18
1747770292999 1.0983736515045166 19
1747770293169 1.006277084350586 20
1747770293345 0.9518138766288757 21
1747770293515 0.9085530638694763 22
1747770293685 0.8775639533996582 23
1747770293848 0.8425357341766357 24
1747770293956 0.8077563047409058 25
1747770294070 0.7851768732070923 26
1747770294190 0.7629978060722351 27
1747770294310 0.7455211877822876 28
1747770294433 0.7296489477157593 29
1747770294557 0.7134624719619751 30
1747770294681 0.6991780996322632 31
1747770294800 0.6851720213890076 32
1747770294923 0.6720260977745056 33
1747770295042 0.6599045991897583 34
1747770295166 0.6486419439315796 35
1747770295286 0.6340372562408447 36
1747770295411 0.6234438419342041 37
1747770295530 0.6159262657165527 38
1747770295657 0.6040478348731995 39
1747770295772 0.5929098129272461 40
1747770295899 0.5844199061393738 41
1747770296023 0.5707371830940247 42
1747770296158 0.5690557956695557 43
1747770296284 0.5621809363365173 44
1747770296411 0.5459800958633423 45
1747770296539 0.5387650728225708 46
1747770296667 0.5344834923744202 47
1747770296788 0.525149405002594 48
1747770296903 0.5153717398643494 49
