1747770545035 41.46709060668945 0
1747770545223 23.479021072387695 1
1747770545407 16.260480880737305 2
1747770545593 12.409161567687988 3
1747770545782 9.280600547790527 4
1747770545968 7.306655406951904 5
1747770546156 5.914170742034912 6
1747770546346 4.323498725891113 7
1747770546535 2.809375524520874 8
1747770546724 2.196789026260376 9
1747770546910 1.9391295909881592 10
1747770547102 1.8055909872055054 11
1747770547286 1.6895207166671753 12
1747770547420 1.5807573795318604 13
1747770547549 1.5030968189239502 14
1747770547682 1.4452587366104126 15
1747770547819 1.3853057622909546 16
1747770547949 1.2921980619430542 17
1747770548072 1.2452411651611328 18
1747770548198 1.1835336685180664 19
1747770548324 1.1274305582046509 20
1747770548447 1.091524600982666 21
1747770548569 1.047944188117981 22
1747770548696 0.9859878420829773 23
1747770548821 0.9481318593025208 24
1747770548949 0.9032514095306396 25
1747770549074 0.8487802743911743 26
1747770549201 0.8140904903411865 27
1747770549326 0.7860616445541382 28
1747770549454 0.7435035109519958 29
1747770549583 0.7050785422325134 30
1747770549713 0.6843274235725403 31
1747770549846 0.6585080027580261 32
1747770549978 0.6053565144538879 33
1747770550113 0.5757123827934265 34
1747770550246 0.546040415763855 35
1747770550381 0.5478513240814209 36
1747770550513 0.5115466117858887 37
1747770550647 0.49843961000442505 38
1747770550780 0.4753902554512024 39
1747770550913 0.4512081444263458 40
1747770551048 0.44150203466415405 41
1747770551238 0.4255549907684326 42
1747770551425 0.43384942412376404 43
1747770551615 0.4058767259120941 44
1747770551806 0.39887452125549316 45
1747770551996 0.39251676201820374 46
1747770552188 0.38072970509529114 47
1747770552377 0.3749457001686096 48
1747770552570 0.36387115716934204 49
