1747770545039 3323.352677891876 0
1747770545225 985.8441977566915 1
1747770545410 486.7002353956685 2
1747770545595 271.97640035617457 3
1747770545784 151.3257787024641 4
1747770545970 99.20077273369023 5
1747770546159 65.24958757950789 6
1747770546348 34.792325221073305 7
1747770546537 15.29373512101768 8
1747770546726 9.622362782191912 9
1747770546913 8.017569586068442 10
1747770547104 7.187071213254166 11
1747770547288 6.599548705099538 12
1747770547422 5.931012652068014 13
1747770547550 5.535176927834501 14
1747770547684 5.183741885859955 15
1747770547821 4.832532804752499 16
1747770547951 4.373065530596718 17
1747770548074 4.101819201840924 18
1747770548200 3.733526305818008 19
1747770548325 3.430504562031427 20
1747770548448 3.197138858627408 21
1747770548571 3.0356825209294365 22
1747770548698 2.737218272488253 23
1747770548822 2.521222651521661 24
1747770548950 2.253244959119321 25
1747770549075 1.9945815797043382 26
1747770549203 1.787239267765305 27
1747770549328 1.629992937781027 28
1747770549456 1.4373281892364884 29
1747770549584 1.244417610400149 30
1747770549714 1.1243832602331307 31
1747770549847 1.0341911476405294 32
1747770549980 0.8702820640684569 33
1747770550114 0.7666630772482784 34
1747770550248 0.6815150059590623 35
1747770550382 0.6371096704717205 36
1747770550514 0.5704976703823669 37
1747770550648 0.5242590779746084 38
1747770550781 0.46978047457828714 39
1747770550915 0.4281649245746581 40
1747770551050 0.4081625803052465 41
1747770551240 0.3746023100341661 42
1747770551427 0.3809384891715663 43
1747770551618 0.3429684069589166 44
1747770551808 0.3384463047643646 45
1747770551998 0.32394477117127046 46
1747770552190 0.3125603214424571 47
1747770552380 0.2986025804197997 48
1747770552572 0.2884955905771474 49
