1747607822614 0.3919689953327179 0
1747607831865 0.14780378341674805 1
1747607840525 0.13897371292114258 2
1747607850564 0.13836002349853516 3
1747607859422 0.13937528431415558 4
1747607868967 0.14096292853355408 5
1747607878282 0.12422388046979904 6
1747607886991 0.12268128991127014 7
1747607896846 0.11629689484834671 8
1747607906034 0.1145116463303566 9
1747607915712 0.11375443637371063 10
1747607925641 0.11460364609956741 11
1747607935249 0.114608995616436 12
1747607944514 0.1153126209974289 13
1747607953033 0.11530379205942154 14
1747607962103 0.11551864445209503 15
1747607971465 0.11500973999500275 16
1747607981076 0.11460999399423599 17
1747607990388 0.11463084816932678 18
1747607999741 0.11444485187530518 19
1747608009683 0.11365312337875366 20
1747608019605 0.11147867888212204 21
1747608029107 0.10718179494142532 22
1747608039282 0.10420747846364975 23
1747608047771 0.10274028033018112 24
1747608057954 0.10258287191390991 25
1747608067874 0.10267758369445801 26
1747608077598 0.10262890160083771 27
1747608087124 0.09627717733383179 28
1747608096393 0.09054559469223022 29
1747608106240 0.0888654813170433 30
1747608115593 0.08711419254541397 31
1747608125435 0.08560032397508621 32
1747608135104 0.08507038652896881 33
1747608144672 0.0845879465341568 34
1747608154542 0.08424309641122818 35
1747608163908 0.08376331627368927 36
1747608173187 0.08332237601280212 37
1747608182733 0.08319133520126343 38
1747608192523 0.0830201804637909 39
1747608201905 0.0826299637556076 40
1747608210980 0.08222301304340363 41
1747608220778 0.08237959444522858 42
1747608230193 0.08196456730365753 43
1747608239634 0.0822715163230896 44
1747608249088 0.08245484530925751 45
1747608258594 0.08239465206861496 46
1747608268509 0.082334965467453 47
1747608277681 0.08267955482006073 48
1747608287053 0.08219069987535477 49
