1743756533774 0.31881698966026306 0
1743756557218 0.24276068806648254 1
1743756580455 0.22707651555538177 2
1743756604864 0.21928726136684418 3
1743756628284 0.2135011851787567 4
1743756651719 0.20820853114128113 5
1743756675255 0.20288509130477905 6
1743756698728 0.1977573186159134 7
1743756722364 0.192585751414299 8
1743756745633 0.1872197687625885 9
1743756769137 0.1827685534954071 10
1743756792788 0.17829696834087372 11
1743756816281 0.17441125214099884 12
1743756839611 0.17111825942993164 13
1743756863276 0.16843019425868988 14
1743756886884 0.16587887704372406 15
1743756910310 0.16375648975372314 16
1743756933722 0.16158969700336456 17
1743756957272 0.16003543138504028 18
1743756980782 0.15812723338603973 19
1743757004147 0.15617604553699493 20
1743757027665 0.15449094772338867 21
1743757051232 0.15278562903404236 22
1743757074685 0.15136153995990753 23
1743757098155 0.15021339058876038 24
1743757121643 0.14927178621292114 25
1743757145055 0.14796845614910126 26
1743757168601 0.1469368189573288 27
1743757191978 0.14597897231578827 28
1743757215462 0.14493292570114136 29
1743757238785 0.14397317171096802 30
1743757262191 0.14311575889587402 31
1743757285743 0.14231464266777039 32
1743757309217 0.1413210779428482 33
1743757332610 0.14067800343036652 34
1743757356136 0.1397828608751297 35
1743757379561 0.1388845592737198 36
1743757403150 0.13844113051891327 37
1743757426741 0.13773566484451294 38
1743757450276 0.13700968027114868 39
1743757473891 0.1363750845193863 40
1743757497494 0.13581092655658722 41
1743757521033 0.13534203171730042 42
1743757544695 0.13483422994613647 43
1743757568247 0.13408944010734558 44
1743757591736 0.1338438093662262 45
1743757615412 0.13340795040130615 46
1743757638873 0.1329195499420166 47
1743757662486 0.13247236609458923 48
1743757685984 0.13178494572639465 49
