1743756533775 0.26524330135982316 0
1743756557219 0.1924147691860203 1
1743756580456 0.17598964809074527 2
1743756604865 0.16742684071607103 3
1743756628285 0.1609553990508401 4
1743756651719 0.1547771637831282 5
1743756675256 0.14879352992118441 6
1743756698729 0.14276473644588453 7
1743756722365 0.13663864095908482 8
1743756745634 0.1306417765697162 9
1743756769138 0.1255748312658311 10
1743756792789 0.12073885853261532 11
1743756816281 0.11647203841269348 12
1743756839612 0.1128451750657008 13
1743756863277 0.10987535504313323 14
1743756886885 0.1074194769738042 15
1743756910311 0.1051496906319599 16
1743756933722 0.10284789829786795 17
1743756957273 0.10107383234985405 18
1743756980783 0.0990651231187994 19
1743757004148 0.09702238076078212 20
1743757027666 0.09522712994839587 21
1743757051233 0.09358431830590261 22
1743757074686 0.09226620610989707 23
1743757098156 0.09112342653317895 24
1743757121644 0.09014651629093869 25
1743757145055 0.08901937924557225 26
1743757168602 0.08804472605578512 27
1743757191979 0.08722403696841499 28
1743757215462 0.08630581876388195 29
1743757238786 0.08547057035071318 30
1743757262191 0.08475070739487243 31
1743757285744 0.0840556017753211 32
1743757309218 0.08312898987606036 33
1743757332611 0.08255983821445402 34
1743757356136 0.08184249270435329 35
1743757379562 0.08119282268531124 36
1743757403151 0.08069266389967018 37
1743757426742 0.08015022114780648 38
1743757450277 0.0795297577341686 39
1743757473892 0.07905648291735805 40
1743757497495 0.07858346172748318 41
1743757521033 0.07822692567552814 42
1743757544696 0.07784244458272196 43
1743757568248 0.07735434347082396 44
1743757591736 0.07711176913520511 45
1743757615413 0.07677992700051432 46
1743757638874 0.0764233034937811 47
1743757662487 0.0760685073593706 48
1743757685985 0.07559964758966062 49
