1743874965197 0.7246833443641663 0
1743874989527 0.9120166897773743 1
1743875013950 0.9311166405677795 2
1743875038188 0.9406999945640564 3
1743875062491 0.9487833380699158 4
1743875086733 0.9524833559989929 5
1743875111385 0.9574000239372253 6
1743875136039 0.9582499861717224 7
1743875160832 0.961983323097229 8
1743875185160 0.9624166488647461 9
1743875209289 0.9652500152587891 10
1743875233804 0.9661999940872192 11
1743875258236 0.966949999332428 12
1743875282592 0.9681833386421204 13
1743875306944 0.9700833559036255 14
1743875331509 0.9711833596229553 15
1743875355781 0.9710000157356262 16
1743875380384 0.9732166528701782 17
1743875405181 0.9732499718666077 18
1743875429576 0.9739999771118164 19
1743875454071 0.9742666482925415 20
1743875478273 0.9747166633605957 21
1743875502394 0.9761666655540466 22
1743875526892 0.9766166806221008 23
1743875551259 0.9771833419799805 24
1743875575732 0.9775999784469604 25
1743875600137 0.9783333539962769 26
1743875624413 0.979366660118103 27
1743875648959 0.9782000184059143 28
1743875673404 0.9800333380699158 29
1743875697725 0.9793833494186401 30
1743875722272 0.9798833131790161 31
1743875746917 0.9807833433151245 32
1743875771574 0.9798833131790161 33
1743875796264 0.9816499948501587 34
1743875820761 0.9800833463668823 35
1743875844990 0.9824666380882263 36
1743875869298 0.9818500280380249 37
1743875893900 0.9822166562080383 38
1743875918601 0.9830666780471802 39
1743875943272 0.9836166501045227 40
1743875967851 0.9827166795730591 41
1743875992511 0.9838166832923889 42
1743876016992 0.9846166372299194 43
1743876041552 0.9836500287055969 44
1743876066080 0.9844666719436646 45
1743876090560 0.9855166673660278 46
1743876115126 0.9859499931335449 47
1743876139602 0.9843666553497314 48
1743876164054 0.9851999878883362 49
