1743874965198 0.8390779100027378 0
1743874989529 0.29681712929840426 1
1743875013951 0.23241437419437339 2
1743875038189 0.1995650848016486 3
1743875062492 0.17253505750852463 4
1743875086734 0.15894358524119104 5
1743875111387 0.14401878821846706 6
1743875136040 0.1375899098441922 7
1743875160833 0.12639081714607378 8
1743875185161 0.12239671643890929 9
1743875209290 0.11504059775512929 10
1743875233805 0.11126784613801004 11
1743875258238 0.10677455193426919 12
1743875282593 0.10367918823384661 13
1743875306945 0.09625332996495002 14
1743875331510 0.09434882916818423 15
1743875355783 0.09354868398724199 16
1743875380385 0.08841831872863645 17
1743875405182 0.08733083043345655 18
1743875429577 0.08477116672290934 19
1743875454072 0.08333970120555556 20
1743875478274 0.07931069720065034 21
1743875502396 0.07615399707925793 22
1743875526893 0.07431267670351747 23
1743875551260 0.0742322479015248 24
1743875575733 0.07174592316577917 25
1743875600139 0.06880622734483453 26
1743875624414 0.06664062009219394 27
1743875648960 0.06876602904630558 28
1743875673405 0.06460753027533384 29
1743875697726 0.06485763103249996 30
1743875722274 0.06332981276723362 31
1743875746918 0.06112076727493671 32
1743875771575 0.06066534207748396 33
1743875796265 0.05926437107780203 34
1743875820762 0.0611623915151614 35
1743875844991 0.05462179509127107 36
1743875869299 0.05545258926584928 37
1743875893901 0.05472010225078067 38
1743875918602 0.051996394856329245 39
1743875943273 0.05121119909219655 40
1743875967853 0.052658288332689845 41
1743875992512 0.05101888594383905 42
1743876016993 0.046707096194585435 43
1743876041553 0.04951380967915941 44
1743876066081 0.04671937063149961 45
1743876090561 0.04582946639626078 46
1743876115127 0.04361724249979537 47
1743876139603 0.04677113584294378 48
1743876164055 0.04512277941532952 49
