1747770243672 nan 0
1747770243896 nan 1
1747770244119 nan 2
1747770244262 nan 3
1747770244405 nan 4
1747770244560 nan 5
1747770244707 nan 6
1747770244856 nan 7
1747770245003 nan 8
1747770245151 nan 9
1747770245301 nan 10
1747770245452 nan 11
1747770245600 nan 12
1747770245751 nan 13
1747770245903 nan 14
1747770246052 nan 15
1747770246205 nan 16
1747770246357 nan 17
1747770246508 nan 18
1747770246658 nan 19
1747770246811 nan 20
1747770246962 nan 21
1747770247112 nan 22
1747770247263 nan 23
1747770247419 nan 24
1747770247586 nan 25
1747770247750 nan 26
1747770247940 nan 27
1747770248167 nan 28
1747770248398 nan 29
1747770248623 nan 30
1747770248856 nan 31
1747770249086 nan 32
1747770249314 nan 33
1747770249542 nan 34
1747770249771 nan 35
1747770249996 nan 36
1747770250234 nan 37
1747770250420 nan 38
1747770250566 nan 39
1747770250712 nan 40
1747770250863 nan 41
1747770251043 nan 42
1747770251194 nan 43
1747770251349 nan 44
1747770251512 nan 45
1747770251682 nan 46
1747770251852 nan 47
1747770252022 nan 48
1747770252190 nan 49
