1747592851103 0.25399050116539 0
1747592857884 0.16656403243541718 1
1747592865330 0.1451869010925293 2
1747592872528 0.12302093952894211 3
1747592879813 0.10247191786766052 4
1747592886941 0.08972836285829544 5
1747592894209 0.07444777339696884 6
1747592901707 0.06632719933986664 7
1747592908915 0.062483567744493484 8
1747592916196 0.05391468480229378 9
1747592923437 0.050312820822000504 10
1747592930963 0.04530610516667366 11
1747592938687 0.04107079282402992 12
1747592945965 0.03992432728409767 13
1747592953348 0.03804469853639603 14
1747592960414 0.033202845603227615 15
1747592967866 0.032475873827934265 16
1747592975236 0.030890682712197304 17
1747592982569 0.02958272583782673 18
1747592989807 0.02679198794066906 19
1747592997168 0.025291800498962402 20
1747593004915 0.023153018206357956 21
1747593012328 0.024432150647044182 22
1747593019634 0.022546987980604172 23
1747593026945 0.02134087309241295 24
1747593034025 0.02295469306409359 25
1747593041265 0.021125836297869682 26
1747593048883 0.019040117040276527 27
1747593056079 0.02020088955760002 28
1747593063342 0.019014708697795868 29
1747593070561 0.018645936623215675 30
1747593077756 0.020809749141335487 31
1747593085456 0.018655970692634583 32
1747593092951 0.017861751839518547 33
1747593100179 0.015919407829642296 34
1747593107472 0.01764076203107834 35
1747593114320 0.019117681309580803 36
1747593121718 0.016476556658744812 37
1747593129273 0.01449547614902258 38
1747593136534 0.015757594257593155 39
1747593143881 0.015095978043973446 40
1747593151163 0.014767192304134369 41
1747593158703 0.01455716509371996 42
1747593166161 0.01510548871010542 43
1747593173499 0.014075024984776974 44
1747593180759 0.01572738215327263 45
1747593188176 0.014056272804737091 46
1747593195769 0.013514905236661434 47
1747593203464 0.01352339331060648 48
1747593210808 0.014315744861960411 49
