1747592851104 0.24299176166876443 0
1747592857885 0.10998593049419067 1
1747592865332 0.10131005724516781 2
1747592872529 0.08395100472141576 3
1747592879814 0.06386868650590045 4
1747592886942 0.0544877241913499 5
1747592894211 0.04414660746222208 6
1747592901708 0.0366275272907608 7
1747592908916 0.032755322056959565 8
1747592916197 0.027596854232820413 9
1747592923439 0.024577826021400254 10
1747592930964 0.018840582819677727 11
1747592938689 0.016305080043519753 12
1747592945967 0.015030195535874423 13
1747592953349 0.013619048361040425 14
1747592960415 0.01144878429805458 15
1747592967867 0.010022504297760132 16
1747592975237 0.009305459497125364 17
1747592982570 0.009207378232011752 18
1747592989808 0.0067924520403138365 19
1747592997169 0.0069393242765019 20
1747593004916 0.006035516442486284 21
1747593012329 0.006888372492383582 22
1747593019635 0.006149244616313684 23
1747593026946 0.005452699955819448 24
1747593034026 0.006543242760878989 25
1747593041267 0.005808474369939695 26
1747593048885 0.004858940168169782 27
1747593056080 0.005723925114726447 28
1747593063343 0.005114494635559027 29
1747593070562 0.005319139367521431 30
1747593077757 0.004982181592209251 31
1747593085458 0.004518241052656411 32
1747593092952 0.004258732399524677 33
1747593100180 0.003552039428810695 34
1747593107473 0.004644954715471118 35
1747593114321 0.005362421033829279 36
1747593121720 0.004275359102473347 37
1747593129274 0.003275269897599196 38
1747593136535 0.004041688041407637 39
1747593143882 0.0037939188682399884 40
1747593151165 0.0034980214636877263 41
1747593158704 0.00343842917719726 42
1747593166162 0.0038618439225969543 43
1747593173500 0.003481933089811249 44
1747593180760 0.00422274717785821 45
1747593188177 0.0028731267228994384 46
1747593195770 0.0026298852725031826 47
1747593203466 0.002998871523067609 48
1747593210809 0.003455724595123958 49
