1747770553381 5.832172870635986 0
1747770553561 3.6379826068878174 1
1747770553687 2.1408557891845703 2
1747770553819 1.7372547388076782 3
1747770553948 1.5509666204452515 4
1747770554082 1.4428520202636719 5
1747770554216 1.336877465248108 6
1747770554351 1.2378267049789429 7
1747770554489 1.1623587608337402 8
1747770554624 1.0802620649337769 9
1747770554762 1.0040767192840576 10
1747770554895 0.9373104572296143 11
1747770555034 0.8476802706718445 12
1747770555172 0.782928466796875 13
1747770555312 0.7230527400970459 14
1747770555448 0.6601985096931458 15
1747770555585 0.6189787983894348 16
1747770555724 0.5968412160873413 17
1747770555863 0.5659551024436951 18
1747770556002 0.5273827910423279 19
1747770556140 0.48518362641334534 20
1747770556279 0.481703519821167 21
1747770556415 0.46694666147232056 22
1747770556551 0.44750747084617615 23
1747770556696 0.4525347054004669 24
1747770556843 0.402500182390213 25
1747770556988 0.39101579785346985 26
1747770557125 0.3838319778442383 27
1747770557264 0.39260435104370117 28
1747770557456 0.3660351634025574 29
1747770557649 0.37613391876220703 30
1747770557854 0.36833226680755615 31
1747770558045 0.33925536274909973 32
1747770558237 0.3523866832256317 33
1747770558431 0.3409193456172943 34
1747770558622 0.33373239636421204 35
1747770558816 0.34556835889816284 36
1747770559007 0.3455216884613037 37
1747770559200 0.3219808042049408 38
1747770559397 0.3443707227706909 39
1747770559591 0.3494180142879486 40
1747770559792 0.363516241312027 41
1747770559951 0.3329329192638397 42
1747770560083 0.31446054577827454 43
1747770560215 0.30181682109832764 44
1747770560350 0.3025980293750763 45
1747770560497 0.3146456778049469 46
1747770560639 0.27779045701026917 47
1747770560778 0.33175572752952576 48
1747770560914 0.289040207862854 49
