1747770553383 62.999028566059515 0
1747770553563 23.913987508726013 1
1747770553688 9.07714182597356 2
1747770553820 6.751796285288633 3
1747770553950 5.729144971499181 4
1747770554084 5.165785309388231 5
1747770554218 4.483363498060241 6
1747770554352 4.016746884972685 7
1747770554490 3.474872752531681 8
1747770554626 2.9774458034615043 9
1747770554764 2.5919844791860465 10
1747770554897 2.1696162765513 11
1747770555036 1.747623206437331 12
1747770555173 1.4317135554040799 13
1747770555313 1.1803775445560418 14
1747770555450 0.9583708890628493 15
1747770555587 0.8134650964132588 16
1747770555726 0.7104552990272907 17
1747770555865 0.6349155484510628 18
1747770556004 0.5494293824488418 19
1747770556141 0.475479232190477 20
1747770556280 0.4534328854530201 21
1747770556416 0.4366938406354835 22
1747770556553 0.3868576160571853 23
1747770556698 0.39271271549638914 24
1747770556844 0.3323595807444307 25
1747770556989 0.3093435574344889 26
1747770557127 0.2995022270585065 27
1747770557266 0.30641346693704774 28
1747770557458 0.2752097142503426 29
1747770557652 0.2833142939483247 30
1747770557857 0.2793672099319853 31
1747770558047 0.24126943677045573 32
1747770558239 0.24905038537784602 33
1747770558433 0.24396133359137032 34
1747770558624 0.23554680373227277 35
1747770558818 0.24489155772664234 36
1747770559009 0.2361409253633421 37
1747770559202 0.21368852871898705 38
1747770559399 0.23148447046624382 39
1747770559593 0.23750314601216824 40
1747770559795 0.25022039117117517 41
1747770559952 0.21810318457880226 42
1747770560084 0.20507617151049223 43
1747770560217 0.19650841427032922 44
1747770560352 0.20310453293884037 45
1747770560499 0.20220426498778005 46
1747770560641 0.17311946102835488 47
1747770560780 0.21485540550009002 48
1747770560916 0.1804298580694827 49
