1747770304979 2933.249372919068 0
1747770305106 975.3179315961617 1
1747770305231 411.47225208796283 2
1747770305358 187.4236070449354 3
1747770305493 90.33142893309044 4
1747770305620 46.385219343594805 5
1747770305756 26.366239647918317 6
1747770305883 16.977167151298396 7
1747770306019 11.899159658822075 8
1747770306148 9.112085304397791 9
1747770306278 7.406505974836024 10
1747770306408 6.302265952020911 11
1747770306539 5.467933819601707 12
1747770306672 4.778652126977008 13
1747770306801 4.203267592823169 14
1747770306937 3.630188157133229 15
1747770307066 3.1498863207602215 16
1747770307193 2.7705307474533236 17
1747770307314 2.3984405140816034 18
1747770307451 1.9849100393935102 19
1747770307583 1.7596929260103287 20
1747770307715 1.580197516092992 21
1747770307846 1.4543816292460823 22
1747770307979 1.3357262916915578 23
1747770308117 1.2491974679536 24
1747770308260 1.1773954854682338 25
1747770308384 1.1071801638977068 26
1747770308518 1.0454730103242431 27
1747770308652 1.0092573523592012 28
1747770308812 0.9710856314861419 29
1747770309001 0.9162976456877171 30
1747770309188 0.8982805110113591 31
1747770309378 0.8648074626503626 32
1747770309560 0.8304684210272909 33
1747770309747 0.7940410587586 34
1747770309930 0.7725408176534841 35
1747770310066 0.7459677146699815 36
1747770310185 0.7233922810616703 37
1747770310309 0.715046149264254 38
1747770310430 0.6785597450269208 39
1747770310553 0.6626154785604339 40
1747770310675 0.6524910878552299 41
1747770310800 0.6330268319362972 42
1747770310923 0.6115101309423995 43
1747770311048 0.5936023115030663 44
1747770311172 0.5686480943030425 45
1747770311295 0.5527397477986994 46
1747770311417 0.5406950712997928 47
1747770311542 0.5320057210821987 48
1747770311667 0.5123776446527326 49
