1743881267047 0.23663528947295065 0
1743881291216 0.20034247721145335 1
1743881315507 0.17605971748584118 2
1743881340227 0.15815729763671352 3
1743881364780 0.14622730305926981 4
1743881389438 0.13714485562161233 5
1743881413927 0.12636052213311405 6
1743881438431 0.12159419562706675 7
1743881463048 0.1132862868503857 8
1743881487462 0.10967387017968908 9
1743881511922 0.10270505967525756 10
1743881536295 0.10126567520597024 11
1743881560887 0.09469808184243311 12
1743881585706 0.08944326877530763 13
1743881610214 0.08950578163421646 14
1743881634534 0.0837048033304772 15
1743881658697 0.08273351425928108 16
1743881682854 0.07744342428451399 17
1743881707296 0.07655270760114131 18
1743881731837 0.07513950629209282 19
1743881756659 0.07217163476512649 20
1743881781166 0.07032635209957841 21
1743881805483 0.06869865796288935 22
1743881829911 0.06620024919128377 23
1743881854598 0.06285365270160408 24
1743881879132 0.06249738822142208 25
1743881903378 0.06034168053494034 26
1743881927664 0.059998884077605 27
1743881951841 0.057792862349038715 28
1743881976215 0.0558682895156762 29
1743882000449 0.057870675534262075 30
1743882024608 0.05459167410880187 31
1743882049093 0.05537224724424082 32
1743882073712 0.05145518161090917 33
1743882098275 0.05145119556607516 34
1743882122342 0.048893922073756535 35
1743882146329 0.050421248287629894 36
1743882170417 0.04945921797369015 37
1743882194343 0.04594349466542441 38
1743882219030 0.04615070678259967 39
1743882243858 0.045667638788734324 40
1743882268263 0.04667079844306597 41
1743882292815 0.04350306949431194 42
1743882317179 0.043201101614816266 43
1743882341784 0.042397635922219776 44
1743882366016 0.044292077977577 45
1743882390479 0.04075783741868472 46
1743882414991 0.041094549096825715 47
1743882439368 0.04001810877119747 48
1743882464054 0.03804455578198663 49
