1747609254568 0.15430468320846558 0
1747609263917 0.14000028371810913 1
1747609273779 0.12521997094154358 2
1747609282870 0.11241050064563751 3
1747609292795 0.10563255101442337 4
1747609301707 0.1040608137845993 5
1747609311938 0.10406732559204102 6
1747609321414 0.1032753512263298 7
1747609331202 0.10168282687664032 8
1747609341279 0.10039211809635162 9
1747609350383 0.10167376697063446 10
1747609359733 0.10079000145196915 11
1747609369396 0.10105152428150177 12
1747609378265 0.09972446411848068 13
1747609387364 0.09993313252925873 14
1747609396370 0.09981860220432281 15
1747609405850 0.10001476854085922 16
1747609415160 0.10129863768815994 17
1747609424657 0.10107213258743286 18
1747609433770 0.10146892070770264 19
1747609442878 0.10122262686491013 20
1747609452065 0.1018039882183075 21
1747609461204 0.10207218676805496 22
1747609471156 0.10168449580669403 23
1747609480248 0.10235926508903503 24
1747609490368 0.10222999006509781 25
1747609499790 0.10198251157999039 26
1747609509149 0.10214485973119736 27
1747609517933 0.1015448197722435 28
1747609527184 0.10062970966100693 29
1747609537157 0.10093315690755844 30
1747609546281 0.10036586970090866 31
1747609555265 0.10024996846914291 32
1747609564539 0.0999019667506218 33
1747609573139 0.09930980205535889 34
1747609582267 0.09876924008131027 35
1747609591343 0.0982288345694542 36
1747609600635 0.09802255779504776 37
1747609609983 0.09719697386026382 38
1747609618883 0.09679434448480606 39
1747609628167 0.09622050076723099 40
1747609637786 0.09577321261167526 41
1747609646912 0.09558532387018204 42
1747609656674 0.0952405333518982 43
1747609666187 0.09503891319036484 44
1747609676100 0.09463109076023102 45
1747609685336 0.0943116694688797 46
1747609694607 0.09430402517318726 47
1747609703478 0.09390521794557571 48
1747609712999 0.09413526952266693 49
