1747609254569 0.13915339304342744 0
1747609263918 0.11359602533588503 1
1747609273780 0.08162647417297758 2
1747609282871 0.06516625133100706 3
1747609292796 0.06209414936874147 4
1747609301708 0.06066976703882694 5
1747609311939 0.05982367617786832 6
1747609321415 0.059063120351367585 7
1747609331203 0.0581876008367546 8
1747609341280 0.05734704458093367 9
1747609350384 0.056509361386725 10
1747609359734 0.05578618198496498 11
1747609369397 0.055246328633665326 12
1747609378266 0.05492842754786697 13
1747609387365 0.054536986364474384 14
1747609396371 0.05423030779683665 15
1747609405851 0.05395784874124045 16
1747609415161 0.053635460945121685 17
1747609424658 0.05357703878994975 18
1747609433772 0.05334926010009435 19
1747609442879 0.05333966332426499 20
1747609452067 0.05319447817094964 21
1747609461205 0.05313890834951215 22
1747609471157 0.05312584418564764 23
1747609480249 0.05299351770622619 24
1747609490368 0.052875353986121545 25
1747609499792 0.052753566385648785 26
1747609509150 0.05261031763225462 27
1747609517934 0.052293991868421846 28
1747609527185 0.05214664203193208 29
1747609537158 0.05204583179128095 30
1747609546282 0.051894988544247775 31
1747609555266 0.05170984141414327 32
1747609564540 0.051499975040836296 33
1747609573140 0.05138490302304312 34
1747609582268 0.05120920813929839 35
1747609591345 0.05109319161817592 36
1747609600636 0.05101330840179349 37
1747609609984 0.05093852564221291 38
1747609618884 0.05086629256113099 39
1747609628168 0.05087121659292983 40
1747609637787 0.050631220440020705 41
1747609646913 0.05019833655738398 42
1747609656675 0.04997924386740965 43
1747609666188 0.04983319406854489 44
1747609676101 0.04966990364832723 45
1747609685337 0.04957750794865269 46
1747609694608 0.04947382432994043 47
1747609703480 0.04932599828645416 48
1747609713000 0.04922935894377464 49
