1747771111243 45.595951080322266 0
1747771111491 22.030574798583984 1
1747771111701 15.9146728515625 2
1747771111864 14.554915428161621 3
1747771112033 12.74158763885498 4
1747771112204 10.021573066711426 5
1747771112373 8.719924926757812 6
1747771112546 7.523807048797607 7
1747771112717 5.17666482925415 8
1747771112887 3.690929651260376 9
1747771113060 3.07401704788208 10
1747771113233 2.5532028675079346 11
1747771113421 2.214782238006592 12
1747771113612 1.9158905744552612 13
1747771113798 1.7251167297363281 14
1747771113978 1.5786895751953125 15
1747771114162 1.4966996908187866 16
1747771114356 1.4358093738555908 17
1747771114566 1.3615953922271729 18
1747771114782 1.3097047805786133 19
1747771114973 1.2629783153533936 20
1747771115162 1.2543281316757202 21
1747771115369 1.2404067516326904 22
1747771115625 1.241857647895813 23
1747771115876 1.2003259658813477 24
1747771116127 1.1389740705490112 25
1747771116382 1.093345046043396 26
1747771116647 1.1160893440246582 27
1747771116897 1.0978292226791382 28
1747771117150 1.0439770221710205 29
1747771117398 1.0119918584823608 30
1747771117648 0.979730486869812 31
1747771117866 0.9356781244277954 32
1747771118044 0.8806688785552979 33
1747771118227 0.8552707433700562 34
1747771118416 0.8005183935165405 35
1747771118593 0.7679610848426819 36
1747771118766 0.7162112593650818 37
1747771118942 0.6843490600585938 38
1747771119132 0.6486431360244751 39
1747771119325 0.6041314601898193 40
1747771119508 0.5656247138977051 41
1747771119689 0.5692785978317261 42
1747771119879 0.5222055315971375 43
1747771120061 0.5307312607765198 44
1747771120239 0.5257261395454407 45
1747771120429 0.5554428100585938 46
1747771120612 0.5630552172660828 47
1747771120783 0.5454836487770081 48
1747771120956 0.5146723389625549 49
