1747770633604 0.3278408944606781 0
1747770633897 0.5613636374473572 1
1747770634150 0.7369318008422852 2
1747770634455 0.8448863625526428 3
1747770634690 0.8829545378684998 4
1747770634967 0.9284090995788574 5
1747770635284 0.9443181753158569 6
1747770635607 0.9511363506317139 7
1747770635961 0.9511363506317139 8
1747770636783 0.9596590995788574 9
1747770637203 0.9647727012634277 10
1747770637529 0.9607954621315002 11
1747770638439 0.9636363387107849 12
1747770640100 0.9676136374473572 13
1747770641500 0.9670454263687134 14
1747770641802 0.9636363387107849 15
1747770642173 0.9619318246841431 16
1747770642539 0.9710227251052856 17
1747770642889 0.9664772748947144 18
1747770643140 0.9676136374473572 19
1747770643389 0.9647727012634277 20
1747770643612 0.9715909361839294 21
1747770643872 0.9681817889213562 22
1747770644098 0.9704545736312866 23
1747770644390 0.9732954502105713 24
1747770644620 0.9732954502105713 25
1747770644897 0.9704545736312866 26
1747770645130 0.9715909361839294 27
1747770645421 0.9732954502105713 28
1747770645674 0.9715909361839294 29
1747770645979 0.9738636612892151 30
1747770646234 0.9721590876579285 31
1747770646540 0.9767045378684998 32
1747770646822 0.9721590876579285 33
1747770647210 0.9744318127632141 34
1747770647557 0.9704545736312866 35
1747770647954 0.9727272987365723 36
1747770648299 0.9727272987365723 37
1747770648703 0.9738636612892151 38
1747770649055 0.9755681753158569 39
1747770649385 0.9727272987365723 40
1747770649634 0.9778409004211426 41
1747770649933 0.9784091114997864 42
1747770650183 0.9738636612892151 43
1747770650486 0.9772727489471436 44
1747770650745 0.9761363863945007 45
1747770651048 0.9761363863945007 46
1747770651305 0.9727272987365723 47
1747770651576 0.9795454740524292 48
1747770652815 0.9795454740524292 49
