1743753789908 0.3724798008152345 0
1743753812833 0.21364603673402105 1
1743753835485 0.19246249542609034 2
1743753858035 0.1833230612121957 3
1743753880542 0.17689821756088303 4
1743753903085 0.17198177097315046 5
1743753925593 0.16801298747723536 6
1743753947981 0.1642448365549233 7
1743753970476 0.16045401763157643 8
1743753993186 0.15655574191700614 9
1743754015854 0.15307349055582165 10
1743754038192 0.14993405588179898 11
1743754060856 0.1470841769682378 12
1743754083687 0.14413018277709408 13
1743754106366 0.14137255593127404 14
1743754128886 0.13838481945056172 15
1743754151434 0.13553389017442696 16
1743754173734 0.13246222746029387 17
1743754196183 0.12922423660542232 18
1743754218702 0.12583965424116472 19
1743754241148 0.12298661164785209 20
1743754263552 0.12044012878709938 21
1743754286004 0.1183018254383412 22
1743754308315 0.11649670193062163 23
1743754330636 0.11495713405290349 24
1743754353029 0.1136691332155323 25
1743754375664 0.11254816445105895 26
1743754398232 0.11155059422148052 27
1743754421045 0.11052416115810372 28
1743754443632 0.10959013490107565 29
1743754466122 0.10881304304717007 30
1743754488728 0.1081833133262478 31
1743754511547 0.1074649027752294 32
1743754534222 0.10698665034382439 33
1743754556678 0.10644301787423312 34
1743754579048 0.10592339294359152 35
1743754601474 0.10538399900101374 36
1743754623997 0.10499942038327789 37
1743754646668 0.1045307448511671 38
1743754669376 0.10424641115224385 39
1743754692089 0.10369108305369977 40
1743754714757 0.10330969712296159 41
1743754737451 0.10292374301321895 42
1743754760196 0.10265397535934757 43
1743754782928 0.10230551547706376 44
1743754805552 0.10200056103046524 45
1743754827743 0.10171974914728114 46
1743754850399 0.10140429485508792 47
1743754873078 0.1010918189449025 48
1743754895785 0.10080476845648206 49
