1743753789907 0.43797576427459717 0
1743753812832 0.26499226689338684 1
1743753835484 0.244462251663208 2
1743753858034 0.23504774272441864 3
1743753880541 0.22855788469314575 4
1743753903084 0.2241089940071106 5
1743753925592 0.22034192085266113 6
1743753947980 0.2169054001569748 7
1743753970475 0.21354541182518005 8
1743753993185 0.21021270751953125 9
1743754015853 0.20708365738391876 10
1743754038191 0.2042599320411682 11
1743754060855 0.20176327228546143 12
1743754083687 0.19915051758289337 13
1743754106365 0.1968197077512741 14
1743754128885 0.19415654242038727 15
1743754151434 0.19171926379203796 16
1743754173733 0.18907901644706726 17
1743754196182 0.1863376945257187 18
1743754218701 0.1834205836057663 19
1743754241147 0.1809576153755188 20
1743754263551 0.1787634938955307 21
1743754286003 0.17681249976158142 22
1743754308314 0.17516684532165527 23
1743754330636 0.1737055778503418 24
1743754353028 0.17237237095832825 25
1743754375663 0.1713508516550064 26
1743754398231 0.17029735445976257 27
1743754421044 0.1692628413438797 28
1743754443631 0.16833555698394775 29
1743754466122 0.1674625128507614 30
1743754488727 0.166778564453125 31
1743754511546 0.16594690084457397 32
1743754534221 0.16546157002449036 33
1743754556677 0.16483363509178162 34
1743754579047 0.164175346493721 35
1743754601473 0.16363294422626495 36
1743754623996 0.16323064267635345 37
1743754646667 0.1627088189125061 38
1743754669375 0.16234982013702393 39
1743754692088 0.16177338361740112 40
1743754714756 0.1613737791776657 41
1743754737450 0.16097766160964966 42
1743754760196 0.16061408817768097 43
1743754782927 0.16022922098636627 44
1743754805551 0.15982384979724884 45
1743754827742 0.1594710499048233 46
1743754850398 0.15919719636440277 47
1743754873077 0.15881313383579254 48
1743754895784 0.15843167901039124 49
