1747599547770 0.09603603184223175 0
1747599556202 0.032155413180589676 1
1747599565025 0.017356649041175842 2
1747599573722 0.01456822082400322 3
1747599582344 0.013936441391706467 4
1747599591431 0.01317665260285139 5
1747599600078 0.012559530325233936 6
1747599608948 0.012430336326360703 7
1747599617848 0.012044934555888176 8
1747599626600 0.011630836874246597 9
1747599635012 0.011120473966002464 10
1747599644148 0.010575657710433006 11
1747599652897 0.01073335949331522 12
1747599661754 0.010509924963116646 13
1747599670454 0.010035732761025429 14
1747599678934 0.010106750763952732 15
1747599687705 0.009553886950016022 16
1747599696488 0.009797441773116589 17
1747599704664 0.00933467410504818 18
1747599713764 0.009241187013685703 19
1747599722234 0.008981146849691868 20
1747599730884 0.008840045891702175 21
1747599739836 0.008711975999176502 22
1747599748301 0.00850406289100647 23
1747599757079 0.008309688419103622 24
1747599765889 0.008055253885686398 25
1747599774111 0.008269136771559715 26
1747599782892 0.008254014886915684 27
1747599791529 0.007973220199346542 28
1747599800076 0.008083860389888287 29
1747599809264 0.007658924907445908 30
1747599817959 0.007599459495395422 31
1747599826698 0.007495605852454901 32
1747599835503 0.0076200151816010475 33
1747599844145 0.007452001329511404 34
1747599853054 0.007324031554162502 35
1747599861830 0.00738450326025486 36
1747599870281 0.007141762878745794 37
1747599879338 0.007009827997535467 38
1747599888065 0.0069924648851156235 39
1747599896873 0.006740168668329716 40
1747599905771 0.0068009113892912865 41
1747599914440 0.0066969445906579494 42
1747599922865 0.006790412589907646 43
1747599931239 0.006586408242583275 44
1747599939853 0.006841662805527449 45
1747599948774 0.00625890726223588 46
1747599957360 0.006556929554790258 47
1747599965696 0.006760286632925272 48
1747599974656 0.006687689572572708 49
