1747599547771 0.22517309744433445 0
1747599556203 0.014545385093879377 1
1747599565027 0.0027406230764220993 2
1747599573723 0.001780965641870039 3
1747599582345 0.001650867491799507 4
1747599591432 0.0016658802239646038 5
1747599600079 0.0013241834619162189 6
1747599608949 0.0015209689645883668 7
1747599617849 0.0012743876349622038 8
1747599626601 0.0011091210145723646 9
1747599635013 0.0010585775260560785 10
1747599644149 0.0009453875740226295 11
1747599652898 0.001033886562660949 12
1747599661756 0.0008925882753998269 13
1747599670455 0.0008068542981168725 14
1747599678935 0.0008622376851211079 15
1747599687706 0.0007032454760913069 16
1747599696489 0.0008588302289304681 17
1747599704665 0.0007448432185872215 18
1747599713766 0.0007578593787470729 19
1747599722235 0.0007511835956486536 20
1747599730886 0.0006613418638684831 21
1747599739838 0.000665918250229853 22
1747599748302 0.000593840385572291 23
1747599757080 0.0006060728873442894 24
1747599765890 0.000616036565410917 25
1747599774112 0.0005793333507979355 26
1747599782894 0.0005416946310952976 27
1747599791530 0.0005583384690650144 28
1747599800077 0.0005242506778393282 29
1747599809265 0.0005062772034717992 30
1747599817960 0.0005182642419370778 31
1747599826699 0.0005176103059214197 32
1747599835504 0.0005211888178198903 33
1747599844146 0.00046105614003262384 34
1747599853056 0.0004693800399723635 35
1747599861831 0.00043787838475577054 36
1747599870282 0.0004407997819523422 37
1747599879339 0.00045261103251623044 38
1747599888066 0.00044672033098224124 39
1747599896875 0.00035824820394660616 40
1747599905772 0.00044241221677879657 41
1747599914441 0.00039464390881023347 42
1747599922866 0.0004095329733151647 43
1747599931240 0.00038427779476759167 44
1747599939854 0.0004149437950727335 45
1747599948775 0.0003374387278975802 46
1747599957361 0.0003462614616468262 47
1747599965697 0.000419023744211681 48
1747599974657 0.00040530575262688633 49
