1747770098502 3867.384097942889 0
1747770098689 3856.730653812238 1
1747770098880 3840.9267172054906 2
1747770099151 3794.615773558116 3
1747770099436 3741.379302924753 4
1747770099732 3718.4745591600717 5
1747770100001 3613.6973330579453 6
1747770100174 3444.6633259529067 7
1747770100324 3310.5101091467727 8
1747770100478 3187.1254324076986 9
1747770100635 3071.6264869429187 10
1747770100794 2967.6375250877363 11
1747770100961 2873.805356301017 12
1747770101131 2791.2665782294853 13
1747770101298 2685.809936875284 14
1747770101471 2604.5782261923587 15
1747770101639 2520.58036040296 16
1747770101880 2436.3307478750694 17
1747770102105 2363.1059485078126 18
1747770102327 2295.256482235181 19
1747770102567 2216.6829716754705 20
1747770102792 2150.315623865694 21
1747770103018 2085.370930641819 22
1747770103244 2025.8578487864538 23
1747770103474 1968.5388907755907 24
1747770103705 1893.8628401853719 25
1747770103996 1847.8613777066716 26
1747770104233 1792.7247407004888 27
1747770104401 1735.0220359120583 28
1747770104603 1687.1601117182743 29
1747770104826 1636.6240734973806 30
1747770105039 1590.1595266530762 31
1747770105209 1540.6170055492585 32
1747770105381 1502.6797756488052 33
1747770105553 1463.8099023637787 34
1747770105749 1423.163218263045 35
1747770105926 1384.9568110295786 36
1747770106099 1353.8478563542874 37
1747770106268 1315.6879772541524 38
1747770106439 1289.3543362661856 39
1747770106610 1258.5033411255934 40
1747770106774 1233.3069711798885 41
1747770106945 1204.8469220088168 42
1747770107104 1186.4756539282425 43
1747770107279 1162.9150188544952 44
1747770107468 1137.9328099565694 45
1747770107644 1121.0826449819706 46
1747770107821 1105.0554489623366 47
1747770107995 1086.8348617452607 48
1747770108193 1070.0565702889255 49
