1747770098500 42.14028549194336 0
1747770098686 41.81683349609375 1
1747770098878 41.55146408081055 2
1747770099149 41.151363372802734 3
1747770099435 40.77341842651367 4
1747770099731 40.44795227050781 5
1747770100000 39.88115310668945 6
1747770100173 38.8726806640625 7
1747770100323 38.024253845214844 8
1747770100477 37.2923583984375 9
1747770100634 36.624351501464844 10
1747770100793 36.00658416748047 11
1747770100960 35.42121124267578 12
1747770101130 34.865779876708984 13
1747770101296 34.32952117919922 14
1747770101470 33.810447692871094 15
1747770101638 33.304290771484375 16
1747770101878 32.82060241699219 17
1747770102103 32.34501266479492 18
1747770102325 31.88646697998047 19
1747770102565 31.419076919555664 20
1747770102790 30.971500396728516 21
1747770103016 30.53376579284668 22
1747770103242 30.101987838745117 23
1747770103472 29.676040649414062 24
1747770103703 29.262033462524414 25
1747770103993 28.847957611083984 26
1747770104231 28.434473037719727 27
1747770104400 28.035425186157227 28
1747770104602 27.63142967224121 29
1747770104821 27.236791610717773 30
1747770105038 26.849124908447266 31
1747770105208 26.470258712768555 32
1747770105380 26.097270965576172 33
1747770105551 25.751447677612305 34
1747770105748 25.409700393676758 35
1747770105925 25.0716495513916 36
1747770106097 24.74757957458496 37
1747770106267 24.4398193359375 38
1747770106437 24.137069702148438 39
1747770106609 23.85527801513672 40
1747770106773 23.609867095947266 41
1747770106944 23.379743576049805 42
1747770107103 23.17307472229004 43
1747770107277 22.987289428710938 44
1747770107466 22.808753967285156 45
1747770107643 22.651905059814453 46
1747770107819 22.508617401123047 47
1747770107994 22.37538719177246 48
1747770108191 22.255273818969727 49
