1747578415980 0.0077006821520626545 0
1747578422113 0.006461788434535265 1
1747578427890 0.006269739009439945 2
1747578433473 0.006027772556990385 3
1747578439320 0.006101576611399651 4
1747578444988 0.005869325716048479 5
1747578450694 0.005610728170722723 6
1747578456474 0.005523374769836664 7
1747578462171 0.00548018841072917 8
1747578467944 0.005396249238401651 9
1747578473764 0.005167059600353241 10
1747578479470 0.0050191208720207214 11
1747578484804 0.0049447896890342236 12
1747578489988 0.004680237732827663 13
1747578495212 0.0048914444632828236 14
1747578501097 0.004654481541365385 15
1747578506920 0.004617221653461456 16
1747578512679 0.0044810292311012745 17
1747578518322 0.004494684748351574 18
1747578523902 0.004436935298144817 19
1747578529226 0.00448478851467371 20
1747578534450 0.00441056489944458 21
1747578539583 0.0042168134823441505 22
1747578545137 0.004252053797245026 23
1747578550876 0.0040679629892110825 24
1747578556501 0.004148129373788834 25
1747578562180 0.004111016634851694 26
1747578568089 0.003977802116423845 27
1747578573663 0.0040148482657969 28
1747578579064 0.004027188755571842 29
1747578584361 0.0036301976069808006 30
1747578589933 0.004020852968096733 31
1747578595304 0.0038901004008948803 32
1747578600937 0.00384791218675673 33
1747578606493 0.003847264451906085 34
1747578612017 0.0038035805337131023 35
1747578617692 0.003756097983568907 36
1747578623331 0.0036902830470353365 37
1747578628734 0.0036078982520848513 38
1747578634020 0.003674491075798869 39
1747578639188 0.003507073735818267 40
1747578644714 0.003635766915977001 41
1747578650282 0.0034763626754283905 42
1747578655793 0.003470893017947674 43
1747578661357 0.003433879930526018 44
1747578667015 0.0033945359755307436 45
1747578672587 0.0034481508191674948 46
1747578678014 0.0033946691546589136 47
1747578683116 0.0033996424172073603 48
1747578688476 0.003319009207189083 49
