1747578415981 0.0005110433876477352 0
1747578422114 0.0003555990252113487 1
1747578427893 0.00032245838359001405 2
1747578433475 0.0002519778425775192 3
1747578439322 0.00028681040358973376 4
1747578444989 0.0002957625827166641 5
1747578450695 0.00019647875161358827 6
1747578456475 0.00019393775404640315 7
1747578462172 0.00021145254244470338 8
1747578467945 0.0003216949951340309 9
1747578473765 0.0001914310179229332 10
1747578479470 0.00017414647615918895 11
1747578484805 0.00017135445504378496 12
1747578489989 0.00013737162938017537 13
1747578495213 0.00017292068508577697 14
1747578501098 0.00014967135912104422 15
1747578506921 0.00013596895865887755 16
1747578512680 0.00013430770335081584 17
1747578518323 0.00013078035266925365 18
1747578523903 0.0001437213680562644 19
1747578529227 0.00013300633521413728 20
1747578534451 0.00012794315585167018 21
1747578539583 0.00011607532590419812 22
1747578545138 0.00012014364818162454 23
1747578550877 0.000121191092065305 24
1747578556502 0.00011979037165033341 25
1747578562181 0.00012277063533044815 26
1747578568090 0.00011700527466872983 27
1747578573664 0.00011585013303679566 28
1747578579067 0.00011545469150309358 29
1747578584363 0.00010973040844519423 30
1747578589936 0.0001156786902782701 31
1747578595305 0.00010741405240512238 32
1747578600937 9.582970532761582e-05 33
1747578606494 0.00010863443534748699 34
1747578612018 0.00010178918001124147 35
1747578617692 0.00010951451858542408 36
1747578623332 0.00010292717918906034 37
1747578628736 0.00010197096908019601 38
1747578634021 0.00010032035624519533 39
1747578639190 9.248135383908028e-05 40
1747578644715 9.400511654878644e-05 41
1747578650283 9.354527852697012e-05 42
1747578655794 9.060567392146463e-05 43
1747578661357 9.472309991728406e-05 44
1747578667016 8.679095960028393e-05 45
1747578672588 8.709519470051896e-05 46
1747578678015 9.000115741040725e-05 47
1747578683117 8.866922898745359e-05 48
1747578688477 8.635325108930739e-05 49
