1747770166336 3448.4525056686534 0
1747770166457 1693.2624731852113 1
1747770166582 746.8649551134249 2
1747770166703 511.1802383094858 3
1747770166827 372.35473751279005 4
1747770166946 267.72966763675777 5
1747770167067 197.56598634901073 6
1747770167187 142.66564698064136 7
1747770167308 102.73601231370411 8
1747770167435 78.71078498523431 9
1747770167560 62.44268746372625 10
1747770167683 50.384802546321495 11
1747770167805 39.9164056620611 12
1747770167926 31.183651295280026 13
1747770168048 24.309911322153386 14
1747770168169 18.833803921501644 15
1747770168291 14.464659166343683 16
1747770168404 11.228441389271577 17
1747770168517 8.79524295786584 18
1747770168634 7.139220106547797 19
1747770168752 5.925653657164451 20
1747770168873 5.060463168457271 21
1747770168994 4.41624098606477 22
1747770169116 3.9160773428288604 23
1747770169236 3.510174131776718 24
1747770169358 3.1702026168025186 25
1747770169480 2.854895671067472 26
1747770169636 2.586790409924763 27
1747770169808 2.3527701379107455 28
1747770169983 2.0282685374059866 29
1747770170152 1.7833487021761842 30
1747770170326 1.5911742728701272 31
1747770170496 1.4314096935392406 32
1747770170671 1.2749200177308462 33
1747770170842 1.1542009591195768 34
1747770171015 1.050436539183247 35
1747770171185 0.9442704356264228 36
1747770171359 0.8401187131018879 37
1747770171527 0.7473288041100259 38
1747770171701 0.6688928095667659 39
1747770171871 0.6005558516969397 40
1747770172037 0.5454174108821063 41
1747770172143 0.4947886601807125 42
1747770172259 0.45204859589095336 43
1747770172375 0.4216264776063136 44
1747770172496 0.376025397809065 45
1747770172616 0.35024032961078433 46
1747770172738 0.3250597014109314 47
1747770172858 0.2937080838188296 48
1747770172980 0.2808049922346082 49
