1743924240064 0.3565159738063812 0
1743924263791 0.31815680861473083 1
1743924286888 0.31808096170425415 2
1743924309951 0.3180725872516632 3
1743924333910 0.31822583079338074 4
1743924357686 0.29848259687423706 5
1743924381457 0.27837952971458435 6
1743924405099 0.26755234599113464 7
1743924428688 0.26037850975990295 8
1743924452130 0.2553977370262146 9
1743924475683 0.24964557588100433 10
1743924499164 0.2437523454427719 11
1743924523001 0.23933129012584686 12
1743924546236 0.23606601357460022 13
1743924570203 0.23388932645320892 14
1743924593815 0.23163175582885742 15
1743924617897 0.2294038087129593 16
1743924641690 0.22771583497524261 17
1743924665348 0.22575588524341583 18
1743924689201 0.22456438839435577 19
1743924713070 0.22303737699985504 20
1743924736547 0.22162140905857086 21
1743924760190 0.22051942348480225 22
1743924783784 0.2194913625717163 23
1743924806974 0.2180410921573639 24
1743924830886 0.21681636571884155 25
1743924854383 0.21615318953990936 26
1743924877654 0.21434153616428375 27
1743924901206 0.213458850979805 28
1743924924283 0.21249812841415405 29
1743924947418 0.21130742132663727 30
1743924971010 0.2105783224105835 31
1743924994886 0.2096787989139557 32
1743925017979 0.20908039808273315 33
1743925041202 0.20799608528614044 34
1743925065050 0.2069641649723053 35
1743925088921 0.20602421462535858 36
1743925112698 0.20583875477313995 37
1743925136498 0.20562325417995453 38
1743925160601 0.2045033872127533 39
1743925184537 0.20408180356025696 40
1743925208254 0.20330078899860382 41
1743925231662 0.20288576185703278 42
1743925255284 0.20231537520885468 43
1743925278631 0.20166458189487457 44
1743925302656 0.20099104940891266 45
1743925326426 0.20093299448490143 46
1743925350178 0.20034566521644592 47
1743925373587 0.1999703049659729 48
1743925397406 0.199769988656044 49
