1747701936857 0.24616395269543354 0
1747701952432 0.2396905728691427 1
1747701967598 0.23862444415003403 2
1747701982948 0.23809366129287327 3
1747701998148 0.23784623027179536 4
1747702013573 0.2376856720495513 5
1747702029312 0.23733864867274185 6
1747702044869 0.23728772985561875 7
1747702060462 0.23729170422509904 8
1747702076052 0.23709825603102144 9
1747702091492 0.23688208022188476 10
1747702106859 0.23683996486989667 11
1747702122141 0.23687082565107292 12
1747702137692 0.23675822313308567 13
1747702153388 0.2366147552181984 14
1747702168964 0.2365783807055942 15
1747702184382 0.23653216642327027 16
1747702199790 0.23653674461970733 17
1747702215112 0.2364344392626348 18
1747702230328 0.23638604836584384 19
1747702245813 0.2363871278973177 20
1747702261795 0.23643416855928723 21
1747702277592 0.23615565969262725 22
1747702293139 0.2361045331454507 23
1747702308746 0.23626136188639585 24
1747702324360 0.2361624192495675 25
1747702339801 0.23607320077477673 26
1747702355070 0.23595698626986433 27
1747702370298 0.2359697416993405 28
1747702385597 0.23586611439645083 29
1747702401056 0.23581292439052526 30
1747702416971 0.2357477363037387 31
1747702432486 0.23571416009052285 32
1747702448090 0.23581523667228899 33
1747702463365 0.23571494566963166 34
1747702478729 0.23580138876116927 35
1747702493745 0.23562890545080184 36
1747702509162 0.23548745901549506 37
1747702524255 0.23557269093435848 38
1747702539739 0.2354750426962784 39
1747702555509 0.23548486680089703 40
1747702571306 0.23537446085718094 41
1747702586752 0.23524805747075114 42
1747702602331 0.23539470629623618 43
1747702617700 0.23527658611276867 44
1747702633167 0.2351809204598755 45
1747702648675 0.23526600442197707 46
1747702664380 0.23510673185109981 47
1747702680156 0.2350755242571061 48
1747702695595 0.23504553335698486 49
