1747718982458 0.9004088640213013 0
1747718998774 0.9153246879577637 1
1747719014692 0.915195643901825 2
1747719030281 0.9153520464897156 3
1747719047108 0.9153051376342773 4
1747719063571 0.9153989553451538 5
1747719080170 0.9153285622596741 6
1747719096284 0.9153246879577637 7
1747719111994 0.9152347445487976 8
1747719128343 0.9153441786766052 9
1747719144689 0.9152660369873047 10
1747719161233 0.9152699112892151 11
1747719178208 0.9152425527572632 12
1747719194711 0.9152816534042358 13
1747719211145 0.9152621030807495 14
1747719227059 0.9152464866638184 15
1747719243336 0.9152347445487976 16
1747719259883 0.9154614806175232 17
1747719276486 0.9153207540512085 18
1747719292975 0.9153324961662292 19
1747719309430 0.9154301881790161 20
1747719325800 0.9152542948722839 21
1747719342183 0.9152660369873047 22
1747719358320 0.9153989553451538 23
1747719373625 0.9154184460639954 24
1747719389787 0.9155083894729614 25
1747719406081 0.9154067635536194 26
1747719422847 0.9153910875320435 27
1747719439245 0.9153324961662292 28
1747719455039 0.9154223799705505 29
1747719470869 0.9153989553451538 30
1747719487499 0.9154497385025024 31
1747719503622 0.9154379963874817 32
1747719519704 0.9154497385025024 33
1747719536416 0.9153441786766052 34
1747719552966 0.9154653549194336 35
1747719569387 0.9154927134513855 36
1747719585100 0.9154419302940369 37
1747719600807 0.9154263138771057 38
1747719617016 0.9154692888259888 39
1747719633378 0.9155200719833374 40
1747719649680 0.9154223799705505 41
1747719666025 0.915516197681427 42
1747719682667 0.9156216979026794 43
1747719697795 0.9154770970344543 44
1747719714165 0.9154341220855713 45
1747719730256 0.9154263138771057 46
1747719746015 0.9154458045959473 47
1747719761830 0.9155200719833374 48
1747719777955 0.9154770970344543 49
