1743886636957 0.2324059394500158 0
1743886661509 0.20302318107266923 1
1743886686063 0.18598624604631353 2
1743886710777 0.17076938431725683 3
1743886735210 0.16171176205712004 4
1743886759946 0.14914443897762236 5
1743886784560 0.14415912929346034 6
1743886809093 0.13915422284282697 7
1743886833532 0.12695773162695156 8
1743886858007 0.12793580831994675 9
1743886882425 0.1173153712276867 10
1743886906663 0.11612213346706701 11
1743886931357 0.11212030335919328 12
1743886955607 0.10612272400998603 13
1743886980072 0.10637551371858113 14
1743887004456 0.10025511918589823 15
1743887029198 0.09422534082650719 16
1743887053892 0.09320573341043899 17
1743887078317 0.0904881446811328 18
1743887102735 0.08579572509293516 19
1743887127317 0.08375306938968162 20
1743887151432 0.08189110535286881 21
1743887175608 0.08022905497508738 22
1743887199859 0.07648748525621465 23
1743887223856 0.07615948134645201 24
1743887248003 0.07158120768702737 25
1743887272051 0.0724892640981447 26
1743887296013 0.06889937618868947 27
1743887320417 0.07005835495737787 28
1743887344931 0.06737497201713892 29
1743887369588 0.06625314190882292 30
1743887394172 0.06462107485157588 31
1743887418511 0.06519814110806509 32
1743887443139 0.061648653313732975 33
1743887467624 0.05986683051972197 34
1743887491965 0.0597639738687618 35
1743887516268 0.058405587834951304 36
1743887540805 0.05615104447069163 37
1743887565440 0.05483225957029774 38
1743887589992 0.05760321618798367 39
1743887614572 0.05581765363374704 40
1743887639335 0.05053907180377149 41
1743887664008 0.05363806264532528 42
1743887688514 0.0507541468110043 43
1743887712847 0.050818769508261454 44
1743887737181 0.049904239091823 45
1743887761645 0.0500262678023164 46
1743887786635 0.046200650605493096 47
1743887811096 0.047940268156131755 48
1743887835673 0.04497112624193929 49
