1743886636956 0.9437666535377502 0
1743886661508 0.9467999935150146 1
1743886686062 0.9512666463851929 2
1743886710776 0.9541000127792358 3
1743886735209 0.9551500082015991 4
1743886759945 0.9598333239555359 5
1743886784558 0.9605500102043152 6
1743886809092 0.9609000086784363 7
1743886833531 0.9648666381835938 8
1743886858006 0.9642000198364258 9
1743886882424 0.9659666419029236 10
1743886906661 0.9673500061035156 11
1743886931356 0.9678500294685364 12
1743886955606 0.9701333045959473 13
1743886980071 0.9696333408355713 14
1743887004454 0.9716333150863647 15
1743887029197 0.9724000096321106 16
1743887053891 0.9732666611671448 17
1743887078316 0.9735999703407288 18
1743887102733 0.9753833413124084 19
1743887127316 0.9756666421890259 20
1743887151430 0.9760333299636841 21
1743887175606 0.9763000011444092 22
1743887199857 0.9776999950408936 23
1743887223854 0.9776166677474976 24
1743887248002 0.9791833162307739 25
1743887272050 0.9783333539962769 26
1743887296012 0.9790999889373779 27
1743887320416 0.9794166684150696 28
1743887344930 0.9799000024795532 29
1743887369586 0.9799500107765198 30
1743887394171 0.980816662311554 31
1743887418509 0.9807500243186951 32
1743887443137 0.9809666872024536 33
1743887467623 0.9824000000953674 34
1743887491963 0.9817666411399841 35
1743887516267 0.9829333424568176 36
1743887540804 0.9828500151634216 37
1743887565439 0.9834333062171936 38
1743887589991 0.9827333092689514 39
1743887614571 0.982866644859314 40
1743887639334 0.9845499992370605 41
1743887664007 0.9836166501045227 42
1743887688513 0.9842833280563354 43
1743887712846 0.98458331823349 44
1743887737180 0.984499990940094 45
1743887761594 0.9848499894142151 46
1743887786633 0.9858333468437195 47
1743887811095 0.9851166605949402 48
1743887835672 0.9861000180244446 49
