1747651857213 0.9145077466964722 0
1747651870943 0.91512531042099 1
1747651884763 0.9151370525360107 2
1747651898738 0.9150979518890381 3
1747651912916 0.9148751497268677 4
1747651926873 0.9147774577140808 5
1747651940384 0.9149494171142578 6
1747651954651 0.9148399829864502 7
1747651968838 0.9150510430335999 8
1747651982988 0.9150197505950928 9
1747651996577 0.9151722192764282 10
1747652010105 0.9149338006973267 11
1747652024000 0.915195643901825 12
1747652038140 0.9153246879577637 13
1747652052108 0.9152933955192566 14
1747652065835 0.9152621030807495 15
1747652079847 0.9152973294258118 16
1747652093758 0.9153246879577637 17
1747652107709 0.9152191281318665 18
1747652121098 0.9153598546981812 19
1747652135079 0.9152738451957703 20
1747652149429 0.9153324961662292 21
1747652163547 0.9153989553451538 22
1747652177862 0.9155318140983582 23
1747652191812 0.9152660369873047 24
1747652205539 0.9154888391494751 25
1747652219456 0.9153832793235779 26
1747652233407 0.9153051376342773 27
1747652247358 0.9153441786766052 28
1747652261488 0.9154692888259888 29
1747652275576 0.915457546710968 30
1747652289663 0.9154770970344543 31
1747652303757 0.9154770970344543 32
1747652317904 0.9155240058898926 33
1747652332137 0.9155787229537964 34
1747652346522 0.9154810309410095 35
1747652360725 0.9155357480049133 36
1747652374856 0.9155982732772827 37
1747652389207 0.9155357480049133 38
1747652403485 0.9154341220855713 39
1747652417280 0.9153598546981812 40
1747652431568 0.9154028296470642 41
1747652445932 0.9154419302940369 42
1747652460221 0.9154028296470642 43
1747652474392 0.9154419302940369 44
1747652488585 0.915574848651886 45
1747652503027 0.9155357480049133 46
1747652517191 0.9155044555664062 47
1747652531376 0.9155200719833374 48
1747652545496 0.9154223799705505 49
