1747771532552 3.0698429500086735 0
1747771532738 2.9415667481653935 1
1747771532915 2.7850003772683833 2
1747771533093 2.6052562762663647 3
1747771533272 2.4422500778806264 4
1747771533452 2.279016329480642 5
1747771533631 2.0986168427260026 6
1747771533811 1.9736463653856764 7
1747771533992 1.8893653767489307 8
1747771534176 1.8043550375407995 9
1747771534446 1.72542497830198 10
1747771534716 1.5173616485798291 11
1747771534983 1.3219870324538818 12
1747771535249 1.039331643939531 13
1747771535480 0.8995710105611654 14
1747771535649 0.8229441775899861 15
1747771535819 0.7676442238008813 16
1747771536001 0.7276934044904693 17
1747771536176 0.6216102205852075 18
1747771536354 0.5118185709009765 19
1747771536532 0.4767513410218842 20
1747771536717 0.4293729598821927 21
1747771536896 0.4081841840178039 22
1747771537077 0.389603739027668 23
1747771537258 0.3667890816395788 24
1747771537439 0.35969566688109794 25
1747771537620 0.3421265828005434 26
1747771537801 0.3210920548991238 27
1747771537982 0.31867035824230633 28
1747771538163 0.2989264092098668 29
1747771538347 0.30046460011426873 30
1747771538528 0.28783851658211973 31
1747771538710 0.2817997626455781 32
1747771538890 0.2923179681183822 33
1747771539070 0.27734841808144073 34
1747771539309 0.28357468157904303 35
1747771539577 0.27851569964220524 36
1747771539844 0.26631595084985216 37
1747771540111 0.25497327257221725 38
1747771540379 0.25887039747285584 39
1747771540550 0.2535116904662736 40
1747771540723 0.2464741182107894 41
1747771540902 0.24567236097237388 42
1747771541080 0.24124540707670614 43
1747771541259 0.23035615865787248 44
1747771541437 0.24106121705808342 45
1747771541617 0.23190667414036592 46
1747771541802 0.22676163475901978 47
1747771541985 0.227630752730843 48
1747771542178 0.24408264565824697 49
