1747771532551 0.07215908914804459 0
1747771532736 0.15852272510528564 1
1747771532914 0.26761364936828613 2
1747771533092 0.2642045319080353 3
1747771533271 0.30000001192092896 4
1747771533450 0.3812499940395355 5
1747771533630 0.4829545319080353 6
1747771533810 0.5170454382896423 7
1747771533991 0.5278409123420715 8
1747771534174 0.5522727370262146 9
1747771534444 0.5693181753158569 10
1747771534714 0.5948863625526428 11
1747771534981 0.6295454502105713 12
1747771535247 0.6965909004211426 13
1747771535479 0.7164772748947144 14
1747771535648 0.7448863387107849 15
1747771535818 0.7556818127632141 16
1747771535999 0.768750011920929 17
1747771536175 0.7875000238418579 18
1747771536353 0.8119317889213562 19
1747771536531 0.8198863863945007 20
1747771536716 0.8374999761581421 21
1747771536895 0.8511363863945007 22
1747771537076 0.8590909242630005 23
1747771537257 0.8681818246841431 24
1747771537438 0.8681818246841431 25
1747771537619 0.8715909123420715 26
1747771537800 0.8784090876579285 27
1747771537981 0.8778409361839294 28
1747771538162 0.8857954740524292 29
1747771538345 0.8857954740524292 30
1747771538527 0.8926136493682861 31
1747771538708 0.8909090757369995 32
1747771538889 0.886931836605072 33
1747771539069 0.8971590995788574 34
1747771539307 0.894318163394928 35
1747771539575 0.887499988079071 36
1747771539843 0.9034090638160706 37
1747771540109 0.9022727012634277 38
1747771540377 0.9011363387107849 39
1747771540549 0.9022727012634277 40
1747771540722 0.90625 41
1747771540901 0.8977272510528564 42
1747771541079 0.9085227251052856 43
1747771541258 0.9136363863945007 44
1747771541436 0.9073863625526428 45
1747771541616 0.9051136374473572 46
1747771541801 0.9073863625526428 47
1747771541984 0.9034090638160706 48
1747771542177 0.8994318246841431 49
