1743919839547 0.329293278817194 0
1743919864234 0.14065172026352016 1
1743919888988 0.1058770475557443 2
1743919913791 0.08666990094795507 3
1743919938513 0.07500690363343279 4
1743919963153 0.06620913233462644 5
1743919987732 0.05846141402860908 6
1743920012243 0.051474758153742056 7
1743920036774 0.048865297755096196 8
1743920061383 0.043960509855356864 9
1743920086027 0.04222638439210431 10
1743920110679 0.038822278097307865 11
1743920135414 0.03482514449758501 12
1743920160016 0.0343086096942117 13
1743920184632 0.032102822244777465 14
1743920209261 0.030633606922235827 15
1743920234092 0.027732113736191683 16
1743920258753 0.03112568532680163 17
1743920283440 0.02505138693742874 18
1743920308062 0.025640487522984562 19
1743920332620 0.027455394431936016 20
1743920357481 0.025004250621667518 21
1743920382281 0.02314787040875446 22
1743920406816 0.023534545857694315 23
1743920431499 0.021846781870190544 24
1743920456285 0.022589114598739853 25
1743920481022 0.021988674549205677 26
1743920505805 0.018692758891164556 27
1743920530300 0.023395739264381807 28
1743920554865 0.017622601612311037 29
1743920579558 0.021332167184885148 30
1743920604320 0.02171200725352168 31
1743920629355 0.020761356537239945 32
1743920654483 0.019071678293674437 33
1743920679344 0.020369119595492678 34
1743920704282 0.014805140766095778 35
1743920729036 0.020803891878998705 36
1743920753916 0.01972091029812102 37
1743920778755 0.015786500114212468 38
1743920803423 0.015468164780191964 39
1743920828330 0.017727037139441598 40
1743920853204 0.017288351323351294 41
1743920878042 0.01419232999890821 42
1743920902870 0.016364482042881906 43
1743920927828 0.01688056545168691 44
1743920952527 0.014291831989099491 45
1743920977195 0.015443146942393534 46
1743921002013 0.01800230557818161 47
1743921026721 0.014263165259930287 48
1743921051630 0.014704429908156574 49
