1743919839546 0.896049976348877 0
1743919864233 0.9567499756813049 1
1743919888987 0.9668333530426025 2
1743919913790 0.9732000231742859 3
1743919938512 0.9761499762535095 4
1743919963152 0.9787833094596863 5
1743919987731 0.9809166789054871 6
1743920012242 0.9835000038146973 7
1743920036773 0.9842666387557983 8
1743920061382 0.9855999946594238 9
1743920086026 0.9865666627883911 10
1743920110678 0.9873666763305664 11
1743920135413 0.9885166883468628 12
1743920160015 0.9887833595275879 13
1743920184631 0.9892666935920715 14
1743920209260 0.9906499981880188 15
1743920234091 0.9909499883651733 16
1743920258752 0.9899166822433472 17
1743920283439 0.9918333292007446 18
1743920308061 0.9920666813850403 19
1743920332619 0.991183340549469 20
1743920357480 0.9922166466712952 21
1743920382280 0.9922666549682617 22
1743920406815 0.9926999807357788 23
1743920431498 0.993399977684021 24
1743920456284 0.9929666519165039 25
1743920481021 0.9937666654586792 26
1743920505803 0.9935666918754578 27
1743920530299 0.9930166602134705 28
1743920554864 0.994866669178009 29
1743920579557 0.9938499927520752 30
1743920604319 0.993483304977417 31
1743920629354 0.9937166571617126 32
1743920654482 0.9942499995231628 33
1743920679343 0.9942333102226257 34
1743920704281 0.9956833124160767 35
1743920729035 0.9938833117485046 36
1743920753915 0.994350016117096 37
1743920778754 0.9952666759490967 38
1743920803422 0.9952333569526672 39
1743920828329 0.9951000213623047 40
1743920853203 0.9948833584785461 41
1743920878040 0.9956666827201843 42
1743920902868 0.9954666495323181 43
1743920927827 0.995283305644989 44
1743920952526 0.9960500001907349 45
1743920977194 0.9958166480064392 46
1743921002012 0.9951833486557007 47
1743921026720 0.996066689491272 48
1743921051629 0.996150016784668 49
