1747771017323 3831.760848312539 0
1747771017518 942.176725261671 1
1747771017701 455.0245444109669 2
1747771017888 353.7377377207102 3
1747771018081 235.22497824189648 4
1747771018277 158.91082972575583 5
1747771018466 132.74950339555127 6
1747771018662 101.10392388636579 7
1747771018863 54.02752410862348 8
1747771019066 30.884645134998323 9
1747771019251 23.871615243273634 10
1747771019435 19.877971339117817 11
1747771019609 17.077618196527656 12
1747771019734 14.419951317458262 13
1747771019865 11.294826446706896 14
1747771019998 8.890096646623315 15
1747771020134 7.380792923036765 16
1747771020271 6.460020836902259 17
1747771020412 5.967494830239184 18
1747771020550 5.66008260195026 19
1747771020689 5.375013050181507 20
1747771020830 5.179288443653876 21
1747771020972 4.821031476928632 22
1747771021114 4.677978037888755 23
1747771021257 4.555181994059728 24
1747771021401 4.289443189747173 25
1747771021542 4.014088339139858 26
1747771021684 3.801041076108462 27
1747771021828 3.582717727460188 28
1747771021969 3.3622727816788625 29
1747771022106 3.1341196545622556 30
1747771022249 2.8657650932699252 31
1747771022396 2.6325537124411134 32
1747771022538 2.3116180157522694 33
1747771022685 1.9809886729873563 34
1747771022827 1.6192453163677698 35
1747771022972 1.384141736529735 36
1747771023115 1.1910345375419786 37
1747771023259 1.06526545966302 38
1747771023435 0.7958347019680824 39
1747771023629 0.7152035230600783 40
1747771023822 0.6548531264266347 41
1747771024015 0.7432844212715527 42
1747771024206 0.588273086065037 43
1747771024401 0.5320628276959259 44
1747771024591 0.4769851123891396 45
1747771024784 0.4586598655780085 46
1747771024978 0.5385262121135425 47
1747771025173 0.43523041800170875 48
1747771025364 0.394067760115314 49
