1747771017321 45.61549758911133 0
1747771017516 22.219810485839844 1
1747771017699 15.897180557250977 2
1747771017887 14.421932220458984 3
1747771018079 12.051046371459961 4
1747771018275 9.620415687561035 5
1747771018464 8.437023162841797 6
1747771018660 7.382022380828857 7
1747771018861 5.514007568359375 8
1747771019065 4.074741363525391 9
1747771019249 3.552957534790039 10
1747771019433 3.203312397003174 11
1747771019608 2.940640449523926 12
1747771019733 2.6771345138549805 13
1747771019864 2.342805862426758 14
1747771019997 2.0421104431152344 15
1747771020133 1.8365294933319092 16
1747771020270 1.6699936389923096 17
1747771020410 1.559602975845337 18
1747771020548 1.4973740577697754 19
1747771020688 1.4527668952941895 20
1747771020828 1.3969414234161377 21
1747771020971 1.3275641202926636 22
1747771021113 1.2988407611846924 23
1747771021256 1.3214573860168457 24
1747771021400 1.2493101358413696 25
1747771021541 1.1907192468643188 26
1747771021683 1.169564962387085 27
1747771021827 1.1316044330596924 28
1747771021968 1.1090847253799438 29
1747771022105 1.0640898942947388 30
1747771022248 1.0399926900863647 31
1747771022394 1.0017375946044922 32
1747771022537 0.9649485349655151 33
1747771022683 0.934806764125824 34
1747771022826 0.8666179180145264 35
1747771022971 0.8273845911026001 36
1747771023113 0.7848349213600159 37
1747771023258 0.771324098110199 38
1747771023433 0.6735678315162659 39
1747771023627 0.6424790024757385 40
1747771023820 0.6203305721282959 41
1747771024013 0.6685358285903931 42
1747771024204 0.5921615958213806 43
1747771024399 0.559170663356781 44
1747771024589 0.5252444744110107 45
1747771024782 0.5142216086387634 46
1747771024976 0.5700251460075378 47
1747771025172 0.5011503100395203 48
1747771025362 0.4746459126472473 49
