1743893385381 0.2180470156721029 0
1743893410557 0.13650480527442738 1
1743893435592 0.10543898821544244 2
1743893460492 0.09177278320364574 3
1743893485227 0.07865092101148936 4
1743893510162 0.06704454511281174 5
1743893535260 0.059306029072762986 6
1743893560297 0.05298206301783615 7
1743893585168 0.04865789877092713 8
1743893609905 0.04482334063079938 9
1743893634285 0.042777448915898665 10
1743893658958 0.03883311365639115 11
1743893683949 0.03668685475098835 12
1743893708404 0.03402135685112592 13
1743893732942 0.030145664490439913 14
1743893757897 0.030333659732766687 15
1743893782538 0.030132563408734506 16
1743893807364 0.028795297971367515 17
1743893832497 0.02506102995482851 18
1743893857600 0.02581972508443158 19
1743893882424 0.022734728954057783 20
1743893907114 0.023308574576818585 21
1743893931911 0.02855976207825284 22
1743893956879 0.019109710458847365 23
1743893981841 0.02188415505390135 24
1743894006838 0.019624393768564175 25
1743894031515 0.020996869977657803 26
1743894056263 0.02045683466662076 27
1743894080862 0.016261568187858125 28
1743894105505 0.021906892177132035 29
1743894130248 0.01705872908018059 30
1743894155204 0.015394024651003672 31
1743894179649 0.017900188217330817 32
1743894204419 0.015174459481931461 33
1743894229419 0.01820475666887807 34
1743894254246 0.01423217708272362 35
1743894279241 0.016739616641136424 36
1743894304235 0.015442033538617223 37
1743894328868 0.015060473557876193 38
1743894353042 0.014242975941031287 39
1743894377745 0.013663047846376968 40
1743894402739 0.017374298332231773 41
1743894427670 0.013499040350613825 42
1743894452548 0.012958803273478352 43
1743894477102 0.013325736032841602 44
1743894501834 0.015160157187795056 45
1743894526251 0.011730014714614602 46
1743894550786 0.013018390457060445 47
1743894575563 0.013863123662703043 48
1743894600370 0.011548272395804592 49
