1747771522805 0.19943182170391083 0
1747771522979 0.2562499940395355 1
1747771523154 0.22840909659862518 2
1747771523330 0.2977272868156433 3
1747771523505 0.40284091234207153 4
1747771523679 0.5062500238418579 5
1747771523855 0.5261363387107849 6
1747771524029 0.574999988079071 7
1747771524204 0.5977272987365723 8
1747771524466 0.6352272629737854 9
1747771524723 0.6869317889213562 10
1747771524982 0.7278409004211426 11
1747771525240 0.7676136493682861 12
1747771525492 0.7892045378684998 13
1747771525656 0.8136363625526428 14
1747771525825 0.8261363506317139 15
1747771525996 0.8431817889213562 16
1747771526167 0.8443182110786438 17
1747771526342 0.8551136255264282 18
1747771526518 0.8590909242630005 19
1747771526693 0.8670454621315002 20
1747771526868 0.8670454621315002 21
1747771527044 0.8806818127632141 22
1747771527220 0.8784090876579285 23
1747771527396 0.8715909123420715 24
1747771527571 0.8823863863945007 25
1747771527747 0.8806818127632141 26
1747771527922 0.8892045617103577 27
1747771528098 0.8920454382896423 28
1747771528275 0.894318163394928 29
1747771528452 0.8897727131843567 30
1747771528630 0.8965908885002136 31
1747771528808 0.9011363387107849 32
1747771528984 0.8960227370262146 33
1747771529159 0.9011363387107849 34
1747771529408 0.8977272510528564 35
1747771529672 0.9107954502105713 36
1747771529936 0.9034090638160706 37
1747771530201 0.9039772748947144 38
1747771530459 0.9130681753158569 39
1747771530624 0.9153409004211426 40
1747771530794 0.9125000238418579 41
1747771530969 0.9130681753158569 42
1747771531145 0.9136363863945007 43
1747771531322 0.90625 44
1747771531498 0.9107954502105713 45
1747771531688 0.9119318127632141 46
1747771531862 0.9159091114997864 47
1747771532039 0.9090909361839294 48
1747771532215 0.9147727489471436 49
