1747771522806 2.930173191120766 0
1747771522981 2.7762555702803158 1
1747771523155 2.602441556807794 2
1747771523331 2.4240920370308827 3
1747771523506 2.197903192951357 4
1747771523680 2.037517400072596 5
1747771523856 1.92541073340327 6
1747771524030 1.814880896254732 7
1747771524205 1.6879497643224899 8
1747771524467 1.428352734382674 9
1747771524725 1.0938547309198128 10
1747771524983 0.8632886067875408 11
1747771525241 0.7201770612214069 12
1747771525493 0.6212343153958393 13
1747771525657 0.5489229865794588 14
1747771525826 0.501550000286385 15
1747771525997 0.4616353043710236 16
1747771526168 0.4324909194357976 17
1747771526344 0.4108602596355691 18
1747771526519 0.39917882586984216 19
1747771526695 0.3832941530723793 20
1747771526869 0.36987909913454725 21
1747771527045 0.35302576268844027 22
1747771527221 0.3398204461300944 23
1747771527398 0.3469642016238871 24
1747771527572 0.33462056754696284 25
1747771527748 0.31714106814648346 26
1747771527924 0.3056640130675465 27
1747771528099 0.2962307625100678 28
1747771528276 0.2896475637307816 29
1747771528454 0.29733332012609187 30
1747771528631 0.2840382980870018 31
1747771528809 0.27297367454750826 32
1747771528985 0.27589467881880353 33
1747771529161 0.26171284492032637 34
1747771529410 0.26433360710380194 35
1747771529674 0.2569093498436215 36
1747771529938 0.2632028979816012 37
1747771530203 0.2544568281271612 38
1747771530460 0.24683276492300998 39
1747771530625 0.23612832570430836 40
1747771530796 0.23336508648864976 41
1747771530970 0.23823345810074142 42
1747771531146 0.23316590781840882 43
1747771531323 0.23024123167915947 44
1747771531499 0.23686126977872438 45
1747771531689 0.2261035412704541 46
1747771531864 0.2198086824171974 47
1747771532040 0.22773975745330094 48
1747771532217 0.22869629027711305 49
