1743921285117 0.9675833582878113 0
1743921309928 0.9743499755859375 1
1743921334686 0.9762166738510132 2
1743921359506 0.9793333411216736 3
1743921384113 0.9814500212669373 4
1743921409053 0.9836000204086304 5
1743921433697 0.9845333099365234 6
1743921458566 0.9855166673660278 7
1743921483550 0.988183319568634 8
1743921508071 0.9888666868209839 9
1743921533023 0.9905333518981934 10
1743921557732 0.9903333187103271 11
1743921582206 0.9910666942596436 12
1743921606998 0.9914166927337646 13
1743921631856 0.9932500123977661 14
1743921656540 0.992816686630249 15
1743921681067 0.9934166669845581 16
1743921706077 0.9945666790008545 17
1743921730730 0.9944499731063843 18
1743921755371 0.992733359336853 19
1743921780193 0.9955000281333923 20
1743921805021 0.9944833517074585 21
1743921829927 0.9949666857719421 22
1743921854924 0.9955833554267883 23
1743921880220 0.9954333305358887 24
1743921905354 0.9955166578292847 25
1743921930220 0.9949666857719421 26
1743921955490 0.9961166381835938 27
1743921980730 0.9963833093643188 28
1743922005650 0.9966166615486145 29
1743922030348 0.996399998664856 30
1743922055114 0.9965166449546814 31
1743922079952 0.9970333576202393 32
1743922104899 0.9958333373069763 33
1743922129852 0.9967333078384399 34
1743922155303 0.9972500205039978 35
1743922180651 0.9972333312034607 36
1743922206004 0.9971500039100647 37
1743922231018 0.9962666630744934 38
1743922255901 0.9975000023841858 39
1743922280816 0.996566653251648 40
1743922305875 0.9979000091552734 41
1743922331098 0.9968833327293396 42
1743922355948 0.9976000189781189 43
1743922381207 0.9979166388511658 44
1743922406326 0.9970666766166687 45
1743922431100 0.9979333281517029 46
1743922455877 0.9968000054359436 47
1743922481157 0.9978166818618774 48
1743922505977 0.9976000189781189 49
