1743921285118 0.11487211730193939 0
1743921309929 0.08511375484535456 1
1743921334687 0.07707667180514297 2
1743921359507 0.06454130751298574 3
1743921384114 0.05697680051291466 4
1743921409054 0.05243728791524862 5
1743921433698 0.048314897026590385 6
1743921458567 0.04326796180191958 7
1743921483551 0.03700584474067036 8
1743921508072 0.03363190091052528 9
1743921533024 0.029534443247309052 10
1743921557733 0.02834924095778884 11
1743921582207 0.02793222556530327 12
1743921606999 0.02542818597799615 13
1743921631857 0.0198444580642482 14
1743921656541 0.022133504471930365 15
1743921681068 0.019761093572373892 16
1743921706078 0.016175787837211946 17
1743921730731 0.01654084880461553 18
1743921755372 0.021206439873548987 19
1743921780194 0.013392380523024418 20
1743921805022 0.015350238028290782 21
1743921829928 0.015205961452118595 22
1743921854925 0.01250054971423673 23
1743921880221 0.012835570829612777 24
1743921905355 0.013112538235463569 25
1743921930221 0.015136587361897791 26
1743921955491 0.01120851014620747 27
1743921980731 0.010400359638671005 28
1743922005651 0.011936355771425577 29
1743922030349 0.011422948778542337 30
1743922055115 0.010934745575397888 31
1743922079953 0.008621569732649726 32
1743922104900 0.012485236296542404 33
1743922129853 0.009325301504421606 34
1743922155304 0.00800524725844533 35
1743922180652 0.008274653588966148 36
1743922206005 0.008761292723081546 37
1743922231019 0.011229180654333835 38
1743922255903 0.008820032537148876 39
1743922280817 0.010062678218891879 40
1743922305876 0.006355207979166496 41
1743922331099 0.009298002907546751 42
1743922355949 0.00692789086106584 43
1743922381208 0.006840233064551886 44
1743922406327 0.00891879309584449 45
1743922431101 0.005987560635510679 46
1743922455879 0.010179195293673643 47
1743922481158 0.007197789167447458 48
1743922505978 0.00763885797198695 49
