1747575626300 0.00024744311687360814 0
1747575631423 0.00021609894864040022 1
1747575636946 0.0001446506475299112 2
1747575642297 0.00011364703727601321 3
1747575647639 0.0001341431137488391 4
1747575652773 0.00015849079835454757 5
1747575658173 0.00011504297555420579 6
1747575663877 0.00011415884682938918 7
1747575669603 0.00010753370857064102 8
1747575675224 0.00011943355454017983 9
1747575680552 0.00010778826909474804 10
1747575685645 0.00010249207309730679 11
1747575691326 9.864764525030747e-05 12
1747575697057 9.40391001787004e-05 13
1747575702874 9.193477005887271e-05 14
1747575708746 0.00010381356469525001 15
1747575714529 8.193362842532193e-05 16
1747575720273 9.246552357470908e-05 17
1747575725955 8.89112546079276e-05 18
1747575731090 8.26725405083688e-05 19
1747575736494 9.165157162462033e-05 20
1747575742155 9.728288091716527e-05 21
1747575747892 7.221515044181151e-05 22
1747575753492 8.461388410054688e-05 23
1747575759305 7.759872030959029e-05 24
1747575765117 8.495552103580214e-05 25
1747575770852 7.869220504056748e-05 26
1747575776629 7.240608033993937e-05 27
1747575782452 7.547726500226495e-05 28
1747575788197 7.158031798609154e-05 29
1747575793566 6.637564065014491e-05 30
1747575799120 8.019846897539118e-05 31
1747575804706 7.001679637254185e-05 32
1747575810470 6.633037548082076e-05 33
1747575816278 6.92132370118153e-05 34
1747575822108 7.262449630059697e-05 35
1747575827359 7.307423020703444e-05 36
1747575832703 6.968970326124258e-05 37
1747575837969 7.369001030826381e-05 38
1747575843548 6.199478147063955e-05 39
1747575849147 6.290414213170134e-05 40
1747575854918 6.919785018808334e-05 41
1747575860658 6.0714070830982235e-05 42
1747575866415 5.7414974359613585e-05 43
1747575871721 6.196671310564586e-05 44
1747575876872 6.12751547229613e-05 45
1747575882153 6.954947872075083e-05 46
1747575887585 5.587242811408977e-05 47
1747575893156 6.53042866955821e-05 48
1747575898733 6.260815317330876e-05 49
