1743876343277 0.287513792514801 0
1743876365090 0.27132701873779297 1
1743876386839 0.26295626163482666 2
1743876408817 0.25490179657936096 3
1743876430692 0.25018733739852905 4
1743876452661 0.24657444655895233 5
1743876474758 0.24340716004371643 6
1743876496700 0.24070321023464203 7
1743876518635 0.23835612833499908 8
1743876540587 0.23628951609134674 9
1743876562686 0.23421788215637207 10
1743876584706 0.23260384798049927 11
1743876606443 0.2310636043548584 12
1743876628087 0.22981595993041992 13
1743876650094 0.2291518896818161 14
1743876672013 0.2278573364019394 15
1743876693817 0.22704310715198517 16
1743876715722 0.2262515127658844 17
1743876737508 0.2257220596075058 18
1743876759397 0.22529098391532898 19
1743876781389 0.22456352412700653 20
1743876803568 0.22369849681854248 21
1743876825504 0.22338737547397614 22
1743876847380 0.2221180498600006 23
1743876869147 0.22139859199523926 24
1743876890850 0.2207307368516922 25
1743876912583 0.22008922696113586 26
1743876934450 0.21961461007595062 27
1743876956430 0.22003065049648285 28
1743876978440 0.2188306748867035 29
1743877000278 0.21784920990467072 30
1743877022214 0.21725209057331085 31
1743877044141 0.21659263968467712 32
1743877065995 0.2162608653306961 33
1743877087696 0.21575888991355896 34
1743877109571 0.21534553170204163 35
1743877131312 0.2147127389907837 36
1743877153130 0.21495068073272705 37
1743877175035 0.21353067457675934 38
1743877196810 0.21256807446479797 39
1743877218644 0.2127337008714676 40
1743877240613 0.21155023574829102 41
1743877262383 0.21149185299873352 42
1743877284253 0.20984895527362823 43
1743877306051 0.20921030640602112 44
1743877327833 0.208771213889122 45
1743877349773 0.2081378996372223 46
1743877371555 0.20783792436122894 47
1743877393291 0.20742709934711456 48
1743877414965 0.20703867077827454 49
