1743876343278 0.23842901586699697 0
1743876365091 0.2224299294821402 1
1743876386841 0.21189928072824402 2
1743876408819 0.20288402588622317 3
1743876430694 0.19682392840621526 4
1743876452663 0.19202252436934195 5
1743876474760 0.18801002148876103 6
1743876496701 0.18456359576434458 7
1743876518636 0.18164993192032586 8
1743876540588 0.17905477823330615 9
1743876562688 0.17667235249614963 10
1743876584707 0.17467837326243654 11
1743876606444 0.17279805018842465 12
1743876628088 0.1713028129883319 13
1743876650095 0.17014327438480098 14
1743876672014 0.16871666504497482 15
1743876693818 0.16778089452743272 16
1743876715723 0.16668777586699052 17
1743876737509 0.16578337109692828 18
1743876759398 0.16492415124940094 19
1743876781391 0.1642140255674839 20
1743876803569 0.1630421549449243 21
1743876825505 0.16249463722611007 22
1743876847382 0.161313284409699 23
1743876869148 0.1605038951992627 24
1743876890852 0.1599114203589368 25
1743876912584 0.15910924125225787 26
1743876934451 0.15867730757007467 27
1743876956432 0.15878436681132985 28
1743876978442 0.15761916603682424 29
1743877000279 0.15664282641871144 30
1743877022215 0.15598462219525658 31
1743877044142 0.15531106254911164 32
1743877065996 0.15488250110069998 33
1743877087698 0.15431185703905453 34
1743877109572 0.15379693018384366 35
1743877131313 0.15322213261261758 36
1743877153131 0.15367976205549808 37
1743877175037 0.15242972767987692 38
1743877196812 0.1516179035541871 39
1743877218646 0.15167064101680736 40
1743877240614 0.15063061775183972 41
1743877262384 0.1505154512946203 42
1743877284255 0.14907889351978657 43
1743877306053 0.1483868277137768 44
1743877327834 0.14786365242696795 45
1743877349774 0.1471928139849167 46
1743877371557 0.14673282498368403 47
1743877393292 0.1461381435979627 48
1743877414966 0.14570071862632958 49
