1747770125056 42.51996612548828 0
1747770125150 27.445114135742188 1
1747770125246 18.795568466186523 2
1747770125341 16.359771728515625 3
1747770125440 13.915534019470215 4
1747770125544 11.989458084106445 5
1747770125646 10.480379104614258 6
1747770125753 9.1242094039917 7
1747770125859 7.714783668518066 8
1747770125985 6.6710286140441895 9
1747770126103 5.899744033813477 10
1747770126220 5.312952995300293 11
1747770126329 4.770637035369873 12
1747770126437 4.25384521484375 13
1747770126554 3.7908809185028076 14
1747770126698 3.3473427295684814 15
1747770126800 2.930534601211548 16
1747770126904 2.5506930351257324 17
1747770127011 2.227576732635498 18
1747770127121 1.9780625104904175 19
1747770127256 1.77052903175354 20
1747770127409 1.60611891746521 21
1747770127563 1.4724574089050293 22
1747770127710 1.3632687330245972 23
1747770127846 1.2696701288223267 24
1747770127981 1.1884284019470215 25
1747770128136 1.121751070022583 26
1747770128279 1.0587232112884521 27
1747770128471 1.0022822618484497 28
1747770128624 0.9450215101242065 29
1747770128888 0.8756670951843262 30
1747770129133 0.826910138130188 31
1747770129547 0.7804142236709595 32
1747770129842 0.7397398948669434 33
1747770130055 0.7040689587593079 34
1747770130236 0.6639770269393921 35
1747770130410 0.6260511875152588 36
1747770130593 0.5931105613708496 37
1747770130774 0.5624403953552246 38
1747770131005 0.5296075344085693 39
1747770131222 0.5005950331687927 40
1747770131441 0.4767944812774658 41
1747770131604 0.45471590757369995 42
1747770131797 0.42611443996429443 43
1747770131995 0.408284068107605 44
1747770132163 0.39367347955703735 45
1747770132302 0.3689352869987488 46
1747770132442 0.35505929589271545 47
1747770132584 0.3378411531448364 48
1747770132726 0.3225789964199066 49
