1747770125057 3451.474185353059 0
1747770125152 1720.5415337326037 1
1747770125247 753.525141127859 2
1747770125342 519.813343457253 3
1747770125441 382.39779148456444 4
1747770125545 283.4806814883549 5
1747770125647 214.01221751009666 6
1747770125754 155.5979852391229 7
1747770125862 108.98049948242021 8
1747770125987 82.38740226701289 9
1747770126105 64.65236342586597 10
1747770126221 52.05866484191046 11
1747770126330 41.404848418509964 12
1747770126438 32.348948377956965 13
1747770126555 25.06286790710012 14
1747770126699 19.617247465844553 15
1747770126802 15.033061373623706 16
1747770126906 11.59639144034244 17
1747770127012 9.084752555582394 18
1747770127122 7.299615148650816 19
1747770127258 6.030426255082216 20
1747770127411 5.087330303834068 21
1747770127566 4.427977272444111 22
1747770127711 3.9096386471909566 23
1747770127848 3.469810265944833 24
1747770127983 3.1443955711482063 25
1747770128138 2.8418199540113043 26
1747770128281 2.5834018205776155 27
1747770128474 2.330833561676346 28
1747770128626 2.0798899415916243 29
1747770128891 1.812612232236217 30
1747770129137 1.6112392113806602 31
1747770129551 1.4330077123671625 32
1747770129844 1.2737203075075076 33
1747770130058 1.1499726626668612 34
1747770130239 1.0229669271648008 35
1747770130413 0.9178335214251311 36
1747770130596 0.8112584011248233 37
1747770130777 0.7309700664932646 38
1747770131008 0.6558461573627553 39
1747770131224 0.5840787222088583 40
1747770131442 0.5281542100744762 41
1747770131607 0.48206755663819706 42
1747770131799 0.42890274293928987 43
1747770131999 0.39596019802237725 44
1747770132165 0.37064514780322755 45
1747770132304 0.3277200179574698 46
1747770132444 0.3070517939396256 47
1747770132586 0.28138411434677874 48
1747770132728 0.2645651364693494 49
