1743882208193 0.33119195889974123 0
1743882230161 0.2516891596407527 1
1743882251890 0.2313736320320098 2
1743882273570 0.22271047723790535 3
1743882295627 0.21193603321541835 4
1743882317598 0.20511740864298236 5
1743882339352 0.2004370120077142 6
1743882361303 0.19615446604343195 7
1743882383264 0.19334683361406502 8
1743882405007 0.19110903938867194 9
1743882426808 0.18895765679938198 10
1743882448691 0.18680545234014817 11
1743882470501 0.1847124329052836 12
1743882492159 0.18271118765893288 13
1743882513803 0.18054558789721453 14
1743882535510 0.1784601513180812 15
1743882557150 0.17628686015498696 16
1743882579024 0.1741088883057482 17
1743882600820 0.17225411836796248 18
1743882622696 0.17045992882772595 19
1743882644546 0.168770169166024 20
1743882666409 0.16739805208607533 21
1743882688257 0.16611294854972586 22
1743882710358 0.16515319112870927 23
1743882732382 0.16390080794117023 24
1743882754302 0.16322354938792355 25
1743882776225 0.1618872043439579 26
1743882798119 0.16086141562911993 27
1743882819814 0.16017345592279147 28
1743882841498 0.1589856831676887 29
1743882863366 0.1581867691390499 30
1743882885375 0.15805641961855157 31
1743882907482 0.1567874935616217 32
1743882929432 0.15571208810940554 33
1743882951138 0.1550509993639482 34
1743882973326 0.15419009175071757 35
1743882995252 0.1535748326651269 36
1743883017172 0.1530648392924941 37
1743883038816 0.15236752554924232 38
1743883060726 0.15176967432258856 39
1743883082690 0.15137976063055564 40
1743883104616 0.15045747674232207 41
1743883126694 0.15140232251798197 42
1743883148769 0.1496462050683072 43
1743883170547 0.14894218317170882 44
1743883192276 0.1486020788887935 45
1743883214035 0.14814824152642958 46
1743883235914 0.1478383052481001 47
1743883257937 0.14734613414865608 48
1743883280184 0.14654206267233486 49
