1743882208191 0.3847406804561615 0
1743882230159 0.3005792796611786 1
1743882251889 0.2767229676246643 2
1743882273569 0.26926907896995544 3
1743882295626 0.26165008544921875 4
1743882317597 0.2565174400806427 5
1743882339351 0.25291502475738525 6
1743882361301 0.2493107169866562 7
1743882383262 0.2470630258321762 8
1743882405006 0.245258629322052 9
1743882426806 0.2437155544757843 10
1743882448690 0.24200856685638428 11
1743882470500 0.24037951231002808 12
1743882492158 0.23864580690860748 13
1743882513802 0.23674997687339783 14
1743882535508 0.2349463254213333 15
1743882557149 0.23294749855995178 16
1743882579023 0.23083549737930298 17
1743882600819 0.22936902940273285 18
1743882622695 0.22770725190639496 19
1743882644545 0.2262495756149292 20
1743882666407 0.22520337998867035 21
1743882688255 0.22412534058094025 22
1743882710357 0.22300969064235687 23
1743882732380 0.22184056043624878 24
1743882754301 0.22109319269657135 25
1743882776224 0.21985694766044617 26
1743882798117 0.21894411742687225 27
1743882819812 0.21816672384738922 28
1743882841497 0.2169913500547409 29
1743882863365 0.2163124978542328 30
1743882885373 0.2163906842470169 31
1743882907481 0.21465180814266205 32
1743882929431 0.21402497589588165 33
1743882951137 0.21345661580562592 34
1743882973325 0.212879478931427 35
1743882995251 0.21227692067623138 36
1743883017171 0.21179528534412384 37
1743883038814 0.21126605570316315 38
1743883060725 0.21073125302791595 39
1743883082689 0.2104170024394989 40
1743883104615 0.20952793955802917 41
1743883126693 0.21115520596504211 42
1743883148768 0.20911487936973572 43
1743883170545 0.20835599303245544 44
1743883192275 0.2079697847366333 45
1743883214033 0.2077399492263794 46
1743883235913 0.2072664499282837 47
1743883257936 0.20698724687099457 48
1743883280182 0.2061331868171692 49
