1747585679369 1.2940069000849526 0
1747585686195 0.07356176586475469 1
1747585692982 0.06706983786183851 2
1747585699874 0.06481858531681399 3
1747585706769 0.0623674958607444 4
1747585713672 0.06052575755747068 5
1747585720466 0.059661601405372945 6
1747585727694 0.0581012070419327 7
1747585734904 0.055440395791259194 8
1747585742083 0.05152574885477512 9
1747585748949 0.048424873031376284 10
1747585756152 0.046243132533295574 11
1747585763162 0.04410174267440278 12
1747585770111 0.0393709074005627 13
1747585777461 0.03534574981671925 14
1747585785091 0.03287213254428225 15
1747585792474 0.031633502780783015 16
1747585799541 0.030931102871241227 17
1747585806670 0.030659581094816694 18
1747585813706 0.028954256079575323 19
1747585820715 0.028479846669566482 20
1747585827688 0.028502188526342807 21
1747585834667 0.027903265348061177 22
1747585841664 0.02712786690454927 23
1747585848680 0.02637156737494303 24
1747585855788 0.025835630589118433 25
1747585862871 0.025675162940120295 26
1747585869690 0.02540334423345348 27
1747585876458 0.024981902518686212 28
1747585883208 0.024812029841491993 29
1747585890053 0.024770193741279003 30
1747585896944 0.02474858858374362 31
1747585903841 0.02470567348694177 32
1747585910593 0.024684624460962302 33
1747585917324 0.024678918027376408 34
1747585924364 0.02471669552523293 35
1747585931433 0.024673627492034653 36
1747585938337 0.024630829529551555 37
1747585945009 0.02463093273741348 38
1747585951801 0.0246121318478522 39
1747585958620 0.02459536661503044 40
1747585965566 0.024579502478858137 41
1747585972457 0.024562216440587755 42
1747585979555 0.024526454258282364 43
1747585986852 0.024522422463727628 44
1747585993894 0.02451030373207339 45
1747586000659 0.024499255325008393 46
1747586007627 0.024514035440407967 47
1747586014348 0.024511756456720366 48
1747586021143 0.024489332786759986 49
