1747585679368 0.24571406841278076 0
1747585686193 0.11393604427576065 1
1747585692981 0.10864543914794922 2
1747585699873 0.10772128403186798 3
1747585706768 0.10672003030776978 4
1747585713670 0.10351534932851791 5
1747585720464 0.10249795764684677 6
1747585727692 0.10118897259235382 7
1747585734902 0.09720242023468018 8
1747585742082 0.09245318919420242 9
1747585748948 0.08827418833971024 10
1747585756151 0.08926136046648026 11
1747585763161 0.08727256208658218 12
1747585770110 0.08102599531412125 13
1747585777460 0.07440190017223358 14
1747585785089 0.07068996131420135 15
1747585792472 0.0688248798251152 16
1747585799539 0.067647784948349 17
1747585806669 0.06821031123399734 18
1747585813704 0.06772482395172119 19
1747585820713 0.06660888344049454 20
1747585827687 0.06683378666639328 21
1747585834666 0.06701122224330902 22
1747585841662 0.06677211821079254 23
1747585848678 0.06583265215158463 24
1747585855786 0.06494517624378204 25
1747585862870 0.0647178664803505 26
1747585869689 0.06551172584295273 27
1747585876457 0.06546714901924133 28
1747585883206 0.06489206105470657 29
1747585890052 0.06446308642625809 30
1747585896943 0.06435489654541016 31
1747585903840 0.06431733816862106 32
1747585910592 0.06452403962612152 33
1747585917323 0.06430446356534958 34
1747585924362 0.06438250839710236 35
1747585931431 0.06429240107536316 36
1747585938336 0.06432211399078369 37
1747585945007 0.06431665271520615 38
1747585951800 0.06431151181459427 39
1747585958618 0.06433629244565964 40
1747585965565 0.064121313393116 41
1747585972456 0.06407514214515686 42
1747585979553 0.06406691670417786 43
1747585986850 0.06395789980888367 44
1747585993893 0.06405578553676605 45
1747586000657 0.06393786519765854 46
1747586007626 0.06368099898099899 47
1747586014347 0.0639345794916153 48
1747586021142 0.06382466107606888 49
