1747770166511 0.04545454680919647 0
1747770166776 0.06420454382896423 1
1747770167022 0.09034091234207153 2
1747770167266 0.09034091234207153 3
1747770167514 0.08977272361516953 4
1747770167759 0.09829545766115189 5
1747770168004 0.1096590906381607 6
1747770168247 0.1301136314868927 7
1747770168487 0.16988636553287506 8
1747770168730 0.1869318187236786 9
1747770168967 0.1920454502105713 10
1747770169210 0.1926136314868927 11
1747770169454 0.19147726893424988 12
1747770169761 0.23579545319080353 13
1747770170100 0.23238636553287506 14
1747770170437 0.25795453786849976 15
1747770170777 0.26306816935539246 16
1747770171116 0.25852271914482117 17
1747770171461 0.2823863625526428 18
1747770171803 0.2823863625526428 19
1747770172101 0.30454546213150024 20
1747770172340 0.33125001192092896 21
1747770172587 0.31534090638160706 22
1747770172833 0.33522728085517883 23
1747770173079 0.3585227131843567 24
1747770173403 0.4017045497894287 25
1747770173651 0.4284090995788574 26
1747770173901 0.4284090995788574 27
1747770174151 0.4840908944606781 28
1747770174394 0.5039772987365723 29
1747770174650 0.5363636612892151 30
1747770174909 0.5954545736312866 31
1747770175176 0.6017045378684998 32
1747770175441 0.6210227012634277 33
1747770175706 0.6147727370262146 34
1747770176033 0.637499988079071 35
1747770176372 0.6340909004211426 36
1747770176713 0.637499988079071 37
1747770177062 0.6409090757369995 38
1747770177415 0.6471590995788574 39
1747770177769 0.6659091114997864 40
1747770178129 0.6846590638160706 41
1747770178422 0.7039772868156433 42
1747770178673 0.7102272510528564 43
1747770178929 0.7272727489471436 44
1747770179187 0.731249988079071 45
1747770179444 0.7340909242630005 46
1747770179697 0.7403408885002136 47
1747770179951 0.7511363625526428 48
1747770180205 0.7670454382896423 49
