1747770166514 3.1848714087685432 0
1747770166779 3.113425794493633 1
1747770167024 3.0539848943539774 2
1747770167268 3.0136479562128917 3
1747770167516 2.990349320666841 4
1747770167761 2.969394174880912 5
1747770168006 2.946704447988019 6
1747770168250 2.898707582005056 7
1747770168489 2.798025908857467 8
1747770168732 2.7213181028364626 9
1747770168969 2.653345363406057 10
1747770169212 2.608524782938542 11
1747770169456 2.5713287685481023 12
1747770169764 2.543137126897412 13
1747770170102 2.5289635378169666 14
1747770170440 2.516851693946607 15
1747770170780 2.5031926165801117 16
1747770171119 2.486106681484057 17
1747770171464 2.445753370423933 18
1747770171806 2.4121355555808077 19
1747770172103 2.3420657284546356 20
1747770172341 2.263201850538526 21
1747770172588 2.204592734956461 22
1747770172835 2.135989009661572 23
1747770173081 2.103291987289076 24
1747770173405 2.044859725433432 25
1747770173652 1.9831444935357643 26
1747770173903 1.9412965215409592 27
1747770174153 1.9070431597145399 28
1747770174396 1.8115029103214344 29
1747770174652 1.7248074519798033 30
1747770174911 1.639760875361205 31
1747770175178 1.5979750767939087 32
1747770175443 1.552927256035202 33
1747770175709 1.4875936004462624 34
1747770176036 1.431424557950575 35
1747770176374 1.388954260912808 36
1747770176716 1.33727320268486 37
1747770177065 1.308759574217787 38
1747770177418 1.2378857417533713 39
1747770177772 1.147428337458503 40
1747770178133 1.088315950807469 41
1747770178424 1.0363900327784967 42
1747770178675 0.9940689043858367 43
1747770178931 0.9443987356068851 44
1747770179189 0.9093908238162698 45
1747770179446 0.8682686555298427 46
1747770179699 0.8329390570436773 47
1747770179953 0.7909780671739164 48
1747770180207 0.7629899693636881 49
