1747663871466 0.2486697229358873 0
1747663885067 0.2408367487606605 1
1747663899099 0.2390916173399095 2
1747663913195 0.2385499517342564 3
1747663927618 0.23829291226684265 4
1747663941350 0.23778322066572652 5
1747663955132 0.2377086281576573 6
1747663969312 0.23744464318665298 7
1747663983295 0.23738048806072348 8
1747663996750 0.23727066898843246 9
1747664010950 0.23725086467544967 10
1747664025104 0.23708365179323745 11
1747664038910 0.23689073291433288 12
1747664052817 0.23697622274689398 13
1747664066943 0.23689526712163322 14
1747664080887 0.23688919595069335 15
1747664094742 0.23677770981551408 16
1747664108496 0.23673524272122506 17
1747664122219 0.2367792515850566 18
1747664136026 0.23660976211003348 19
1747664149847 0.23672001999383263 20
1747664163715 0.236553302379217 21
1747664177555 0.23650477512455967 22
1747664191612 0.2364853990498696 23
1747664205397 0.23642134541435114 24
1747664219577 0.23639207143852226 25
1747664233507 0.236426135070454 26
1747664247411 0.23638984873485397 27
1747664261418 0.23624741278805764 28
1747664275525 0.23623960378689335 29
1747664289736 0.23652191129185626 30
1747664304010 0.2362320139464566 31
1747664318206 0.23622580755522884 32
1747664332418 0.23621200718756868 33
1747664346711 0.2362025527009183 34
1747664360643 0.23621638020726665 35
1747664374596 0.2361006956327957 36
1747664388914 0.2361804232842327 37
1747664403024 0.23606726258402538 38
1747664416910 0.2361543095541968 39
1747664430996 0.23612380197805133 40
1747664444676 0.23603488643675966 41
1747664458413 0.2360671802859406 42
1747664472526 0.23601402122001525 43
1747664486696 0.23592432549479764 44
1747664501203 0.23595281698196968 45
1747664515545 0.2359377227089341 46
1747664529784 0.23585401928519847 47
1747664543344 0.23594261106230816 48
1747664557321 0.23591384183998101 49
