1743931977660 1.068631254636137 0
1743932002963 0.32840408591290726 1
1743932028098 0.24084375608474953 2
1743932053367 0.1976697245523702 3
1743932078595 0.17131646237998666 4
1743932103796 0.15507704488070484 5
1743932128848 0.13792999043791038 6
1743932154332 0.1268300288071195 7
1743932179733 0.11665808346778817 8
1743932204915 0.10933884310991454 9
1743932230289 0.10292988211911921 10
1743932255638 0.09525737606861065 11
1743932281335 0.08839318528534298 12
1743932306913 0.084806403199268 13
1743932332266 0.08047747177847676 14
1743932357623 0.07863937652524162 15
1743932382860 0.07264883136937941 16
1743932407939 0.06958771950774477 17
1743932433194 0.06694974841696957 18
1743932458421 0.06544575317596776 19
1743932483365 0.06119309212518929 20
1743932508579 0.05970728609930663 21
1743932533779 0.058403636596835784 22
1743932558980 0.05509586867696551 23
1743932584456 0.05148764440957245 24
1743932609789 0.05252026900995518 25
1743932635185 0.049999285523560394 26
1743932660357 0.0484743262467604 27
1743932685658 0.04543129972646194 28
1743932710583 0.04368812087365683 29
1743932735821 0.04610047533731677 30
1743932760672 0.04249995727604069 31
1743932785794 0.043164020990760874 32
1743932811101 0.04132864044468557 33
1743932836118 0.03903435153927502 34
1743932861032 0.036888680213864405 35
1743932886147 0.037563906110018454 36
1743932911193 0.03653579895969488 37
1743932936276 0.03607997513834794 38
1743932961705 0.03361351192633472 39
1743932986916 0.0327914343286834 40
1743933012329 0.0321671550418043 41
1743933037613 0.032649401651750024 42
1743933062891 0.033333786258348735 43
1743933088238 0.03209811476614702 44
1743933113405 0.028743368916735134 45
1743933138817 0.029570688280500797 46
1743933163952 0.029794156855635752 47
1743933189432 0.02904296974587586 48
1743933214560 0.026916724207510918 49
