1743895905904 0.9402833580970764 0
1743895930572 0.9584000110626221 1
1743895955853 0.9674166440963745 2
1743895980857 0.9722833037376404 3
1743896006014 0.9751499891281128 4
1743896031347 0.9791499972343445 5
1743896056371 0.9803500175476074 6
1743896081585 0.9821666479110718 7
1743896106448 0.9834499955177307 8
1743896131490 0.9851666688919067 9
1743896156425 0.9865166544914246 10
1743896180806 0.9874833226203918 11
1743896205628 0.9877833127975464 12
1743896230174 0.9893166422843933 13
1743896254922 0.9896666407585144 14
1743896279741 0.9890333414077759 15
1743896304627 0.9908666610717773 16
1743896329445 0.991183340549469 17
1743896354218 0.9914500117301941 18
1743896379117 0.9916666746139526 19
1743896404098 0.9922999739646912 20
1743896429125 0.9915333390235901 21
1743896454268 0.9930333495140076 22
1743896479416 0.9923166632652283 23
1743896504423 0.9938166737556458 24
1743896529065 0.993066668510437 25
1743896553555 0.994616687297821 26
1743896578224 0.9928833246231079 27
1743896603270 0.9945499897003174 28
1743896628361 0.9945999979972839 29
1743896653374 0.9936000108718872 30
1743896678263 0.9948999881744385 31
1743896703333 0.9945499897003174 32
1743896728086 0.9955499768257141 33
1743896753289 0.9942833185195923 34
1743896778158 0.9951000213623047 35
1743896803425 0.9952999949455261 36
1743896828256 0.9958000183105469 37
1743896853306 0.9949166774749756 38
1743896877937 0.9954333305358887 39
1743896902459 0.9954166412353516 40
1743896927236 0.9948999881744385 41
1743896951839 0.9952499866485596 42
1743896976491 0.9970666766166687 43
1743897001056 0.995033323764801 44
1743897025526 0.9962666630744934 45
1743897050273 0.9970333576202393 46
1743897075165 0.9957500100135803 47
1743897099955 0.996233344078064 48
1743897124962 0.9955666661262512 49
