1743895905905 0.21130174708217225 0
1743895930574 0.1370471451056726 1
1743895955855 0.1072797336494799 2
1743895980859 0.08936259292946527 3
1743896006016 0.0793735784765923 4
1743896031349 0.06667401875222138 5
1743896056372 0.060356904385741664 6
1743896081586 0.05483054714925143 7
1743896106450 0.05031834883286183 8
1743896131492 0.045434586040086905 9
1743896156427 0.041542693707144585 10
1743896180807 0.03846602098836221 11
1743896205630 0.03656538266849683 12
1743896230176 0.033805909734053674 13
1743896254924 0.032060790389048716 14
1743896279742 0.03429116116245836 15
1743896304629 0.028359449832103707 16
1743896329446 0.026518251638026954 17
1743896354219 0.025615119552047386 18
1743896379118 0.02618070584493963 19
1743896404100 0.022909839552823035 20
1743896429127 0.026182833084352854 21
1743896454270 0.021539671558297658 22
1743896479418 0.024478225853631203 23
1743896504424 0.018813068930179536 24
1743896529066 0.02304196538777526 25
1743896553557 0.017263298512498148 26
1743896578225 0.022485510676417384 27
1743896603271 0.017807083394616625 28
1743896628363 0.0178722179153536 29
1743896653375 0.01896233623907954 30
1743896678264 0.01599050436885724 31
1743896703335 0.018127159018913316 32
1743896728088 0.014515740224790576 33
1743896753291 0.01793077167366867 34
1743896778159 0.016131856900365102 35
1743896803427 0.015056794008944184 36
1743896828257 0.014144120927123702 37
1743896853308 0.016971096251450855 38
1743896877939 0.014735076688488722 39
1743896902461 0.015274359669259968 40
1743896927237 0.017805807587159724 41
1743896951841 0.01583824796712098 42
1743896976493 0.010094646795616695 43
1743897001058 0.017151425757336896 44
1743897025527 0.012347713226700075 45
1743897050274 0.009311301503653323 46
1743897075167 0.01545800927029008 47
1743897099957 0.012690651472032048 48
1743897124963 0.015147345494086533 49
