1743871836765 0.25212369650460686 0
1743871859969 0.190451552377236 1
1743871883264 0.17251108520934985 2
1743871906617 0.15967848182138686 3
1743871929992 0.14918920358082122 4
1743871953297 0.13998406941322775 5
1743871976241 0.13068594803400202 6
1743871999575 0.11981251620882526 7
1743872022501 0.1091058127860603 8
1743872045733 0.10058768973393892 9
1743872068605 0.09441652866668492 10
1743872091676 0.08956883303343063 11
1743872114691 0.08585801585710898 12
1743872137567 0.08252647009477404 13
1743872160785 0.07940295781895838 14
1743872183757 0.07678785419296445 15
1743872206648 0.07459313219455117 16
1743872229560 0.07298430079118759 17
1743872252233 0.07157279557478638 18
1743872274938 0.07015306501747327 19
1743872297420 0.06887362603963448 20
1743872320291 0.0675711997387263 21
1743872343197 0.0664254369740031 22
1743872366036 0.06540846733600084 23
1743872389047 0.06442481252900005 24
1743872412328 0.06363178080531877 25
1743872435435 0.06287480232386757 26
1743872458777 0.062184600509492365 27
1743872481999 0.0615615916320054 28
1743872505070 0.060738142468945426 29
1743872528266 0.06020518633522682 30
1743872551467 0.05951114035616111 31
1743872574664 0.059076788509864774 32
1743872597622 0.0585984210862891 33
1743872620683 0.058159996582304495 34
1743872643744 0.05765275829977296 35
1743872666859 0.05723617804598911 36
1743872690149 0.05676697340585813 37
1743872713430 0.05636979980335715 38
1743872736624 0.0560033087596436 39
1743872759786 0.055664344287676575 40
1743872782782 0.055225593149391496 41
1743872806048 0.05479210462562401 42
1743872829003 0.054732190514345774 43
1743872852009 0.05418846027875357 44
1743872875125 0.053941486519000416 45
1743872898259 0.05372857658760315 46
1743872921574 0.05326741414019706 47
1743872944735 0.053113535472911415 48
1743872968034 0.0528143933782493 49
