1747770315348 10.743703234429102 0
1747770315635 2.932962918932702 1
1747770315953 1.5953056314593457 2
1747770316262 1.265437950218337 3
1747770316463 0.9589301281731724 4
1747770316703 0.7732928346157035 5
1747770316964 0.6679866452544172 6
1747770317230 0.5269895485002813 7
1747770317444 0.46593124855743867 8
1747770317682 0.42425676284891317 9
1747770317945 0.41751267733807446 10
1747770318170 0.3891832390983998 11
1747770318412 0.3767870696114478 12
1747770318671 0.35947755196086467 13
1747770318900 0.3555799132377212 14
1747770319142 0.3421782092554069 15
1747770319382 0.3368464763360813 16
1747770319636 0.3395270509046878 17
1747770319851 0.3406669795438753 18
1747770320100 0.31972708338312195 19
1747770320448 0.31723080913468266 20
1747770320738 0.31172586413580916 21
1747770321054 0.31767314515152195 22
1747770321345 0.30812508584429393 23
1747770321665 0.29477805305215854 24
1747770322014 0.2901821393325829 25
1747770322314 0.2912042484284146 26
1747770322565 0.29111910713888806 27
1747770322820 0.28107409788644716 28
1747770323033 0.27713018484418966 29
1747770323265 0.2757399871152223 30
1747770323515 0.2804759906874808 31
1747770323739 0.26491135567459556 32
1747770323980 0.27024131497405857 33
1747770324226 0.27528553526162775 34
1747770324460 0.27050092114631136 35
1747770324702 0.2642860051783636 36
1747770324922 0.2694477246838992 37
1747770325161 0.2632122813300231 38
1747770325423 0.25918845495731613 39
1747770325641 0.26888836007512784 40
1747770325884 0.25736463410190225 41
1747770326148 0.24757521554882475 42
1747770326434 0.17201305872662892 43
1747770326746 0.13173045381300735 44
1747770327035 0.1284700491695203 45
1747770327348 0.11862613441079368 46
1747770327636 0.11950740732217482 47
1747770327954 0.10983180554758046 48
1747770328298 0.11116893360751078 49
