1747770315345 0.07670454680919647 0
1747770315632 0.29943183064460754 1
1747770315950 0.5306817889213562 2
1747770316261 0.6585227251052856 3
1747770316461 0.7272727489471436 4
1747770316701 0.7994318008422852 5
1747770316961 0.8323863744735718 6
1747770317228 0.8642045259475708 7
1747770317442 0.8818181753158569 8
1747770317680 0.8914772868156433 9
1747770317943 0.8903409242630005 10
1747770318168 0.8960227370262146 11
1747770318410 0.8971590995788574 12
1747770318669 0.9090909361839294 13
1747770318897 0.9085227251052856 14
1747770319140 0.9056817889213562 15
1747770319380 0.9102272987365723 16
1747770319634 0.9090909361839294 17
1747770319849 0.9068182110786438 18
1747770320097 0.9142045378684998 19
1747770320446 0.9090909361839294 20
1747770320735 0.9153409004211426 21
1747770321051 0.9119318127632141 22
1747770321342 0.9147727489471436 23
1747770321663 0.9227272868156433 24
1747770322011 0.9221590757369995 25
1747770322311 0.9176136255264282 26
1747770322563 0.9164772629737854 27
1747770322818 0.9204545617103577 28
1747770323031 0.9244318008422852 29
1747770323263 0.9215909242630005 30
1747770323513 0.9159091114997864 31
1747770323737 0.9267045259475708 32
1747770323978 0.9221590757369995 33
1747770324224 0.9204545617103577 34
1747770324458 0.9198863506317139 35
1747770324700 0.925000011920929 36
1747770324919 0.9193181991577148 37
1747770325158 0.9238636493682861 38
1747770325421 0.9221590757369995 39
1747770325639 0.9176136255264282 40
1747770325882 0.9221590757369995 41
1747770326145 0.9295454621315002 42
1747770326431 0.9431818127632141 43
1747770326744 0.9511363506317139 44
1747770327032 0.956250011920929 45
1747770327345 0.9596590995788574 46
1747770327633 0.9590908885002136 47
1747770327951 0.9642045497894287 48
1747770328295 0.9613636136054993 49
