1747770371253 0.07500000298023224 0
1747770371517 0.30397728085517883 1
1747770371752 0.5215908885002136 2
1747770372017 0.637499988079071 3
1747770372295 0.7159090638160706 4
1747770372639 0.7965909242630005 5
1747770372959 0.8590909242630005 6
1747770373315 0.8744317889213562 7
1747770373637 0.8818181753158569 8
1747770373995 0.8931818008422852 9
1747770374317 0.8920454382896423 10
1747770374643 0.8909090757369995 11
1747770374873 0.9022727012634277 12
1747770375136 0.8982954621315002 13
1747770375384 0.9034090638160706 14
1747770375652 0.9113636612892151 15
1747770375883 0.9017045497894287 16
1747770376191 0.9102272987365723 17
1747770376510 0.9073863625526428 18
1747770376811 0.9107954502105713 19
1747770377065 0.9159091114997864 20
1747770377339 0.9096590876579285 21
1747770377611 0.9119318127632141 22
1747770377867 0.9153409004211426 23
1747770378159 0.9159091114997864 24
1747770378488 0.9125000238418579 25
1747770378837 0.9193181991577148 26
1747770379182 0.9221590757369995 27
1747770379558 0.9215909242630005 28
1747770379921 0.9244318008422852 29
1747770380297 0.9176136255264282 30
1747770380645 0.9278408885002136 31
1747770380971 0.9210227131843567 32
1747770381242 0.925000011920929 33
1747770381520 0.9221590757369995 34
1747770381818 0.9261363744735718 35
1747770382096 0.9221590757369995 36
1747770382370 0.9244318008422852 37
1747770382660 0.9232954382896423 38
1747770382919 0.9272727370262146 39
1747770383175 0.9232954382896423 40
1747770383462 0.9232954382896423 41
1747770383728 0.925568163394928 42
1747770384021 0.9301136136054993 43
1747770384292 0.9318181872367859 44
1747770384617 0.9329545497894287 45
1747770384956 0.9278408885002136 46
1747770385306 0.9284090995788574 47
1747770385688 0.956250011920929 48
1747770386018 0.9590908885002136 49
