1747613849109 0.3462503254413605 0
1747613858207 0.15444065630435944 1
1747613868311 0.1367895007133484 2
1747613877646 0.11418092250823975 3
1747613887307 0.10671885311603546 4
1747613896992 0.10473770648241043 5
1747613905842 0.10462299734354019 6
1747613915500 0.10554365068674088 7
1747613924693 0.10664663463830948 8
1747613933917 0.10580295324325562 9
1747613942945 0.10743750631809235 10
1747613952238 0.10856188833713531 11
1747613961193 0.10761257261037827 12
1747613970526 0.10716443508863449 13
1747613980392 0.10657350718975067 14
1747613989251 0.10468806326389313 15
1747613998504 0.10340582579374313 16
1747614007828 0.09873982518911362 17
1747614017041 0.09648280590772629 18
1747614026907 0.0959373489022255 19
1747614036454 0.09548868238925934 20
1747614046283 0.09579307585954666 21
1747614055680 0.095551997423172 22
1747614064708 0.09537891298532486 23
1747614073944 0.0956418588757515 24
1747614083055 0.09542941302061081 25
1747614093072 0.09594019502401352 26
1747614102072 0.09901883453130722 27
1747614111535 0.1027098000049591 28
1747614120816 0.10085110366344452 29
1747614130468 0.1009611040353775 30
1747614140504 0.09993723779916763 31
1747614150004 0.10042791068553925 32
1747614158792 0.10086403042078018 33
1747614168350 0.10048730671405792 34
1747614177433 0.09982273727655411 35
1747614186942 0.09929057210683823 36
1747614196350 0.09901146590709686 37
1747614206035 0.09860491007566452 38
1747614215591 0.09810119867324829 39
1747614225273 0.09739327430725098 40
1747614235070 0.09662874788045883 41
1747614244330 0.09480466693639755 42
1747614253808 0.09357134252786636 43
1747614262838 0.09237567335367203 44
1747614271819 0.09145402908325195 45
1747614281763 0.09045927971601486 46
1747614291003 0.0895988717675209 47
1747614300894 0.08741823583841324 48
1747614309957 0.08712908625602722 49
