1743948405828 0.3304189145565033 0
1743948430706 0.31849682331085205 1
1743948455407 0.30209508538246155 2
1743948480198 0.27346140146255493 3
1743948504916 0.2570411264896393 4
1743948529728 0.24377623200416565 5
1743948554447 0.23398378491401672 6
1743948579122 0.22705426812171936 7
1743948603813 0.22111614048480988 8
1743948628620 0.23232176899909973 9
1743948653703 0.23006823658943176 10
1743948678459 0.21699783205986023 11
1743948703240 0.21184730529785156 12
1743948727869 0.20795376598834991 13
1743948752649 0.20511175692081451 14
1743948777309 0.2020920068025589 15
1743948802100 0.1996249556541443 16
1743948826820 0.19737300276756287 17
1743948851549 0.19497263431549072 18
1743948876493 0.19272305071353912 19
1743948901489 0.19077934324741364 20
1743948926261 0.18902820348739624 21
1743948951038 0.18718333542346954 22
1743948975871 0.1856795698404312 23
1743949000856 0.1839512288570404 24
1743949025567 0.18229317665100098 25
1743949050479 0.18088775873184204 26
1743949075293 0.17928501963615417 27
1743949100080 0.17773810029029846 28
1743949124865 0.1761673092842102 29
1743949149577 0.17478467524051666 30
1743949174448 0.17361411452293396 31
1743949199514 0.1724027842283249 32
1743949224439 0.17104226350784302 33
1743949249312 0.17027349770069122 34
1743949274165 0.1692514419555664 35
1743949299151 0.1695253551006317 36
1743949324184 0.16767308115959167 37
1743949348983 0.16591639816761017 38
1743949373907 0.165077343583107 39
1743949398700 0.16464869678020477 40
1743949423554 0.16371896862983704 41
1743949448278 0.16252881288528442 42
1743949473280 0.16189351677894592 43
1743949498294 0.16075359284877777 44
1743949523130 0.16006360948085785 45
1743949548007 0.15959063172340393 46
1743949572896 0.15834933519363403 47
1743949597511 0.1587207317352295 48
1743949622000 0.3370668292045593 49
