1747771402990 0.24157920772719674 0
1747771403217 0.16451539081741215 1
1747771403435 0.1802268950473748 2
1747771403654 0.10580981277735171 3
1747771403873 0.1091034705071667 4
1747771404091 0.1135228143129565 5
1747771404310 0.16363759545987516 6
1747771404528 0.10784872196568708 7
1747771404756 0.10062008630615847 8
1747771405002 0.09644243876918245 9
1747771405323 0.09424150815639705 10
1747771405640 0.13783812576645563 11
1747771405957 0.10716539334055973 12
1747771406275 0.12393528962743015 13
1747771406592 0.1290614260192215 14
1747771406910 0.11370045512705738 15
1747771407231 0.07064172170475103 16
1747771407513 0.08962158520523548 17
1747771407728 0.08766927417957833 18
1747771407947 0.06715333147955879 19
1747771408169 0.07983046807666332 20
1747771408400 0.07342757718878747 21
1747771408630 0.07082877052478263 22
1747771408861 0.06395649629543577 23
1747771409092 0.06396142433172322 24
1747771409324 0.0635171926046273 25
1747771409556 0.07440807475739498 26
1747771409788 0.06460916576124195 27
1747771410019 0.07059825378330349 28
1747771410252 0.06562942741185324 29
1747771410483 0.07662699989745628 30
1747771410715 0.06591580444628727 31
1747771410947 0.07664828242535358 32
1747771411182 0.06810484121473695 33
1747771411505 0.06395402905419506 34
1747771411829 0.06935392164156086 35
1747771412152 0.07693412358951253 36
1747771412456 0.07677154423160563 37
1747771412712 0.06407555572924391 38
1747771412936 0.05552418961917779 39
1747771413155 0.07125512236598805 40
1747771413375 0.06820386113829303 41
1747771413595 0.07485404031656054 42
1747771413816 0.12540851936364175 43
1747771414036 0.152358555665589 44
1747771414257 0.07815969767184086 45
1747771414477 0.09018006274007022 46
1747771414698 0.07186525152112586 47
1747771414918 0.05584019223661531 48
1747771415138 0.06901962206425746 49
