1747771402988 0.925568163394928 0
1747771403215 0.9454545378684998 1
1747771403433 0.9369317889213562 2
1747771403651 0.9585227370262146 3
1747771403870 0.9596590995788574 4
1747771404089 0.9551136493682861 5
1747771404308 0.9363636374473572 6
1747771404526 0.956818163394928 7
1747771404754 0.9653409123420715 8
1747771404999 0.9653409123420715 9
1747771405320 0.9647727012634277 10
1747771405637 0.9534090757369995 11
1747771405954 0.9596590995788574 12
1747771406272 0.9579545259475708 13
1747771406589 0.949999988079071 14
1747771406907 0.9528409242630005 15
1747771407228 0.9681817889213562 16
1747771407511 0.9624999761581421 17
1747771407726 0.9659090638160706 18
1747771407946 0.9750000238418579 19
1747771408167 0.9710227251052856 20
1747771408398 0.9681817889213562 21
1747771408628 0.9710227251052856 22
1747771408859 0.9715909361839294 23
1747771409090 0.9738636612892151 24
1747771409322 0.9750000238418579 25
1747771409554 0.9715909361839294 26
1747771409786 0.9721590876579285 27
1747771410017 0.96875 28
1747771410250 0.9732954502105713 29
1747771410481 0.9664772748947144 30
1747771410713 0.9738636612892151 31
1747771410945 0.9693182110786438 32
1747771411179 0.9721590876579285 33
1747771411502 0.9727272987365723 34
1747771411826 0.9750000238418579 35
1747771412149 0.9693182110786438 36
1747771412454 0.9715909361839294 37
1747771412710 0.9755681753158569 38
1747771412934 0.9767045378684998 39
1747771413153 0.9750000238418579 40
1747771413373 0.9721590876579285 41
1747771413593 0.9732954502105713 42
1747771413814 0.9636363387107849 43
1747771414034 0.9607954621315002 44
1747771414255 0.96875 45
1747771414475 0.9630681872367859 46
1747771414696 0.9732954502105713 47
1747771414916 0.9744318127632141 48
1747771415136 0.9721590876579285 49
