1747719844265 0.9149220585823059 0
1747719861100 0.9151018857955933 1
1747719877645 0.9153090119361877 2
1747719893785 0.9153090119361877 3
1747719910092 0.9154341220855713 4
1747719925414 0.9153794050216675 5
1747719941541 0.915355920791626 6
1747719958206 0.9154067635536194 7
1747719974566 0.9152699112892151 8
1747719990320 0.9153754711151123 9
1747720007138 0.9155787229537964 10
1747720023463 0.9151526689529419 11
1747720039709 0.9151800274848938 12
1747720055404 0.9152230620384216 13
1747720071563 0.9152738451957703 14
1747720088599 0.9152660369873047 15
1747720105056 0.9152894616127014 16
1747720120807 0.9154379963874817 17
1747720136409 0.9154536724090576 18
1747720152794 0.9152660369873047 19
1747720169068 0.9153246879577637 20
1747720184270 0.9153754711151123 21
1747720200660 0.9155122637748718 22
1747720217162 0.9154263138771057 23
1747720233763 0.9153910875320435 24
1747720250675 0.9153363704681396 25
1747720266614 0.9152894616127014 26
1747720283126 0.915355920791626 27
1747720299591 0.9154263138771057 28
1747720315936 0.9155318140983582 29
1747720332905 0.9155279397964478 30
1747720349147 0.9153832793235779 31
1747720365263 0.9154301881790161 32
1747720381927 0.9153910875320435 33
1747720398271 0.9154106378555298 34
1747720414725 0.9153910875320435 35
1747720431775 0.9153676629066467 36
1747720447878 0.9155005812644958 37
1747720463702 0.9154301881790161 38
1747720480088 0.9153872132301331 39
1747720496673 0.9153676629066467 40
1747720512806 0.9154849052429199 41
1747720529260 0.9155982732772827 42
1747720544573 0.9153441786766052 43
1747720560618 0.9154223799705505 44
1747720576564 0.9154379963874817 45
1747720592758 0.9155474305152893 46
1747720609355 0.9153012037277222 47
1747720625662 0.9155044555664062 48
1747720641940 0.9155200719833374 49
