1743917159376 0.36167856366193707 0
1743917184261 0.14418137336967543 1
1743917209387 0.10699379187421097 2
1743917234231 0.08969542940556627 3
1743917258890 0.0760488085878328 4
1743917283483 0.06683418617007628 5
1743917308256 0.059468359840549156 6
1743917332861 0.05296245573861995 7
1743917357597 0.0460287722965697 8
1743917382469 0.044819535826005806 9
1743917407206 0.04064387448658559 10
1743917431885 0.037461644839807885 11
1743917456824 0.03676263480993135 12
1743917481798 0.03336191842563937 13
1743917506842 0.03478054822741512 14
1743917531570 0.029380551478087012 15
1743917556490 0.028252220667825793 16
1743917581277 0.02957135335523605 17
1743917605917 0.028353526756736105 18
1743917630847 0.021485385643836685 19
1743917655590 0.025213206186608716 20
1743917680249 0.025063032315125716 21
1743917705048 0.02585006623185171 22
1743917729889 0.01867947816942685 23
1743917754706 0.023999808913725638 24
1743917779410 0.02231854649970039 25
1743917804158 0.017501586430275468 26
1743917828933 0.020550924341640322 27
1743917853787 0.022712631657199382 28
1743917878455 0.018322871502044126 29
1743917903283 0.02017834174594938 30
1743917928339 0.020508173857130437 31
1743917953259 0.020044447462576352 32
1743917978290 0.017867720448058216 33
1743918003043 0.01835660535204917 34
1743918027752 0.015921227566788095 35
1743918052563 0.015981985573486387 36
1743918077385 0.017646592291548028 37
1743918102166 0.018162619520999214 38
1743918127027 0.018755135122390538 39
1743918151792 0.017285961547234413 40
1743918176716 0.014566700835849574 41
1743918201682 0.015284644534107177 42
1743918226624 0.016333734525461597 43
1743918251536 0.015512907046361733 44
1743918276413 0.017833330809775505 45
1743918301347 0.021402357002860924 46
1743918326405 0.0131681214418434 47
1743918351317 0.013901717409396667 48
1743918376224 0.019814325535049734 49
