1743917159375 0.8843333125114441 0
1743917184260 0.9559666514396667 1
1743917209386 0.9666500091552734 2
1743917234230 0.9718833565711975 3
1743917258889 0.9756166934967041 4
1743917283482 0.9788333177566528 5
1743917308255 0.981416642665863 6
1743917332860 0.9833166599273682 7
1743917357595 0.9848499894142151 8
1743917382468 0.9857000112533569 9
1743917407205 0.9866166710853577 10
1743917431884 0.9876999855041504 11
1743917456823 0.9883166551589966 12
1743917481797 0.9888666868209839 13
1743917506841 0.9890333414077759 14
1743917531569 0.9905999898910522 15
1743917556489 0.9911999702453613 16
1743917581276 0.9909166693687439 17
1743917605916 0.9906666874885559 18
1743917630846 0.9932000041007996 19
1743917655589 0.9922833442687988 20
1743917680248 0.991683304309845 21
1743917705047 0.9921000003814697 22
1743917729888 0.9941499829292297 23
1743917754705 0.9925833344459534 24
1743917779409 0.9933500289916992 25
1743917804157 0.9945166707038879 26
1743917828932 0.9940500259399414 27
1743917853786 0.9926499724388123 28
1743917878454 0.9941166639328003 29
1743917903282 0.9938166737556458 30
1743917928338 0.9939833283424377 31
1743917953258 0.9942333102226257 32
1743917978289 0.9945666790008545 33
1743918003042 0.994783341884613 34
1743918027751 0.9950166940689087 35
1743918052562 0.995033323764801 36
1743918077384 0.9948833584785461 37
1743918102165 0.9948333501815796 38
1743918127026 0.994949996471405 39
1743918151791 0.9947666525840759 40
1743918176715 0.9957500100135803 41
1743918201681 0.9956499934196472 42
1743918226623 0.9952999949455261 43
1743918251535 0.9959999918937683 44
1743918276412 0.9951333403587341 45
1743918301346 0.9945166707038879 46
1743918326404 0.996066689491272 47
1743918351316 0.996399998664856 48
1743918376223 0.9948166608810425 49
