1747654067969 0.2511491485531334 0
1747654082038 0.2423846396878523 1
1747654096074 0.2403716708378098 2
1747654110308 0.23933166307314682 3
1747654124110 0.2387415647874104 4
1747654138225 0.238354274280764 5
1747654152479 0.23805697057299785 6
1747654166688 0.23784668158619424 7
1747654181176 0.23773372808935164 8
1747654195637 0.23765173696350148 9
1747654210039 0.23749880586937433 10
1747654224079 0.23747952226141048 11
1747654238231 0.23742541113610874 12
1747654252252 0.23739371574349996 13
1747654266361 0.23736035596922425 14
1747654280650 0.23720002415695954 15
1747654295200 0.23721872071755304 16
1747654309728 0.23718340897405815 17
1747654323844 0.237127324226412 18
1747654338192 0.23718264220925311 19
1747654352294 0.23713467799979004 20
1747654366411 0.23710876124739738 21
1747654380499 0.23709427492772794 22
1747654394425 0.23707229552378334 23
1747654408426 0.23707189859099792 24
1747654422307 0.23702300771866977 25
1747654436244 0.2370030166297892 26
1747654450296 0.23696376600079716 27
1747654464326 0.2368935397997127 28
1747654478591 0.23696230453722983 29
1747654492880 0.2369528756148855 30
1747654507243 0.23696263954622523 31
1747654521330 0.23692570947955305 32
1747654535100 0.23696871234164923 33
1747654549148 0.2368863756870835 34
1747654563190 0.23687108232244916 35
1747654577232 0.23683446275639708 36
1747654591437 0.23680910916524853 37
1747654605024 0.23685283959973047 38
1747654618442 0.23686440265152123 39
1747654632528 0.23680519101188785 40
1747654646812 0.2367959387448901 41
1747654661058 0.2367224322631648 42
1747654674982 0.2366890940907679 43
1747654688763 0.2367371114129816 44
1747654702697 0.2366517505518078 45
1747654716822 0.23675071021611868 46
1747654730925 0.2367053008397021 47
1747654745200 0.23670026209560763 48
1747654759041 0.23661505011167086 49
