1743842532970 0.25390487909317017 0
1743842554591 0.2357500046491623 1
1743842576353 0.2255929410457611 2
1743842598174 0.2177644819021225 3
1743842620058 0.21210618317127228 4
1743842641732 0.20637859404087067 5
1743842663698 0.20145709812641144 6
1743842685672 0.19641751050949097 7
1743842707553 0.19171902537345886 8
1743842729296 0.18730458617210388 9
1743842751028 0.18317165970802307 10
1743842772856 0.17862170934677124 11
1743842794591 0.1739862561225891 12
1743842816305 0.1686031073331833 13
1743842838176 0.163493350148201 14
1743842860076 0.15896445512771606 15
1743842881948 0.15456511080265045 16
1743842903778 0.1513986438512802 17
1743842925514 0.14810746908187866 18
1743842947314 0.14579826593399048 19
1743842969134 0.14321967959403992 20
1743842990995 0.14134745299816132 21
1743843012761 0.1395353078842163 22
1743843034417 0.13804741203784943 23
1743843056011 0.1364632546901703 24
1743843077815 0.13522368669509888 25
1743843099710 0.13439469039440155 26
1743843121764 0.13303416967391968 27
1743843143865 0.13209448754787445 28
1743843165726 0.13140515983104706 29
1743843187567 0.13046857714653015 30
1743843209382 0.12947805225849152 31
1743843231108 0.12867315113544464 32
1743843252963 0.12780854105949402 33
1743843274794 0.12740586698055267 34
1743843296494 0.1267864853143692 35
1743843318173 0.12606526911258698 36
1743843340019 0.12574152648448944 37
1743843361979 0.1248970627784729 38
1743843383734 0.12480529397726059 39
1743843405659 0.12391059845685959 40
1743843427567 0.12407311052083969 41
1743843449472 0.12334532290697098 42
1743843471469 0.1229163408279419 43
1743843493157 0.12253008037805557 44
1743843515242 0.12242656201124191 45
1743843537269 0.1221802607178688 46
1743843559104 0.12158719450235367 47
1743843580835 0.121292345225811 48
1743843602775 0.12122300267219543 49
