1743842532971 0.20449541401206245 0
1743842554592 0.1842347228820939 1
1743842576354 0.17344544244660925 2
1743842598175 0.16535290925039584 3
1743842620059 0.1591860463568504 4
1743842641733 0.1528667931838434 5
1743842663699 0.1474587669695809 6
1743842685673 0.14190583349568434 7
1743842707554 0.1364896948043483 8
1743842729297 0.13149430118116548 9
1743842751029 0.1266930547252954 10
1743842772857 0.12126573147030086 11
1743842794592 0.11568784332864436 12
1743842816307 0.10934814089517329 13
1743842838177 0.10324655164027516 14
1743842860077 0.09777732908327438 15
1743842881949 0.092754036548997 16
1743842903779 0.08909038906396144 17
1743842925515 0.08551355255044861 18
1743842947315 0.0828835603252561 19
1743842969135 0.08028765250317497 20
1743842990996 0.07829572135258062 21
1743843012762 0.07644577974396952 22
1743843034418 0.07495313133393741 23
1743843056012 0.07348562691115991 24
1743843077816 0.07221605628516926 25
1743843099711 0.07128830635308607 26
1743843121765 0.0702289271060999 27
1743843143866 0.06925946810556817 28
1743843165727 0.06851457233630417 29
1743843187568 0.06769705801288928 30
1743843209384 0.0667937738344143 31
1743843231109 0.06610327544041938 32
1743843252965 0.06543686977579288 33
1743843274795 0.06496085277436012 34
1743843296496 0.06439626290203859 35
1743843318174 0.06388159747972971 36
1743843340020 0.06351374189430757 37
1743843361980 0.06302067232179763 38
1743843383735 0.06275961268426138 39
1743843405661 0.062250470649623656 40
1743843427568 0.06206967005094711 41
1743843449473 0.06162777401701393 42
1743843471470 0.061310229894645615 43
1743843493158 0.06102112548264371 44
1743843515243 0.060818479979793026 45
1743843537270 0.06058304621052862 46
1743843559105 0.06019081167408547 47
1743843580836 0.05992170208110387 48
1743843602776 0.05975203932654668 49
