1743955081136 0.8577499985694885 0
1743955106367 0.9514666795730591 1
1743955131425 0.9648333191871643 2
1743955156592 0.9688666462898254 3
1743955181902 0.9744666814804077 4
1743955207008 0.9765666723251343 5
1743955232243 0.9798166751861572 6
1743955257205 0.980566680431366 7
1743955282306 0.9840499758720398 8
1743955307287 0.9836666584014893 9
1743955332390 0.9854999780654907 10
1743955357474 0.9871500134468079 11
1743955423380 0.9870833158493042 12
1743955495937 0.9879833459854126 13
1743955576562 0.9888333082199097 14
1743955650397 0.989549994468689 15
1743955726734 0.9902333617210388 16
1743955800265 0.9906833171844482 17
1743955881846 0.9909999966621399 18
1743955961150 0.991266667842865 19
1743956042957 0.991599977016449 20
1743956116778 0.992816686630249 21
1743956197229 0.9920499920845032 22
1743956270912 0.992900013923645 23
1743956348353 0.9926833510398865 24
1743956425830 0.9929333329200745 25
1743956507002 0.9937666654586792 26
1743956583016 0.9938166737556458 27
1743956672580 0.9939833283424377 28
1743956743098 0.993483304977417 29
1743956830428 0.9941999912261963 30
1743956910466 0.9944166541099548 31
1743956986191 0.9940999746322632 32
1743957058968 0.9937499761581421 33
1743957141832 0.9956166744232178 34
1743957214108 0.995033323764801 35
1743957299060 0.994783341884613 36
1743957374619 0.9953833222389221 37
1743957455077 0.9954333305358887 38
1743957534048 0.994866669178009 39
1743957611605 0.9950500130653381 40
1743957686780 0.9959666728973389 41
1743957767722 0.9962999820709229 42
1743957839613 0.9950000047683716 43
1743957923085 0.9954833388328552 44
1743958002711 0.9962499737739563 45
1743958079517 0.9959166646003723 46
1743958154203 0.9960833191871643 47
1743958231839 0.9965999722480774 48
1743958309815 0.9951833486557007 49
