1743955081137 0.44086371392647167 0
1743955106369 0.16070043624463728 1
1743955131426 0.11716364001074452 2
1743955156594 0.10226448421412106 3
1743955181903 0.08488295681161062 4
1743955207009 0.07591966117604508 5
1743955232245 0.06666251860785452 6
1743955257207 0.0638612221568256 7
1743955282307 0.05286147362284098 8
1743955307289 0.052853414507897496 9
1743955332391 0.04700838246093587 10
1743955357476 0.0425006485691961 11
1743955423382 0.04142130819571587 12
1743955495939 0.03733041094202867 13
1743955576564 0.03581360686952667 14
1743955650399 0.033318989545290084 15
1743955726736 0.03210834611927416 16
1743955800266 0.028888379815700384 17
1743955881847 0.027806729801436426 18
1743955961151 0.02651918946698831 19
1743956042958 0.027881913158272462 20
1743956116780 0.02408928557552296 21
1743956197230 0.025431395427191122 22
1743956270913 0.024047266780893306 23
1743956348354 0.02289669901323044 24
1743956425832 0.02155187538268815 25
1743956507004 0.020968199565770423 26
1743956583017 0.02130802572359221 27
1743956672581 0.020827111165052606 28
1743956743100 0.019857025021348618 29
1743956830430 0.018485208289180856 30
1743956910516 0.01853897359029831 31
1743956986192 0.01943007587729987 32
1743957058970 0.02119889721108231 33
1743957141834 0.014552785601182115 34
1743957214110 0.017407590696840752 35
1743957299062 0.018327022047961324 36
1743957374621 0.015481754900755854 37
1743957455079 0.014508520392179083 38
1743957534050 0.017052698337882012 39
1743957611607 0.016356697153214746 40
1743957686782 0.012486321341286296 41
1743957767724 0.012509406125329968 42
1743957839614 0.01954885002658677 43
1743957923086 0.01720952208381484 44
1743958002713 0.012375857474325867 45
1743958079519 0.014569259456224004 46
1743958154205 0.014299589744852435 47
1743958231840 0.011478561339903957 48
1743958309817 0.018631604332452992 49
