1747769998591 20.753470054025996 0
1747769998811 12.888317674479211 1
1747769999016 8.022906144170088 2
1747769999304 5.598804653964618 3
1747769999610 4.340036182110363 4
1747769999903 3.574507895046296 5
1747770000208 3.0783601275115102 6
1747770000531 2.7481329052229064 7
1747770000865 2.4896299147769065 8
1747770001230 2.275844300450153 9
1747770001587 2.0818789143665497 10
1747770001805 1.9807948902076318 11
1747770002023 1.9137302817128183 12
1747770002264 1.8646348179617631 13
1747770002489 1.8091566653730229 14
1747770002710 1.7791366786372846 15
1747770002970 1.6956616599283267 16
1747770003243 1.515179840561893 17
1747770003507 1.4455307425248896 18
1747770003763 1.40349538442787 19
1747770004024 1.373878881624148 20
1747770004291 1.345911969677488 21
1747770004566 1.3261099741558213 22
1747770004834 1.3033134791437142 23
1747770005063 1.2812333835814003 24
1747770005295 1.2556879962060827 25
1747770005559 1.2458250994697582 26
1747770005857 1.2250036640323219 27
1747770006160 1.2031424542049456 28
1747770006463 1.1924911211598859 29
1747770006763 1.1814369050965308 30
1747770007038 1.1546588015449313 31
1747770007320 1.1470551087912584 32
1747770007596 1.1268808987314345 33
1747770007877 1.1119092118758507 34
1747770008104 1.0936100606054997 35
1747770008387 1.083307225839132 36
1747770008637 1.0758367353356733 37
1747770008897 1.0672124146818005 38
1747770009157 1.0445446546217931 39
1747770009398 1.020354199066879 40
1747770009615 1.007342541413663 41
1747770009858 0.9936620151151965 42
1747770010087 0.9818012396684462 43
1747770010321 0.9645176656505857 44
1747770010567 0.9643316523152257 45
1747770010796 0.9471844768551405 46
1747770011041 0.92601033502968 47
1747770011292 0.9191377262927274 48
1747770011519 0.9095305924863332 49
