1743859185304 0.24931146000352553 0
1743859208293 0.1878541755550375 1
1743859231063 0.17192193932829697 2
1743859254149 0.16047825796292092 3
1743859277131 0.1509585652612671 4
1743859300208 0.14195374500125804 5
1743859323097 0.13214122226203784 6
1743859346142 0.12252691752309337 7
1743859368931 0.1127329466315733 8
1743859391884 0.10480231353386418 9
1743859414582 0.09877971802144961 10
1743859437518 0.09376925194223804 11
1743859460467 0.08979714589688664 12
1743859483577 0.08633539844036643 13
1743859506503 0.08346865044150711 14
1743859529602 0.08072392754077908 15
1743859552780 0.0784370535207582 16
1743859575563 0.0761694814719044 17
1743859598678 0.07398915535453827 18
1743859621736 0.07205229588900984 19
1743859644946 0.07049184035586456 20
1743859668025 0.06932871813504353 21
1743859691339 0.06819179555302322 22
1743859714432 0.0671906793562412 23
1743859737383 0.06634711375247218 24
1743859760270 0.06559258016050971 25
1743859782981 0.06476192099235353 26
1743859806072 0.06420803217767272 27
1743859829104 0.06341198815916432 28
1743859852056 0.06288976254832321 29
1743859874859 0.06228462052816191 30
1743859898083 0.06152135277443077 31
1743859920900 0.06083524618164967 32
1743859944104 0.060108626753207196 33
1743859967118 0.05949962770742782 34
1743859990306 0.05890313824814724 35
1743860013382 0.05831348036278548 36
1743860036505 0.05773734502778605 37
1743860059561 0.05734780246785873 38
1743860082740 0.05688463299414477 39
1743860105701 0.056297084822544655 40
1743860128664 0.05588359692812536 41
1743860151846 0.05554712516247014 42
1743860174993 0.05516710647327047 43
1743860198132 0.05477954554653336 44
1743860221176 0.05462039909073276 45
1743860244408 0.05409547727746069 46
1743860267569 0.053886929545202175 47
1743860290783 0.053624144244347964 48
1743860313886 0.053329711465088823 49
