1743859185303 0.3017197251319885 0
1743859208292 0.23841290175914764 1
1743859231062 0.22375503182411194 2
1743859254148 0.21376632153987885 3
1743859277130 0.20535607635974884 4
1743859300206 0.19758820533752441 5
1743859323096 0.18935167789459229 6
1743859346141 0.18106324970722198 7
1743859368930 0.17248091101646423 8
1743859391883 0.16504332423210144 9
1743859414581 0.1593039482831955 10
1743859437517 0.1544322669506073 11
1743859460466 0.1505209356546402 12
1743859483576 0.14709612727165222 13
1743859506502 0.14421075582504272 14
1743859529601 0.14135409891605377 15
1743859552779 0.13921722769737244 16
1743859575562 0.13703060150146484 17
1743859598676 0.13492797315120697 18
1743859621734 0.13273285329341888 19
1743859644945 0.1311153769493103 20
1743859668024 0.1300809681415558 21
1743859691338 0.12863798439502716 22
1743859714431 0.12725010514259338 23
1743859737382 0.12645521759986877 24
1743859760269 0.12545795738697052 25
1743859782979 0.12424378097057343 26
1743859806071 0.1238175481557846 27
1743859829103 0.12263304740190506 28
1743859852055 0.12217512726783752 29
1743859874858 0.1215972900390625 30
1743859898081 0.12061040848493576 31
1743859920899 0.11980386078357697 32
1743859944103 0.11901286989450455 33
1743859967117 0.11846664547920227 34
1743859990305 0.11784276366233826 35
1743860013380 0.11721394211053848 36
1743860036503 0.11640498787164688 37
1743860059560 0.11631838977336884 38
1743860082739 0.11556465923786163 39
1743860105700 0.11474772542715073 40
1743860128663 0.11425362527370453 41
1743860151845 0.11399227380752563 42
1743860174991 0.11343155056238174 43
1743860198131 0.11292725056409836 44
1743860221175 0.11309526115655899 45
1743860244406 0.11188455671072006 46
1743860267568 0.11184442043304443 47
1743860290782 0.11147305369377136 48
1743860313885 0.11113307625055313 49
