1747679426601 0.25339733912170476 0
1747679441728 0.23883609125246089 1
1747679456983 0.23818694152359599 2
1747679472209 0.2379280395798251 3
1747679487311 0.23786512678634789 4
1747679501454 0.23759180378854028 5
1747679515915 0.23765979055403488 6
1747679530799 0.23742351814062548 7
1747679546302 0.23748102540152213 8
1747679561204 0.23745712870663865 9
1747679576633 0.23751925966265533 10
1747679592257 0.23733896079662245 11
1747679607517 0.23721811870458992 12
1747679622837 0.23721515515034472 13
1747679638096 0.2371136590150943 14
1747679653273 0.23704058190275235 15
1747679668308 0.23698235181827285 16
1747679682912 0.23690453415988846 17
1747679698392 0.23679982855800802 18
1747679713132 0.2367938603921273 19
1747679728499 0.23673643917741996 20
1747679743924 0.2368228007345375 21
1747679759461 0.23673534612976485 22
1747679774782 0.23670609886985505 23
1747679790126 0.23679542445302726 24
1747679805397 0.23659339145110098 25
1747679820768 0.23668432040369236 26
1747679836129 0.236634249817379 27
1747679851535 0.23658730217353316 28
1747679866708 0.23651973209907165 29
1747679881843 0.2366715804870282 30
1747679897307 0.23659524144322358 31
1747679912920 0.23658145306684145 32
1747679928274 0.2364632022660451 33
1747679943367 0.23650690162660312 34
1747679959072 0.23650139384627036 35
1747679974326 0.23644817742804217 36
1747679989303 0.23650392138802825 37
1747680004541 0.23636137681533204 38
1747680020097 0.23643322699093844 39
1747680035859 0.23638025147876227 40
1747680051184 0.236281240971159 41
1747680066428 0.23635554325612593 42
1747680081984 0.2363111475444088 43
1747680097783 0.2363472763131782 44
1747680113486 0.23628445946782856 45
1747680128956 0.236292160761792 46
1747680144278 0.23637843258414107 47
1747680159546 0.2362963120095582 48
1747680174820 0.23626780028932506 49
