1747679426599 0.9149064421653748 0
1747679441726 0.9152504205703735 1
1747679456981 0.9151604771614075 2
1747679472208 0.915226936340332 3
1747679487310 0.9152191281318665 4
1747679501453 0.9152035117149353 5
1747679515913 0.9153363704681396 6
1747679530798 0.9153012037277222 7
1747679546300 0.9154263138771057 8
1747679561202 0.9152425527572632 9
1747679576631 0.9153090119361877 10
1747679592254 0.9152425527572632 11
1747679607516 0.9153950214385986 12
1747679622835 0.9152894616127014 13
1747679638095 0.9153207540512085 14
1747679653272 0.9153637290000916 15
1747679668306 0.9152738451957703 16
1747679682910 0.9153324961662292 17
1747679698391 0.9153012037277222 18
1747679713131 0.9153403043746948 19
1747679728498 0.9153481125831604 20
1747679743921 0.9152973294258118 21
1747679759458 0.9153090119361877 22
1747679774781 0.9154223799705505 23
1747679790124 0.9152973294258118 24
1747679805395 0.9154770970344543 25
1747679820767 0.9153285622596741 26
1747679836127 0.915355920791626 27
1747679851534 0.9153872132301331 28
1747679866707 0.9153129458427429 29
1747679881842 0.9154341220855713 30
1747679897306 0.915355920791626 31
1747679912919 0.9155396223068237 32
1747679928272 0.915355920791626 33
1747679943365 0.9154223799705505 34
1747679959070 0.9153285622596741 35
1747679974324 0.9154106378555298 36
1747679989301 0.9154223799705505 37
1747680004539 0.915285587310791 38
1747680020096 0.9154497385025024 39
1747680035858 0.9154692888259888 40
1747680051182 0.9153715372085571 41
1747680066426 0.9153910875320435 42
1747680081983 0.9153012037277222 43
1747680097781 0.9153129458427429 44
1747680113485 0.9151722192764282 45
1747680128955 0.9152308702468872 46
1747680144276 0.9152777791023254 47
1747680159545 0.9153794050216675 48
1747680174819 0.9154106378555298 49
