1743802820775 0.43422293081939256 0
1743803002581 0.16756545573160728 1
1743803185052 0.1267990440111602 2
1743803367477 0.10813757673656006 3
1743803550026 0.09229501067120403 4
1743803732532 0.07984896104157706 5
1743803915373 0.07283641296202525 6
1743804098039 0.0668423621806365 7
1743804280432 0.057438529881960854 8
1743804462954 0.051698139436953346 9
1743804645824 0.048845592649714574 10
1743804828028 0.045345778192468655 11
1743804932481 0.041625195308797366 12
1743804987326 0.04084889900100438 13
1743805050908 0.036959957906916696 14
1743805110988 0.03583471787682321 15
1743805171437 0.032536986029039275 16
1743805223637 0.03174557879989864 17
1743805279025 0.028553557187456526 18
1743805317874 0.028530273960931836 19
1743805374223 0.02811991711173889 20
1743805433319 0.02306336199862643 21
1743805488910 0.024005239441256643 22
1743805537131 0.02623627368804346 23
1743805588156 0.02272641969481821 24
1743805648602 0.02044939834097965 25
1743805707568 0.02770204721795487 26
1743805764669 0.022167527008534284 27
1743805814266 0.018506850421936547 28
1743805865159 0.01589252362552746 29
1743805910053 0.022002660196291275 30
1743805963538 0.01882451581460031 31
1743806015141 0.02322312587152715 32
1743806071196 0.018246076636688088 33
1743806115359 0.01764850316047565 34
1743806165269 0.01897519168009025 35
1743806219749 0.019372514706576225 36
1743806276175 0.017549555945442687 37
1743806336232 0.015291181154254006 38
1743806396410 0.013669743324832007 39
1743806456448 0.016739598295128704 40
1743806511002 0.017887393951841853 41
1743806597152 0.019535889768948097 42
1743806780243 0.013288016596780722 43
1743806962647 0.01856339679800089 44
1743807145817 0.013658454930196597 45
1743807328917 0.01652483458673193 46
1743807512033 0.013509308992766526 47
1743807694569 0.012686604405036115 48
1743807876560 0.013786103388045931 49
