1747769999724 45.33313751220703 0
1747769999876 42.968318939208984 1
1747770000024 39.55549621582031 2
1747770000252 35.44968032836914 3
1747770000462 31.77829933166504 4
1747770000630 28.559661865234375 5
1747770000803 25.706422805786133 6
1747770000984 23.949827194213867 7
1747770001166 20.972957611083984 8
1747770001369 20.060373306274414 9
1747770001549 19.660118103027344 10
1747770001673 19.198047637939453 11
1747770001777 18.836950302124023 12
1747770001885 18.3469181060791 13
1747770001990 17.825176239013672 14
1747770002094 17.242216110229492 15
1747770002209 16.635520935058594 16
1747770002325 16.04315757751465 17
1747770002442 15.488853454589844 18
1747770002548 14.99777889251709 19
1747770002658 14.53030776977539 20
1747770002772 14.092541694641113 21
1747770002901 13.712499618530273 22
1747770003053 13.362364768981934 23
1747770003199 13.04078483581543 24
1747770003331 12.734560012817383 25
1747770003468 12.4644775390625 26
1747770003607 12.185423851013184 27
1747770003745 11.919750213623047 28
1747770003888 11.667508125305176 29
1747770004028 11.413490295410156 30
1747770004217 11.189248085021973 31
1747770004343 10.955883026123047 32
1747770004501 10.74927043914795 33
1747770004642 10.54940414428711 34
1747770004769 10.361011505126953 35
1747770004886 10.183686256408691 36
1747770005005 10.021084785461426 37
1747770005120 9.873960494995117 38
1747770005238 9.730467796325684 39
1747770005354 9.460000991821289 40
1747770005497 9.171884536743164 41
1747770005649 8.865859985351562 42
1747770005799 8.587312698364258 43
1747770005949 8.344890594482422 44
1747770006099 8.131078720092773 45
1747770006249 7.933932304382324 46
1747770006399 7.764439582824707 47
1747770006549 7.607938289642334 48
1747770006700 7.447192192077637 49
