1743919200063 0.31981727480888367 0
1743919224537 0.26742032170295715 1
1743919249026 0.2554103434085846 2
1743919273658 0.24709969758987427 3
1743919298191 0.24160248041152954 4
1743919323077 0.2484634816646576 5
1743919347901 0.2488127052783966 6
1743919372570 0.23406223952770233 7
1743919397354 0.22935990989208221 8
1743919422206 0.2256980687379837 9
1743919447139 0.22331766784191132 10
1743919471905 0.21948258578777313 11
1743919496909 0.2159237265586853 12
1743919521564 0.2108941376209259 13
1743919546579 0.2042640745639801 14
1743919571347 0.19626034796237946 15
1743919596109 0.1885295957326889 16
1743919620893 0.18196924030780792 17
1743919645672 0.1766391545534134 18
1743919670389 0.17185252904891968 19
1743919695132 0.16825874149799347 20
1743919719948 0.16528458893299103 21
1743919744336 0.1628381758928299 22
1743919768296 0.16056229174137115 23
1743919792479 0.15824714303016663 24
1743919816681 0.15626144409179688 25
1743919841296 0.15515419840812683 26
1743919865946 0.15383507311344147 27
1743919890637 0.1528225690126419 28
1743919915337 0.15192055702209473 29
1743919939922 0.1510644257068634 30
1743919964422 0.15015113353729248 31
1743919988910 0.14880459010601044 32
1743920013264 0.14797651767730713 33
1743920037739 0.1471043825149536 34
1743920062244 0.14668846130371094 35
1743920086823 0.14585720002651215 36
1743920111423 0.1449025720357895 37
1743920135944 0.1441570371389389 38
1743920160401 0.14376963675022125 39
1743920184928 0.14288048446178436 40
1743920209486 0.14315104484558105 41
1743920234094 0.14227649569511414 42
1743920258696 0.1415291279554367 43
1743920283271 0.14162994921207428 44
1743920307784 0.14037789404392242 45
1743920332337 0.14183549582958221 46
1743920357169 0.13958613574504852 47
1743920381824 0.13904936611652374 48
1743920406311 0.13906219601631165 49
