1747771718712 0.6897727251052856 0
1747771718900 0.8710227012634277 1
1747771719091 0.8926136493682861 2
1747771719280 0.9142045378684998 3
1747771719468 0.9227272868156433 4
1747771719657 0.9386363625526428 5
1747771719847 0.9414772987365723 6
1747771720037 0.9352272748947144 7
1747771720225 0.9329545497894287 8
1747771720414 0.9306818246841431 9
1747771720617 0.9386363625526428 10
1747771720804 0.956818163394928 11
1747771720993 0.9488636255264282 12
1747771721182 0.9585227370262146 13
1747771721371 0.9613636136054993 14
1747771721562 0.9420454502105713 15
1747771721805 0.9477272629737854 16
1747771722085 0.9471591114997864 17
1747771722365 0.949999988079071 18
1747771722645 0.956818163394928 19
1747771722910 0.9573863744735718 20
1747771723094 0.9545454382896423 21
1747771723279 0.9534090757369995 22
1747771723467 0.9624999761581421 23
1747771723656 0.9619318246841431 24
1747771723844 0.9642045497894287 25
1747771724034 0.9721590876579285 26
1747771724223 0.9715909361839294 27
1747771724412 0.9676136374473572 28
1747771724603 0.9642045497894287 29
1747771724796 0.9590908885002136 30
1747771724986 0.9727272987365723 31
1747771725176 0.9642045497894287 32
1747771725366 0.9750000238418579 33
1747771725558 0.9715909361839294 34
1747771725748 0.9727272987365723 35
1747771725937 0.9511363506317139 36
1747771726128 0.9653409123420715 37
1747771726318 0.9693182110786438 38
1747771726508 0.9613636136054993 39
1747771726747 0.96875 40
1747771727030 0.9630681872367859 41
1747771727313 0.9732954502105713 42
1747771727597 0.9715909361839294 43
1747771727868 0.9693182110786438 44
1747771728054 0.9744318127632141 45
1747771728240 0.9727272987365723 46
1747771728434 0.9681817889213562 47
1747771728632 0.9551136493682861 48
1747771728831 0.9647727012634277 49
