1743908386683 0.21801507561115557 0
1743908411129 0.1804675405738743 1
1743908435556 0.1630943184634696 2
1743908459872 0.14896756587151866 3
1743908484060 0.13605360197052943 4
1743908508430 0.12474426885688975 5
1743908532777 0.11549141200914846 6
1743908557112 0.10859110665015673 7
1743908581481 0.10253904733192157 8
1743908606021 0.09815960329863371 9
1743908630466 0.09453436990232066 10
1743908654863 0.09132722461703925 11
1743908679205 0.08855760840391015 12
1743908703626 0.08633233704980278 13
1743908727965 0.08461549156529297 14
1743908752288 0.08298162277255045 15
1743908776657 0.08135969860808735 16
1743908800939 0.07984590072989489 17
1743908825428 0.07826667783480287 18
1743908849899 0.0767596901902826 19
1743908874445 0.07553166484050339 20
1743908898767 0.07453621039023484 21
1743908923002 0.07317100253395764 22
1743908947433 0.07229675568502437 23
1743908971764 0.07149687727179793 24
1743908996163 0.07058609863251424 25
1743909020484 0.06968557142554603 26
1743909044880 0.06904333977931325 27
1743909069463 0.06809554080241409 28
1743909093907 0.06808775739044472 29
1743909118178 0.06691112756542324 30
1743909142717 0.06630540904422211 31
1743909167151 0.06630333475409217 32
1743909191631 0.06552746530534131 33
1743909216067 0.06489680171773145 34
1743909240349 0.06442879435218854 35
1743909264712 0.0642086242684052 36
1743909289155 0.06403129918161496 37
1743909313586 0.06357408016523075 38
1743909337875 0.06284668238181183 39
1743909362268 0.06272698882374707 40
1743909386572 0.062168453405459664 41
1743909410936 0.06215571007467146 42
1743909435446 0.06181884956914966 43
1743909459873 0.06181706381544169 44
1743909484351 0.061491359682433626 45
1743909508995 0.06104079332929732 46
1743909533582 0.06081128520025541 47
1743909557952 0.06058644498070527 48
1743909582438 0.05995934648001665 49
