1743908386682 0.26940810680389404 0
1743908411127 0.2355204075574875 1
1743908435555 0.2205401360988617 2
1743908459871 0.20911905169487 3
1743908484059 0.19860748946666718 4
1743908508429 0.18914373219013214 5
1743908532776 0.18137773871421814 6
1743908557111 0.17551591992378235 7
1743908581480 0.16977636516094208 8
1743908606019 0.16595803201198578 9
1743908630464 0.16271589696407318 10
1743908654861 0.15939563512802124 11
1743908679203 0.15667863190174103 12
1743908703625 0.1545885056257248 13
1743908727964 0.15292201936244965 14
1743908752286 0.15156051516532898 15
1743908776655 0.14993229508399963 16
1743908800937 0.14837193489074707 17
1743908825427 0.14681145548820496 18
1743908849898 0.14514315128326416 19
1743908874444 0.14412300288677216 20
1743908898766 0.14322271943092346 21
1743908923000 0.14143069088459015 22
1743908947432 0.14067715406417847 23
1743908971763 0.13970553874969482 24
1743908996162 0.13898791372776031 25
1743909020483 0.13791342079639435 26
1743909044878 0.13736283779144287 27
1743909069462 0.13628827035427094 28
1743909093906 0.13637864589691162 29
1743909118177 0.13495302200317383 30
1743909142715 0.1343332976102829 31
1743909167150 0.13457940518856049 32
1743909191630 0.13379612565040588 33
1743909216066 0.13291065394878387 34
1743909240347 0.1322413980960846 35
1743909264710 0.13226133584976196 36
1743909289154 0.13211588561534882 37
1743909313585 0.13139596581459045 38
1743909337874 0.13060997426509857 39
1743909362266 0.13055597245693207 40
1743909386570 0.1297755241394043 41
1743909410935 0.13001573085784912 42
1743909435444 0.12961676716804504 43
1743909459871 0.12969887256622314 44
1743909484349 0.12942688167095184 45
1743909508993 0.12884347140789032 46
1743909533580 0.1285623162984848 47
1743909557951 0.12826243042945862 48
1743909582436 0.12749892473220825 49
