1747737381880 0.24700127321473667 0
1747737398723 0.23935436368784774 1
1747737415917 0.23884477431548815 2
1747737432818 0.23846578147918657 3
1747737450140 0.23806936770905524 4
1747737467321 0.23785611731783923 5
1747737484544 0.23778873710576406 6
1747737501551 0.2375161058785879 7
1747737518637 0.237486575596358 8
1747737535938 0.2375203467802665 9
1747737553113 0.23722073771624633 10
1747737570324 0.23722719735975745 11
1747737587118 0.23709249057240078 12
1747737604437 0.237065838764584 13
1747737621343 0.23703593391870298 14
1747737638613 0.23688000981426283 15
1747737655727 0.23681261641857773 16
1747737672924 0.2367256500816649 17
1747737689921 0.23664502620370478 18
1747737706726 0.23668913516852516 19
1747737724130 0.2366157553566545 20
1747737741174 0.23656319703213868 21
1747737758733 0.23656866304516794 22
1747737775610 0.23656689555322122 23
1747737793094 0.23649619964827545 24
1747737809981 0.23624000972155373 25
1747737827580 0.2362303959998462 26
1747737844347 0.2362378938636711 27
1747737861839 0.2361977927630551 28
1747737878754 0.2361578576595916 29
1747737895619 0.23602472784147602 30
1747737912827 0.23601724478747768 31
1747737929660 0.2359243854879643 32
1747737946861 0.23580464163871592 33
1747737963744 0.235858214589491 34
1747737981077 0.23567300538905162 35
1747737998150 0.23573817697692015 36
1747738015733 0.23561966787888475 37
1747738033008 0.2355329528774397 38
1747738050160 0.2356568149217324 39
1747738067415 0.23540589443013785 40
1747738084653 0.23556430164811215 41
1747738101968 0.23546714634940555 42
1747738118793 0.2354252399444526 43
1747738135929 0.23542205534333002 44
1747738152655 0.23544611281424546 45
1747738169645 0.23530748911865135 46
1747738186707 0.23527784104752603 47
1747738203831 0.23527643600484183 48
1747738221171 0.23515244625720058 49
