1747737381878 0.9145351052284241 0
1747737398721 0.9149807095527649 1
1747737415916 0.9150745272636414 2
1747737432816 0.9152582287788391 3
1747737450139 0.9151917695999146 4
1747737467319 0.9153832793235779 5
1747737484542 0.9152191281318665 6
1747737501549 0.9151331186294556 7
1747737518635 0.9153363704681396 8
1747737535937 0.9153403043746948 9
1747737553111 0.9151878356933594 10
1747737570323 0.9151761531829834 11
1747737587115 0.9155435562133789 12
1747737604436 0.9152151942253113 13
1747737621342 0.9153012037277222 14
1747737638612 0.9153754711151123 15
1747737655726 0.9154419302940369 16
1747737672922 0.9153989553451538 17
1747737689920 0.9152738451957703 18
1747737706725 0.9153872132301331 19
1747737724129 0.9152777791023254 20
1747737741172 0.9154770970344543 21
1747737758731 0.9153637290000916 22
1747737775608 0.9154106378555298 23
1747737793093 0.9152699112892151 24
1747737809979 0.9154536724090576 25
1747737827576 0.9153950214385986 26
1747737844345 0.9154301881790161 27
1747737861837 0.9153637290000916 28
1747737878753 0.9154810309410095 29
1747737895617 0.915414571762085 30
1747737912826 0.9155044555664062 31
1747737929658 0.9155943393707275 32
1747737946860 0.915473222732544 33
1747737963742 0.9156998991966248 34
1747737981076 0.9155787229537964 35
1747737998149 0.9154966473579407 36
1747738015731 0.9157077074050903 37
1747738033006 0.9155709147453308 38
1747738050158 0.9157116413116455 39
1747738067414 0.9156607985496521 40
1747738084651 0.9155904650688171 41
1747738101966 0.9156686067581177 42
1747738118791 0.9155826568603516 43
1747738135927 0.9156373739242554 44
1747738152653 0.9157624244689941 45
1747738169643 0.915688157081604 46
1747738186705 0.9157272577285767 47
1747738203829 0.9157389998435974 48
1747738221169 0.915617823600769 49
