1743904670754 0.29945459961891174 0
1743904695119 0.24185669422149658 1
1743904719619 0.22511263191699982 2
1743904744218 0.2109699845314026 3
1743904768740 0.19725361466407776 4
1743904793102 0.1857614368200302 5
1743904817361 0.17585571110248566 6
1743904841797 0.1688546985387802 7
1743904866286 0.16291143000125885 8
1743904890766 0.15956158936023712 9
1743904915131 0.15580140054225922 10
1743904939569 0.15295805037021637 11
1743904964090 0.15093645453453064 12
1743904988456 0.14841397106647491 13
1743905012828 0.14696331322193146 14
1743905037150 0.1458624005317688 15
1743905061347 0.1443028301000595 16
1743905085640 0.14278975129127502 17
1743905110047 0.141190767288208 18
1743905134344 0.14013832807540894 19
1743905158873 0.13895107805728912 20
1743905183064 0.1375550627708435 21
1743905206828 0.13719570636749268 22
1743905230593 0.13589569926261902 23
1743905254480 0.1344894915819168 24
1743905278548 0.13399578630924225 25
1743905302372 0.1334003061056137 26
1743905326563 0.1327742040157318 27
1743905350796 0.13195256888866425 28
1743905375349 0.13135142624378204 29
1743905399952 0.13072670996189117 30
1743905424479 0.12976978719234467 31
1743905449030 0.13045674562454224 32
1743905473454 0.12885020673274994 33
1743905497792 0.12826062738895416 34
1743905522322 0.1297084242105484 35
1743905546855 0.1278257817029953 36
1743905571243 0.12759515643119812 37
1743905595701 0.127476766705513 38
1743905620152 0.12638317048549652 39
1743905644687 0.12628765404224396 40
1743905669190 0.1255541890859604 41
1743905693762 0.12614868581295013 42
1743905718222 0.12466318905353546 43
1743905742736 0.12460625916719437 44
1743905767252 0.1247943639755249 45
1743905791678 0.1240105852484703 46
1743905816076 0.12345749139785767 47
1743905840509 0.12430812418460846 48
1743905864859 0.12424373626708984 49
