1743904670755 0.2487664496530582 0
1743904695120 0.18674585711781924 1
1743904719621 0.16734416464529114 2
1743904744220 0.15018530722727455 3
1743904768742 0.13396652444134557 4
1743904793103 0.1203273091865519 5
1743904817363 0.10898980451318271 6
1743904841798 0.1009426123883564 7
1743904866287 0.09473125766443506 8
1743904890768 0.09052469452975567 9
1743904915133 0.08699089220411405 10
1743904939570 0.08404052261080265 11
1743904964092 0.08194606543087526 12
1743904988457 0.07965244531635413 13
1743905012829 0.07814154073972955 14
1743905037152 0.07698004296967291 15
1743905061349 0.07549322270835647 16
1743905085642 0.07414026447157279 17
1743905110049 0.07274792302456629 18
1743905134346 0.07157355202017152 19
1743905158875 0.07036061680954779 20
1743905183066 0.06907081199290095 21
1743905206829 0.06834779722240515 22
1743905230595 0.06730986602621503 23
1743905254481 0.06616776645655029 24
1743905278550 0.06553346474381234 25
1743905302373 0.06487323724868481 26
1743905326564 0.06437947725565472 27
1743905350798 0.06361362819957916 28
1743905375350 0.06302538105568507 29
1743905399953 0.06254852246920782 30
1743905424481 0.061888796288913014 31
1743905449031 0.06205008967012147 32
1743905473456 0.061015913813779 33
1743905497793 0.06049977918640655 34
1743905522324 0.06145987723121566 35
1743905546858 0.06008058291396515 36
1743905571245 0.05980062880735873 37
1743905595703 0.05957399709974496 38
1743905620154 0.058874866606526244 39
1743905644688 0.058735024329026116 40
1743905669192 0.05818761969916262 41
1743905693764 0.058411984604143916 42
1743905718223 0.05757339648795745 43
1743905742738 0.057382267724774054 44
1743905767253 0.05735131287637685 45
1743905791679 0.056890260717805334 46
1743905816078 0.0564223860784982 47
1743905840510 0.056859826975963465 48
1743905864860 0.0569750137664957 49
