1743937396361 0.6704333424568176 0
1743937421622 0.8980833292007446 1
1743937446922 0.925166666507721 2
1743937472208 0.9414833188056946 3
1743937497466 0.9498500227928162 4
1743937522307 0.9559666514396667 5
1743937547591 0.9614166617393494 6
1743937572712 0.9640666842460632 7
1743937597978 0.9662166833877563 8
1743937623450 0.9688500165939331 9
1743937649016 0.970300018787384 10
1743937674325 0.9729666709899902 11
1743937699582 0.9741666913032532 12
1743937724705 0.9757333397865295 13
1743937749802 0.9767500162124634 14
1743937774941 0.9779333472251892 15
1743937800384 0.9786499738693237 16
1743937825321 0.9790166616439819 17
1743937850609 0.9807500243186951 18
1743937876071 0.9817000031471252 19
1743937901257 0.9821500182151794 20
1743937926599 0.9826666712760925 21
1743937951880 0.9830499887466431 22
1743937977216 0.9841333627700806 23
1743938002694 0.984749972820282 24
1743938028027 0.9843500256538391 25
1743938053554 0.9855833053588867 26
1743938079091 0.9875333309173584 27
1743938104368 0.9852666854858398 28
1743938129723 0.9872999787330627 29
1743938155386 0.9882166385650635 30
1743938180687 0.9874833226203918 31
1743938205977 0.9882000088691711 32
1743938231167 0.987583339214325 33
1743938256701 0.9885666370391846 34
1743938282380 0.9878000020980835 35
1743938308043 0.9893666505813599 36
1743938333515 0.9893666505813599 37
1743938358726 0.9907000064849854 38
1743938384453 0.9891833066940308 39
1743938410124 0.9888333082199097 40
1743938435697 0.9905833601951599 41
1743938461486 0.9900500178337097 42
1743938486979 0.9907500147819519 43
1743938512041 0.9916499853134155 44
1743938537568 0.9905499815940857 45
1743938563065 0.9908000230789185 46
1743938588311 0.9913666844367981 47
1743938613453 0.9914500117301941 48
1743938638605 0.9908833503723145 49
