1747593224046 0.11830952018499374 0
1747593231462 0.03742808476090431 1
1747593239027 0.02028590813279152 2
1747593246664 0.014375307597219944 3
1747593254480 0.011532598175108433 4
1747593261630 0.011082821525633335 5
1747593268913 0.010154645889997482 6
1747593276390 0.009304706938564777 7
1747593283776 0.008911095559597015 8
1747593291555 0.009164132177829742 9
1747593299199 0.008892741054296494 10
1747593306469 0.008777500130236149 11
1747593313828 0.008838532492518425 12
1747593321253 0.008653218857944012 13
1747593328597 0.008486348204314709 14
1747593336308 0.007932692766189575 15
1747593343899 0.008263160474598408 16
1747593351282 0.008029825054109097 17
1747593358797 0.008168954402208328 18
1747593366351 0.008034419268369675 19
1747593373904 0.007964018732309341 20
1747593381543 0.007970244623720646 21
1747593388982 0.007350781932473183 22
1747593396370 0.007291873451322317 23
1747593403802 0.007315200753509998 24
1747593411132 0.007259883917868137 25
1747593418898 0.00743492366746068 26
1747593426635 0.007099492009729147 27
1747593434041 0.00697063934057951 28
1747593441294 0.00684193754568696 29
1747593448616 0.006851613987237215 30
1747593456036 0.0068387603387236595 31
1747593463666 0.006789271254092455 32
1747593471084 0.006736286450177431 33
1747593478352 0.006678300444036722 34
1747593485622 0.006762099452316761 35
1747593492957 0.006595298647880554 36
1747593500592 0.006452355068176985 37
1747593507986 0.006476871203631163 38
1747593515335 0.006307996343821287 39
1747593522600 0.006469923537224531 40
1747593529795 0.0061854030936956406 41
1747593537026 0.006362071726471186 42
1747593544368 0.006323110777884722 43
1747593552002 0.006232124287635088 44
1747593559431 0.006167063023895025 45
1747593566331 0.006095052231103182 46
1747593573577 0.0061043985188007355 47
1747593581090 0.006012552417814732 48
1747593588674 0.006104871165007353 49
