1747593224047 0.4486875007311942 0
1747593231464 0.021003959655063263 1
1747593239028 0.00712617908892439 2
1747593246665 0.0026779996396939397 3
1747593254482 0.0013560103937488614 4
1747593261631 0.0013340704090475434 5
1747593268914 0.000939078013894714 6
1747593276391 0.000737238435747311 7
1747593283777 0.0010287059062713418 8
1747593291556 0.0007526767523336139 9
1747593299201 0.0007058841716539274 10
1747593306470 0.0007604194444776861 11
1747593313829 0.0007084495659435942 12
1747593321254 0.0007616667560964674 13
1747593328598 0.000720653235549253 14
1747593336309 0.0004974518837791937 15
1747593343900 0.0006591905880798487 16
1747593351283 0.0005728724777789132 17
1747593358798 0.0005838067239651365 18
1747593366352 0.0005904104564339654 19
1747593373905 0.0005727364912865245 20
1747593381544 0.0006562879872110218 21
1747593388983 0.0004407596603544916 22
1747593396371 0.0004258694950684644 23
1747593403803 0.00046936020370859057 24
1747593411134 0.0004122576108845701 25
1747593418899 0.0004910627575376724 26
1747593426636 0.00038356140245908877 27
1747593434042 0.0003982645781784224 28
1747593441295 0.0004299229677907397 29
1747593448617 0.00039633019488750226 30
1747593456038 0.0003909398946354923 31
1747593463667 0.00040121752740051973 32
1747593471085 0.0003662704028922896 33
1747593478355 0.0004029516065942354 34
1747593485623 0.0003616372968603551 35
1747593492958 0.0003767598529903747 36
1747593500593 0.0003633800400286194 37
1747593507988 0.00038826397523759307 38
1747593515336 0.0003382337389034992 39
1747593522601 0.0003546379682798117 40
1747593529796 0.0003104224258246116 41
1747593537027 0.00047421827629095495 42
1747593544369 0.0003529234032507398 43
1747593552003 0.0003254547084982527 44
1747593559432 0.00030727568636147533 45
1747593566332 0.0003230016332624802 46
1747593573578 0.00031648341698284544 47
1747593581091 0.00028381924123467984 48
1747593588675 0.00035216315893784586 49
