1747708410389 0.9132022261619568 0
1747708425858 0.9142067432403564 1
1747708441413 0.9145702719688416 2
1747708456755 0.9148086905479431 3
1747708472084 0.9148438572883606 4
1747708487578 0.9150979518890381 5
1747708503539 0.9151135683059692 6
1747708518549 0.9151604771614075 7
1747708534052 0.9152230620384216 8
1747708549751 0.9153872132301331 9
1747708565089 0.9152894616127014 10
1747708580546 0.9154263138771057 11
1747708595858 0.9153363704681396 12
1747708611226 0.9153872132301331 13
1747708626681 0.9153481125831604 14
1747708642110 0.9153872132301331 15
1747708657443 0.9153715372085571 16
1747708672814 0.9154184460639954 17
1747708688239 0.9154458045959473 18
1747708703702 0.9153403043746948 19
1747708719065 0.9155279397964478 20
1747708734418 0.9154341220855713 21
1747708750255 0.9155513644218445 22
1747708765469 0.915285587310791 23
1747708780885 0.915516197681427 24
1747708796296 0.9155044555664062 25
1747708811800 0.9155357480049133 26
1747708827294 0.9153872132301331 27
1747708843222 0.9154067635536194 28
1747708858830 0.9154106378555298 29
1747708874306 0.9154067635536194 30
1747708889876 0.9155396223068237 31
1747708905177 0.9155083894729614 32
1747708920599 0.915516197681427 33
1747708935743 0.9155552983283997 34
1747708951021 0.9155083894729614 35
1747708966815 0.9155943393707275 36
1747708982433 0.9155513644218445 37
1747708997858 0.9155005812644958 38
1747709013082 0.9155122637748718 39
1747709028309 0.9156725406646729 40
1747709044010 0.9156569242477417 41
1747709059517 0.9155982732772827 42
1747709074870 0.9155982732772827 43
1747709090330 0.9155005812644958 44
1747709106971 0.9155005812644958 45
1747709124466 0.9155904650688171 46
1747709140544 0.915516197681427 47
1747709156160 0.9155396223068237 48
1747709171549 0.9156138896942139 49
