1747708410390 0.25250883506710947 0
1747708425859 0.2446485664446582 1
1747708441415 0.24224644953893587 2
1747708456757 0.24060581876340648 3
1747708472088 0.24094723772995852 4
1747708487580 0.23904172938281168 5
1747708503540 0.2386768117514085 6
1747708518551 0.2382244850419881 7
1747708534054 0.23808996077681477 8
1747708549752 0.2377924690855131 9
1747708565091 0.2377117158906502 10
1747708580547 0.23753747774634026 11
1747708595859 0.2374579537008961 12
1747708611228 0.23736845196671133 13
1747708626683 0.23737585364960748 14
1747708642111 0.2376251801583494 15
1747708657444 0.23717009894426044 16
1747708672815 0.2372551380559382 17
1747708688240 0.2370291676039465 18
1747708703704 0.23702469281571412 19
1747708719068 0.23685610333466603 20
1747708734419 0.23687220295260333 21
1747708750257 0.23693327845483855 22
1747708765470 0.23693786955201543 23
1747708780887 0.23680489216539957 24
1747708796297 0.23675311760950118 25
1747708811802 0.23667617305810493 26
1747708827296 0.23671718476285 27
1747708843225 0.23663190387774585 28
1747708858831 0.2366257927955592 29
1747708874308 0.24027439733914752 30
1747708889877 0.23639834738604504 31
1747708905179 0.2364477480255616 32
1747708920600 0.23647445253029634 33
1747708935744 0.2366998202476333 34
1747708951022 0.23635744104054038 35
1747708966817 0.236508461937466 36
1747708982434 0.23661056416356394 37
1747708997860 0.2362329905394566 38
1747709013083 0.23628313783291652 39
1747709028311 0.2362985190860204 40
1747709044012 0.23751935444797756 41
1747709059519 0.23601229484285866 42
1747709074872 0.2361776504808819 43
1747709090333 0.23632098452010897 44
1747709106973 0.2361999371451036 45
1747709124467 0.23612034959417552 46
1747709140547 0.23622137023257792 47
1747709156161 0.2369703009319141 48
1747709171550 0.23585334584013623 49
