1747577854577 0.0005265883681842768 0
1747577860209 0.00037032366097263235 1
1747577865792 0.00022500124417001617 2
1747577871320 0.00027825467244274555 3
1747577876857 0.00028372044530754057 4
1747577882061 0.00021192011449765226 5
1747577887335 0.000268298281648619 6
1747577892548 0.00021357934980278267 7
1747577898052 0.0001681457686151968 8
1747577903596 0.00017158951686357943 9
1747577909201 0.00014881444300715674 10
1747577914894 0.00017662333696993995 11
1747577920427 0.0002347584974472904 12
1747577926001 0.0001870206385442324 13
1747577931113 0.00015307775354359232 14
1747577936263 0.00012688124791639265 15
1747577941745 0.00012029853737419121 16
1747577947318 0.00012682821556586038 17
1747577953114 0.00012497910347798936 18
1747577958770 0.00012124927474475837 19
1747577964382 0.00011986458310872411 20
1747577969517 0.00011892865496993853 21
1747577975090 0.00012661716748935158 22
1747577980579 0.00010932478629880311 23
1747577985660 9.489579864908341e-05 24
1747577990764 0.0001147330455682569 25
1747577995849 0.00010131072504589946 26
1747578001608 0.00011830148652638974 27
1747578007223 0.0001284040845333508 28
1747578012790 9.232108572541903e-05 29
1747578018434 0.00010475068340838472 30
1747578023888 9.59859187861297e-05 31
1747578029639 0.00011387641628314522 32
1747578034876 9.406534889486584e-05 33
1747578039941 9.447274812853204e-05 34
1747578045095 8.870687913050506e-05 35
1747578050576 9.129988178177716e-05 36
1747578055998 9.322560396726309e-05 37
1747578061629 8.521890648811594e-05 38
1747578067239 8.736411101040424e-05 39
1747578072360 8.920583810722872e-05 40
1747578078171 9.026393121418318e-05 41
1747578083580 8.126095084839915e-05 42
1747578088918 9.691138214880423e-05 43
1747578094173 7.540575816959574e-05 44
1747578099676 9.471467038351122e-05 45
1747578105361 7.844617920742021e-05 46
1747578110908 7.516772498019012e-05 47
1747578116411 7.346120374904397e-05 48
1747578121946 7.888742279049892e-05 49
