1747577854576 0.007209586910903454 0
1747577860209 0.005910263396799564 1
1747577865792 0.005733082536607981 2
1747577871319 0.005714273080229759 3
1747577876856 0.005674703046679497 4
1747577882060 0.005361801479011774 5
1747577887333 0.005435524508357048 6
1747577892547 0.00521566066890955 7
1747577898051 0.004951640497893095 8
1747577903595 0.004966007079929113 9
1747577909200 0.004786859732121229 10
1747577914893 0.0048315455205738544 11
1747577920426 0.004788810852915049 12
1747577926000 0.00457491260021925 13
1747577931112 0.0044912188313901424 14
1747577936261 0.004308613948523998 15
1747577941745 0.004192058462649584 16
1747577947317 0.00423636008054018 17
1747577953113 0.004210587590932846 18
1747577958769 0.0041064731776714325 19
1747577964381 0.004118358716368675 20
1747577969516 0.004050873685628176 21
1747577975089 0.004119460936635733 22
1747577980577 0.004041906446218491 23
1747577985659 0.003865595906972885 24
1747577990763 0.003980190027505159 25
1747577995847 0.0038397007156163454 26
1747578001607 0.0040056235156953335 27
1747578007222 0.003823821898549795 28
1747578012789 0.003617849200963974 29
1747578018433 0.003791128983721137 30
1747578023887 0.003684134455397725 31
1747578029638 0.0037415309343487024 32
1747578034875 0.003669418627396226 33
1747578039940 0.003614326473325491 34
1747578045094 0.0034643784165382385 35
1747578050575 0.003652989398688078 36
1747578055997 0.0035153895150870085 37
1747578061628 0.0035030338913202286 38
1747578067239 0.003417695639654994 39
1747578072360 0.0034562605433166027 40
1747578078170 0.003450937569141388 41
1747578083579 0.0032798803877085447 42
1747578088916 0.003414072096347809 43
1747578094172 0.0033423248678445816 44
1747578099675 0.0034637320786714554 45
1747578105361 0.0033907799515873194 46
1747578110908 0.003222784725949168 47
1747578116410 0.0032861512154340744 48
1747578121945 0.003264295868575573 49
