1743968459974 0.2779134468961897 0
1743968491115 0.2670973079437964 1
1743968522061 0.34845880403133717 2
1743968553413 0.2624238433104762 3
1743968584251 0.24160173538483823 4
1743968615434 0.2266082851285843 5
1743968646329 0.2138669136761137 6
1743968677071 0.203812553898125 7
1743968708117 0.1937669587016622 8
1743968739227 0.1858197001833378 9
1743968770527 0.17870250060505258 10
1743968801839 0.17210710899277684 11
1743968833258 0.16556003502910827 12
1743968864779 0.15992442831964873 13
1743968895616 0.15461257922662744 14
1743968926739 0.15064620677727808 15
1743968957765 0.1466199858176518 16
1743968988779 0.14308045891933754 17
1743969019980 0.14022955982750063 18
1743969051015 0.13708101803128758 19
1743969082220 0.13845419404883075 20
1743969113229 0.1341511285745937 21
1743969144078 0.13011030203994758 22
1743969175377 0.12797220998666353 23
1743969206869 0.12816044503065938 24
1743969238134 0.12443742287719982 25
1743969269569 0.12256399436280954 26
1743969300463 768004465767.5219 27
1743969331668 144.57826412138843 28
1743969362894 116.73294030849137 29
1743969394154 88.89833500386396 30
1743969425441 65.46410481812609 31
1743969456339 45.62870966096304 32
1743969487400 29.83229595089578 33
1743969518895 18.030990896251573 34
1743969549885 11.78047668589326 35
1743969580943 8.241695374722815 36
1743969611948 6.307396771320833 37
1743969643316 5.150262239799769 38
1743969674830 4.231919653167379 39
1743969705727 3.445171135405754 40
1743969737127 2.755819166739755 41
1743969768262 2.131788467979662 42
1743969799546 1.5860376687640463 43
1743969830894 1.1036643251059728 44
1743969862012 0.7876192460813931 45
1743969893317 0.5706031869721337 46
1743969924455 0.43650662642776267 47
1743969955848 0.3720724660374588 48
1743969987156 0.3370318357508949 49
