1743968459973 0.33060601353645325 0
1743968491114 0.31936052441596985 1
1743968522060 0.35566526651382446 2
1743968553412 0.3115803897380829 3
1743968584250 0.2856525182723999 4
1743968615433 0.27360159158706665 5
1743968646328 0.26261019706726074 6
1743968677070 0.2552233934402466 7
1743968708115 0.24552404880523682 8
1743968739226 0.23793962597846985 9
1743968770526 0.2317582219839096 10
1743968801838 0.22612768411636353 11
1743968833257 0.22049929201602936 12
1743968864778 0.21532614529132843 13
1743968895615 0.21044740080833435 14
1743968926738 0.2072196900844574 15
1743968957764 0.20332898199558258 16
1743968988778 0.20006075501441956 17
1743969019979 0.19792261719703674 18
1743969051013 0.19513759016990662 19
1743969082219 0.19850967824459076 20
1743969113228 0.19359681010246277 21
1743969144077 0.18858139216899872 22
1743969175376 0.18690700829029083 23
1743969206867 0.18838869035243988 24
1743969238133 0.18365345895290375 25
1743969269567 0.1822384148836136 26
1743969300462 4080.72216796875 27
1743969331667 5.340305328369141 28
1743969362893 4.89945125579834 29
1743969394153 4.437473297119141 30
1743969425440 4.033106803894043 31
1743969456338 3.650526762008667 32
1743969487399 3.2726197242736816 33
1743969518894 2.8858397006988525 34
1743969549883 2.5624403953552246 35
1743969580942 2.2735936641693115 36
1743969611947 2.0533909797668457 37
1743969643315 1.886040449142456 38
1743969674829 1.723427414894104 39
1743969705726 1.5633015632629395 40
1743969737125 1.4054445028305054 41
1743969768261 1.2344201803207397 42
1743969799545 1.055813193321228 43
1743969830893 0.8590697050094604 44
1743969862011 0.7008933424949646 45
1743969893316 0.5779821872711182 46
1743969924454 0.49612995982170105 47
1743969955847 0.44601210951805115 48
1743969987155 0.41375088691711426 49
