1743883498171 0.2982814908027649 0
1743883520161 0.28468528389930725 1
1743883541932 0.279628187417984 2
1743883563924 0.274539977312088 3
1743883585665 0.2716465890407562 4
1743883607469 0.2687443494796753 5
1743883629261 0.2648901641368866 6
1743883651204 0.2627166509628296 7
1743883673090 0.260417103767395 8
1743883695020 0.26027294993400574 9
1743883716957 0.25658753514289856 10
1743883738593 0.25523459911346436 11
1743883760410 0.25364574790000916 12
1743883782098 0.2521906793117523 13
1743883804066 0.2505849599838257 14
1743883826090 0.24926777184009552 15
1743883847975 0.24816571176052094 16
1743883869801 0.24697259068489075 17
1743883891753 0.24577395617961884 18
1743883913735 0.24506868422031403 19
1743883935637 0.24406932294368744 20
1743883957247 0.2430887371301651 21
1743883978817 0.24203044176101685 22
1743884000679 0.24109016358852386 23
1743884022668 0.2402544617652893 24
1743884044539 0.2394348382949829 25
1743884066580 0.2385813146829605 26
1743884088463 0.23784194886684418 27
1743884110622 0.23686344921588898 28
1743884132407 0.2359372228384018 29
1743884154332 0.2377707064151764 30
1743884176266 0.23471418023109436 31
1743884198124 0.2337431162595749 32
1743884219910 0.23315130174160004 33
1743884241717 0.2326834797859192 34
1743884263666 0.2321196049451828 35
1743884285464 0.23166562616825104 36
1743884307198 0.2312936633825302 37
1743884328984 0.23076970875263214 38
1743884351051 0.2301483154296875 39
1743884373248 0.2295406460762024 40
1743884395279 0.22948244214057922 41
1743884417252 0.22933734953403473 42
1743884439290 0.2285553216934204 43
1743884461290 0.22834600508213043 44
1743884483221 0.2281714677810669 45
1743884505076 0.22773970663547516 46
1743884527255 0.22748279571533203 47
1743884549053 0.22701126337051392 48
1743884570992 0.22683720290660858 49
