1747667577868 0.9146679639816284 0
1747667591659 0.9150041341781616 1
1747667605466 0.914996325969696 2
1747667619371 0.9150471687316895 3
1747667633402 0.9150471687316895 4
1747667647325 0.9150979518890381 5
1747667661386 0.9151878356933594 6
1747667675449 0.9151057600975037 7
1747667689785 0.9152660369873047 8
1747667704440 0.9152816534042358 9
1747667718881 0.9153363704681396 10
1747667732899 0.9153012037277222 11
1747667746864 0.9151604771614075 12
1747667760854 0.9153754711151123 13
1747667775193 0.9153832793235779 14
1747667789311 0.9152230620384216 15
1747667803215 0.9153481125831604 16
1747667817368 0.9154028296470642 17
1747667831848 0.9154810309410095 18
1747667846712 0.9153989553451538 19
1747667861375 0.9154379963874817 20
1747667875866 0.9154301881790161 21
1747667890283 0.9154067635536194 22
1747667905133 0.9153832793235779 23
1747667919509 0.9153168201446533 24
1747667934332 0.915226936340332 25
1747667948612 0.9153910875320435 26
1747667962646 0.9154028296470642 27
1747667977281 0.9154888391494751 28
1747667991675 0.9154067635536194 29
1747668007195 0.9153598546981812 30
1747668021587 0.915285587310791 31
1747668035898 0.9153676629066467 32
1747668050288 0.9154106378555298 33
1747668064664 0.9154419302940369 34
1747668079121 0.9153950214385986 35
1747668093504 0.9155904650688171 36
1747668108223 0.9154458045959473 37
1747668122752 0.915586531162262 38
1747668137105 0.9153950214385986 39
1747668150921 0.9153715372085571 40
1747668164931 0.9154263138771057 41
1747668179149 0.9155240058898926 42
1747668193131 0.915355920791626 43
1747668206633 0.9153441786766052 44
1747668220558 0.9155357480049133 45
1747668234579 0.9155279397964478 46
1747668248771 0.9155709147453308 47
1747668262754 0.9154536724090576 48
1747668276450 0.9154692888259888 49
