1747667577869 0.2474193064693026 0
1747667591659 0.24256182925848938 1
1747667605467 0.2409902283288274 2
1747667619372 0.24009790704038675 3
1747667633403 0.2394824791892774 4
1747667647325 0.23909249479284725 5
1747667661387 0.2387597514562644 6
1747667675450 0.23850376290316525 7
1747667689786 0.23825456341687526 8
1747667704442 0.23817767359617573 9
1747667718882 0.23799313884691067 10
1747667732900 0.23780685665611112 11
1747667746865 0.23767438211494077 12
1747667760854 0.23757789473118698 13
1747667775194 0.23751677125080176 14
1747667789313 0.23741263176991023 15
1747667803215 0.23735435438566008 16
1747667817369 0.23733058857419334 17
1747667831850 0.23723324791657105 18
1747667846713 0.23730862140747427 19
1747667861376 0.23722261829639235 20
1747667875867 0.23720986612652514 21
1747667890284 0.23714893157022784 22
1747667905134 0.23714024784568022 23
1747667919510 0.23711490983078323 24
1747667934333 0.23706076230830034 25
1747667948613 0.23704999841375513 26
1747667962648 0.23697633498046405 27
1747667977282 0.23697959372227884 28
1747667991676 0.23695324454936378 29
1747668007196 0.2369367857059915 30
1747668021588 0.23695358622814952 31
1747668035899 0.23687924162129856 32
1747668050288 0.23692930134470866 33
1747668064665 0.23688314151261805 34
1747668079122 0.23687490364553354 35
1747668093505 0.23683598660704183 36
1747668108224 0.23683148617771257 37
1747668122753 0.2367258323837149 38
1747668137106 0.23675716831486207 39
1747668150922 0.23678908624625894 40
1747668164932 0.23670879544267126 41
1747668179150 0.23675208140243276 42
1747668193132 0.23668042691829036 43
1747668206635 0.23671114140817012 44
1747668220559 0.23660169458480645 45
1747668234580 0.2365941708886063 46
1747668248772 0.2365963294211873 47
1747668262755 0.236704320821878 48
1747668276451 0.23656693668434806 49
