1743761609682 0.7591666579246521 0
1743761634057 0.9091166853904724 1
1743761658308 0.9293833374977112 2
1743761682796 0.9395666718482971 3
1743761707220 0.9459333419799805 4
1743761731557 0.9500499963760376 5
1743761755581 0.9534333348274231 6
1743761780094 0.9579499959945679 7
1743761804520 0.960349977016449 8
1743761829093 0.9626333117485046 9
1743761853549 0.9642666578292847 10
1743761877912 0.9662833213806152 11
1743761902100 0.9682666659355164 12
1743761926413 0.9702000021934509 13
1743761950796 0.970300018787384 14
1743761975385 0.9717666506767273 15
1743761999913 0.9727500081062317 16
1743762024249 0.9741833209991455 17
1743762048578 0.9744333624839783 18
1743762072905 0.9757999777793884 19
1743762097212 0.9759166836738586 20
1743762121424 0.9766166806221008 21
1743762146306 0.9764999747276306 22
1743762183566 0.9782833456993103 23
1743762220267 0.9783499836921692 24
1743762256097 0.9784166812896729 25
1743762293511 0.9800833463668823 26
1743762328338 0.9800500273704529 27
1743762364058 0.9802833199501038 28
1743762399063 0.98089998960495 29
1743762435375 0.9807999730110168 30
1743762471860 0.9821666479110718 31
1743762507181 0.9818166494369507 32
1743762542310 0.9829999804496765 33
1743762577841 0.9830666780471802 34
1743762615540 0.9827333092689514 35
1743762646370 0.9830999970436096 36
1743762670699 0.9847833514213562 37
1743762694893 0.9839166402816772 38
1743762719044 0.9836333394050598 39
1743762743530 0.984250009059906 40
1743762767796 0.9848999977111816 41
1743762792144 0.9860166907310486 42
1743762816442 0.9853666424751282 43
1743762840636 0.9861166477203369 44
1743762865132 0.98580002784729 45
1743762889553 0.9866999983787537 46
1743762913971 0.9857666492462158 47
1743762938384 0.9868833422660828 48
1743762962667 0.9865166544914246 49
