1743761609683 0.749413348264064 0
1743761634058 0.30659971882985293 1
1743761658309 0.2373716484325129 2
1743761682797 0.20421680681071994 3
1743761707221 0.1845922808320799 4
1743761731558 0.16936465674178794 5
1743761755582 0.15650686447651393 6
1743761780095 0.1407914559225235 7
1743761804521 0.13126529149145405 8
1743761829094 0.12395760344003123 9
1743761853550 0.11824513438936354 10
1743761877913 0.11008148610161052 11
1743761902101 0.10510016565235696 12
1743761926414 0.09985909769447693 13
1743761950797 0.09655666988982566 14
1743761975386 0.09183338215840511 15
1743761999914 0.08837428233550444 16
1743762024250 0.08593345280337363 17
1743762048579 0.0824902305096199 18
1743762072906 0.07948342592759931 19
1743762097213 0.07658045969221561 20
1743762121425 0.07493389337559812 21
1743762146308 0.0728295169315874 22
1743762183567 0.0702690913872653 23
1743762220267 0.06902304797718403 24
1743762256098 0.06927594639255542 25
1743762293512 0.06506583690241399 26
1743762328339 0.0632641985796162 27
1743762364059 0.06138419246563915 28
1743762399063 0.06024272045535424 29
1743762435375 0.059372698865529004 30
1743762471860 0.057381074724263674 31
1743762507182 0.05597030133582052 32
1743762542311 0.0533286829926204 33
1743762577842 0.05302050575969074 34
1743762615541 0.05316590182897809 35
1743762646371 0.05171307887925502 36
1743762670700 0.048197205416144036 37
1743762694894 0.049847008397903424 38
1743762719044 0.04850297073089277 39
1743762743531 0.04941447589787556 40
1743762767797 0.04589396781244121 41
1743762792145 0.04410650289032649 42
1743762816443 0.04483486319974914 43
1743762840637 0.04331087270070974 44
1743762865133 0.044010091678442026 45
1743762889554 0.04092619387430689 46
1743762913972 0.04298503269783344 47
1743762938385 0.0406382988252121 48
1743762962668 0.04101919422424601 49
