1743755136521 0.33941127074077027 0
1743755160443 0.15932095462318377 1
1743755184475 0.11738296303161477 2
1743755208591 0.09647392802425656 3
1743755232581 0.07991638660358938 4
1743755256401 0.07368474935341549 5
1743755280203 0.0634598354487463 6
1743755303957 0.05854737483117678 7
1743755327726 0.05060432546183023 8
1743755351507 0.046456967954179876 9
1743755375291 0.04144919024790149 10
1743755399353 0.039274924220363175 11
1743755423268 0.03478647800002871 12
1743755447174 0.035193064290825894 13
1743755471307 0.03350329409115214 14
1743755495155 0.029377610533595798 15
1743755519144 0.03123514591683498 16
1743755542754 0.028874299645362395 17
1743755566760 0.02331258374446152 18
1743755590599 0.02289170071216143 19
1743755614287 0.020927947389216377 20
1743755638007 0.021534390353881386 21
1743755661703 0.022723091108127407 22
1743755685519 0.020687292219407814 23
1743755709426 0.019697872564026556 24
1743755733242 0.018231499726657874 25
1743755757059 0.018525161434095477 26
1743755780950 0.01923866157610906 27
1743755804829 0.01631483489038304 28
1743755828585 0.014905990439283895 29
1743755852337 0.01640798933483984 30
1743755875994 0.01563256633970509 31
1743755899921 0.01862838906732586 32
1743755923987 0.012563101236618881 33
1743755947965 0.01611441063822528 34
1743755971801 0.015633622282014904 35
1743755995464 0.013138265196029543 36
1743756019220 0.01446352790741195 37
1743756043035 0.015003265555169135 38
1743756066732 0.011560983970741148 39
1743756090474 0.016415263096562882 40
1743756114476 0.011632340815687814 41
1743756138268 0.014419090875891357 42
1743756188102 0.012305130498024335 43
1743756272228 0.011151573869934888 44
1743756356666 0.01573734556087004 45
1743756440741 0.009335338280930418 46
1743756516659 0.01039085427804375 47
1743756540414 0.016524363535921467 48
1743756564165 0.011167367350164764 49
