1743755136520 0.8988166451454163 0
1743755160443 0.953000009059906 1
1743755184474 0.9644333124160767 2
1743755208591 0.9707499742507935 3
1743755232580 0.9756166934967041 4
1743755256400 0.9766166806221008 5
1743755280202 0.9798666834831238 6
1743755303956 0.981249988079071 7
1743755327725 0.983299970626831 8
1743755351506 0.9848333597183228 9
1743755375290 0.9867166876792908 10
1743755399352 0.9873999953269958 11
1743755423267 0.9884999990463257 12
1743755447174 0.9883333444595337 13
1743755471307 0.9887666702270508 14
1743755495154 0.9899666905403137 15
1743755519143 0.989983320236206 16
1743755542753 0.9905833601951599 17
1743755566759 0.9921500086784363 18
1743755590598 0.9922500252723694 19
1743755614286 0.9929166436195374 20
1743755638006 0.9926833510398865 21
1743755661702 0.9928500056266785 22
1743755685519 0.993066668510437 23
1743755709425 0.9931166768074036 24
1743755733241 0.9941499829292297 25
1743755757058 0.9936166405677795 26
1743755780949 0.993399977684021 27
1743755804828 0.9944166541099548 28
1743755828584 0.9950500130653381 29
1743755852336 0.9945499897003174 30
1743755875993 0.9944666624069214 31
1743755899920 0.9940999746322632 32
1743755923986 0.9957500100135803 33
1743755947964 0.9944166541099548 34
1743755971800 0.994783341884613 35
1743755995463 0.9954666495323181 36
1743756019219 0.9951500296592712 37
1743756043034 0.9950833320617676 38
1743756066732 0.9961000084877014 39
1743756090473 0.994700014591217 40
1743756114475 0.9960333108901978 41
1743756138267 0.9952166676521301 42
1743756188101 0.9962000250816345 43
1743756272227 0.9965166449546814 44
1743756356665 0.9949166774749756 45
1743756440740 0.9971833229064941 46
1743756516658 0.9966833591461182 47
1743756540413 0.9951000213623047 48
1743756564164 0.9962833523750305 49
