1747574399160 0.0002562576940027054 0
1747574404743 0.0001594186739726225 1
1747574410363 0.00011814046314132116 2
1747574415318 0.00013481351333134654 3
1747574420472 0.00013817317291789727 4
1747574426070 0.00012850689725365329 5
1747574431793 0.00012217034714254467 6
1747574437342 0.00013435733015446053 7
1747574443039 0.00013403484042536263 8
1747574448608 0.00010735285190351466 9
1747574454187 0.00011375012456501856 10
1747574459497 0.00010574305558988382 11
1747574465029 9.163965599164045e-05 12
1747574470745 0.00011215661947193604 13
1747574476299 0.00017907974628649832 14
1747574481859 0.0001066807880267428 15
1747574487552 0.00010111860541440378 16
1747574493224 8.959853261839618e-05 17
1747574498601 9.988142230654604e-05 18
1747574503703 8.338981644825221e-05 19
1747574509049 9.084861323354659e-05 20
1747574514564 9.369520756442756e-05 21
1747574520270 9.980609193363545e-05 22
1747574525857 9.683243083430848e-05 23
1747574531378 9.307121464225698e-05 24
1747574536472 8.02402272012011e-05 25
1747574541410 7.983984399073057e-05 26
1747574546942 8.546943110147603e-05 27
1747574552651 6.938832434265649e-05 28
1747574558287 8.123022478565077e-05 29
1747574563858 7.456903152530323e-05 30
1747574569401 7.87899049238943e-05 31
1747574574736 8.04544096172949e-05 32
1747574580145 7.769516472981862e-05 33
1747574585539 7.081262609158907e-05 34
1747574590879 7.041397882904773e-05 35
1747574595986 7.424210484747219e-05 36
1747574601486 7.579434956524544e-05 37
1747574606989 6.845252120091969e-05 38
1747574612612 7.821425334223552e-05 39
1747574618364 6.548937409711594e-05 40
1747574624024 6.896236133244765e-05 41
1747574629287 7.105545618280457e-05 42
1747574634241 6.706936202077819e-05 43
1747574639657 6.560729369596988e-05 44
1747574645158 7.699444225455237e-05 45
1747574650749 5.4021408516581155e-05 46
1747574656198 6.597319795152292e-05 47
1747574661291 6.255335229636939e-05 48
1747574666959 6.495023683541984e-05 49
