1747771260290 2460.7301419915857 0
1747771260473 824.6873868208186 1
1747771260654 270.9320367094438 2
1747771260836 146.91222849214054 3
1747771261022 103.67605420346952 4
1747771261204 41.36732870882489 5
1747771261386 19.9793280896078 6
1747771261570 10.195529598023224 7
1747771261748 6.914817683610237 8
1747771261925 5.743140067043194 9
1747771262137 5.333446240362726 10
1747771262383 5.099384776593745 11
1747771262630 5.069959783448409 12
1747771262872 4.597102385991865 13
1747771263113 4.435394876977502 14
1747771263359 4.590402515841086 15
1747771263597 4.198278855861082 16
1747771263834 3.751094640494336 17
1747771264072 3.6867388571943835 18
1747771264311 3.6404707382992956 19
1747771264520 3.111634513946068 20
1747771264677 2.904222717217735 21
1747771264843 2.4684225088411678 22
1747771265014 2.0901209193215595 23
1747771265183 1.4739432371531769 24
1747771265354 0.9230344855693754 25
1747771265522 0.8219393496221409 26
1747771265688 0.766837304964907 27
1747771265852 0.8008209480499833 28
1747771266025 0.7330727556351179 29
1747771266195 0.6006599868827375 30
1747771266368 0.7559282056232773 31
1747771266545 0.9597061474441364 32
1747771266729 0.7440144722644088 33
1747771266914 0.4685542771267815 34
1747771267102 0.4334655230292664 35
1747771267286 0.37928808304231465 36
1747771267470 0.37860568518277127 37
1747771267658 0.4848348192426708 38
1747771267844 0.45020567189517263 39
1747771268026 0.5200465031905994 40
1747771268214 0.5534287579289601 41
1747771268457 0.5176024471395905 42
1747771268703 0.43272845457077935 43
1747771268949 0.37554626147464887 44
1747771269192 0.42756447327597197 45
1747771269433 0.4719103289976088 46
1747771269680 0.45476696240224346 47
1747771269927 0.4019128004626684 48
1747771270170 0.40880195550234083 49
