1747771260288 34.641761779785156 0
1747771260471 21.246448516845703 1
1747771260653 12.549274444580078 2
1747771260835 9.198169708251953 3
1747771261020 7.760536193847656 4
1747771261202 4.933747291564941 5
1747771261385 3.307966947555542 6
1747771261569 2.2508654594421387 7
1747771261747 1.728349208831787 8
1747771261924 1.5010327100753784 9
1747771262135 1.3864257335662842 10
1747771262381 1.3381227254867554 11
1747771262627 1.3133913278579712 12
1747771262869 1.2334346771240234 13
1747771263111 1.2087005376815796 14
1747771263357 1.2295547723770142 15
1747771263594 1.189787745475769 16
1747771263831 1.0951882600784302 17
1747771264070 1.087838053703308 18
1747771264309 1.102189540863037 19
1747771264518 1.0118087530136108 20
1747771264676 1.0037765502929688 21
1747771264841 0.9450926780700684 22
1747771265012 0.9049472808837891 23
1747771265182 0.8424118757247925 24
1747771265352 0.6806299686431885 25
1747771265520 0.6576737761497498 26
1747771265686 0.6465617418289185 27
1747771265851 0.6799171566963196 28
1747771266023 0.6479337811470032 29
1747771266194 0.5843032002449036 30
1747771266366 0.6672998070716858 31
1747771266544 0.7313575744628906 32
1747771266727 0.6389816999435425 33
1747771266913 0.5190352201461792 34
1747771267100 0.505467414855957 35
1747771267284 0.4660015106201172 36
1747771267468 0.46627938747406006 37
1747771267656 0.5319143533706665 38
1747771267843 0.5195743441581726 39
1747771268024 0.5547840595245361 40
1747771268212 0.5824234485626221 41
1747771268454 0.5544983744621277 42
1747771268701 0.49646320939064026 43
1747771268946 0.4670778810977936 44
1747771269190 0.4971141815185547 45
1747771269431 0.5316730737686157 46
1747771269678 0.5162558555603027 47
1747771269925 0.48614558577537537 48
1747771270168 0.490121454000473 49
