1747674675441 0.25289222268580924 0
1747674690405 0.239101354249454 1
1747674705927 0.2383873791661617 2
1747674721208 0.238081970473029 3
1747674736403 0.237918562258155 4
1747674751820 0.23780460677476922 5
1747674766998 0.23778937434267156 6
1747674782194 0.23768652747338054 7
1747674796898 0.2376546829879794 8
1747674812199 0.23752998476691417 9
1747674827375 0.2374442249695989 10
1747674842902 0.23750677104701295 11
1747674858255 0.2373613308730462 12
1747674873477 0.23739419853665267 13
1747674888641 0.23733805144772413 14
1747674904049 0.23732534289206297 15
1747674920238 0.23730451101282718 16
1747674935484 0.23729194105273105 17
1747674950669 0.23722594814093687 18
1747674965798 0.23714239730435954 19
1747674981016 0.237166568093845 20
1747674995936 0.2370979173359032 21
1747675011519 0.23713287895298765 22
1747675026895 0.23711766503553058 23
1747675042315 0.23703985711994094 24
1747675057445 0.23697415834742339 25
1747675072615 0.23713951425771398 26
1747675087860 0.23694644374731055 27
1747675102839 0.23695341212149848 28
1747675118118 0.23696453060516073 29
1747675133451 0.23684181573389207 30
1747675148541 0.2368151294379695 31
1747675163868 0.23682732995872946 32
1747675179028 0.23681931543966434 33
1747675194243 0.2368119937552096 34
1747675209912 0.23663156306962224 35
1747675224794 0.2367207952360582 36
1747675239573 0.23664989862948144 37
1747675254830 0.23668477677871125 38
1747675269958 0.23665404499795892 39
1747675285151 0.23654769570966472 40
1747675300392 0.23667729597170303 41
1747675315807 0.23655061881329265 42
1747675331199 0.23663577712479839 43
1747675345989 0.23660891322913963 44
1747675361167 0.23664446961213417 45
1747675376463 0.2366186195509581 46
1747675391652 0.23654986871787537 47
1747675406858 0.23654110787986557 48
1747675421790 0.23651946651984035 49
