1747674675439 0.9147852659225464 0
1747674690403 0.9153754711151123 1
1747674705926 0.9152035117149353 2
1747674721206 0.9153832793235779 3
1747674736402 0.9153090119361877 4
1747674751819 0.9153363704681396 5
1747674766996 0.9153441786766052 6
1747674782192 0.9155357480049133 7
1747674796896 0.9153794050216675 8
1747674812196 0.915226936340332 9
1747674827373 0.9154028296470642 10
1747674842897 0.9153520464897156 11
1747674858251 0.9152738451957703 12
1747674873476 0.9154419302940369 13
1747674888639 0.9153794050216675 14
1747674904047 0.9152621030807495 15
1747674920237 0.9154106378555298 16
1747674935482 0.9152973294258118 17
1747674950668 0.9154184460639954 18
1747674965797 0.9153207540512085 19
1747674981015 0.9153950214385986 20
1747674995934 0.9153168201446533 21
1747675011517 0.9153520464897156 22
1747675026893 0.9153363704681396 23
1747675042313 0.9154067635536194 24
1747675057443 0.9153989553451538 25
1747675072614 0.9154223799705505 26
1747675087859 0.9155357480049133 27
1747675102837 0.915355920791626 28
1747675118116 0.9153910875320435 29
1747675133450 0.9152738451957703 30
1747675148539 0.9153481125831604 31
1747675163866 0.9154106378555298 32
1747675179026 0.9154614806175232 33
1747675194241 0.9153168201446533 34
1747675209910 0.915473222732544 35
1747675224792 0.9154379963874817 36
1747675239571 0.9154184460639954 37
1747675254828 0.9153676629066467 38
1747675269957 0.9153207540512085 39
1747675285150 0.9155200719833374 40
1747675300391 0.9155318140983582 41
1747675315806 0.9153715372085571 42
1747675331197 0.9154536724090576 43
1747675345988 0.9153794050216675 44
1747675361166 0.9153950214385986 45
1747675376461 0.9153012037277222 46
1747675391649 0.9153676629066467 47
1747675406857 0.9155005812644958 48
1747675421788 0.9154106378555298 49
