1747771786069 0.3564651706655565 0
1747771786319 0.2097091111431336 1
1747771786634 0.16365222671395543 2
1747771786949 0.17631484863878216 3
1747771787264 0.17523510978635562 4
1747771787528 0.15861886507971537 5
1747771787727 0.15884536478912056 6
1747771787941 0.18090370483863835 7
1747771788161 0.17889970591965904 8
1747771788383 0.1260894463193246 9
1747771788604 0.12557580122751205 10
1747771788825 0.11124909914892654 11
1747771789039 0.12682260253599112 12
1747771789248 0.11566834029993224 13
1747771789458 0.10149373819709516 14
1747771789669 0.11937190611445062 15
1747771789879 0.08360933691927819 16
1747771790089 0.08739557781906429 17
1747771790299 0.09047650196153331 18
1747771790511 0.08456023307967778 19
1747771790734 0.10970145924572879 20
1747771790956 0.10041087031859282 21
1747771791185 0.08050794366803957 22
1747771791503 0.08186629000996597 23
1747771791822 0.09080870829335463 24
1747771792141 0.08425763974362797 25
1747771792438 0.09705154229812837 26
1747771792645 0.09266468042754823 27
1747771792852 0.08341020926373374 28
1747771793061 0.07095179703011237 29
1747771793271 0.08180852663801984 30
1747771793481 0.07354886132297152 31
1747771793693 0.08517212608776203 32
1747771793901 0.18980081347911631 33
1747771794115 0.09689195039624339 34
1747771794336 0.08448368506232484 35
1747771794559 0.07665113374185421 36
1747771794783 0.08801510649715219 37
1747771795005 0.08894373781303924 38
1747771795229 0.08043239710544885 39
1747771795452 0.06782106008008423 40
1747771795672 0.07161622760517092 41
1747771795892 0.060635225612788876 42
1747771796117 0.06523128725702662 43
1747771796435 0.0790410851131096 44
1747771796756 0.0903461744340444 45
1747771797077 0.06660487016907565 46
1747771797388 0.07119275047299127 47
1747771797599 0.062442752614751185 48
1747771797817 0.06247794928385857 49
