1747771786067 0.887499988079071 0
1747771786316 0.9278408885002136 1
1747771786631 0.9426136612892151 2
1747771786946 0.9323863387107849 3
1747771787262 0.9306818246841431 4
1747771787526 0.9375 5
1747771787726 0.9431818127632141 6
1747771787939 0.9318181872367859 7
1747771788159 0.9284090995788574 8
1747771788381 0.9488636255264282 9
1747771788602 0.9590908885002136 10
1747771788823 0.9545454382896423 11
1747771789037 0.9488636255264282 12
1747771789246 0.9545454382896423 13
1747771789456 0.9624999761581421 14
1747771789667 0.9545454382896423 15
1747771789877 0.9704545736312866 16
1747771790087 0.9630681872367859 17
1747771790297 0.9613636136054993 18
1747771790509 0.9664772748947144 19
1747771790732 0.9607954621315002 20
1747771790954 0.9602272510528564 21
1747771791182 0.9670454263687134 22
1747771791500 0.96875 23
1747771791819 0.9613636136054993 24
1747771792138 0.9693182110786438 25
1747771792436 0.9579545259475708 26
1747771792643 0.9624999761581421 27
1747771792851 0.9664772748947144 28
1747771793060 0.9693182110786438 29
1747771793270 0.9659090638160706 30
1747771793479 0.9698863625526428 31
1747771793691 0.9642045497894287 32
1747771793900 0.9414772987365723 33
1747771794113 0.9551136493682861 34
1747771794334 0.9653409123420715 35
1747771794557 0.9727272987365723 36
1747771794781 0.9664772748947144 37
1747771795003 0.9636363387107849 38
1747771795227 0.9681817889213562 39
1747771795450 0.9715909361839294 40
1747771795670 0.9744318127632141 41
1747771795890 0.9772727489471436 42
1747771796115 0.9721590876579285 43
1747771796432 0.96875 44
1747771796753 0.9647727012634277 45
1747771797075 0.9732954502105713 46
1747771797387 0.9710227251052856 47
1747771797597 0.9732954502105713 48
1747771797815 0.9744318127632141 49
