1747575913820 0.1229591891169548 0
1747575919265 0.009903750382363796 1
1747575924569 0.004287934862077236 2
1747575930325 0.004102120641618967 3
1747575935781 0.004132905974984169 4
1747575941359 0.0039314040914177895 5
1747575946802 0.003939420450478792 6
1747575952004 0.003819024655967951 7
1747575957280 0.0037275038193911314 8
1747575962712 0.0037961541675031185 9
1747575968346 0.003690882818773389 10
1747575974017 0.0035277525894343853 11
1747575979453 0.0036246313247829676 12
1747575985081 0.003522602841258049 13
1747575990443 0.0035887453705072403 14
1747575995439 0.0034406690392643213 15
1747576000617 0.003430713200941682 16
1747576005974 0.0033505915198475122 17
1747576011609 0.0034018836449831724 18
1747576017258 0.003298812313005328 19
1747576022843 0.0033492620568722486 20
1747576028382 0.0032468819990754128 21
1747576033776 0.0033546150662004948 22
1747576038738 0.003161823842674494 23
1747576043922 0.003133282996714115 24
1747576048986 0.0031186561100184917 25
1747576054473 0.003065600758418441 26
1747576060163 0.0030587203800678253 27
1747576065697 0.003042529569938779 28
1747576071271 0.003027113387361169 29
1747576076949 0.0029877324122935534 30
1747576082687 0.0029608027543872595 31
1747576087971 0.0030092361848801374 32
1747576093020 0.0029280593153089285 33
1747576098338 0.0030165519565343857 34
1747576104080 0.0028118642512708902 35
1747576109734 0.0027644457295536995 36
1747576114857 0.0029292346443980932 37
1747576120389 0.002902259351685643 38
1747576125970 0.0027360431849956512 39
1747576131456 0.0028367547784000635 40
1747576136719 0.0027396955993026495 41
1747576141720 0.002764837583526969 42
1747576146954 0.002866293303668499 43
1747576152505 0.002806284697726369 44
1747576158053 0.0027218202594667673 45
1747576163635 0.002744590397924185 46
1747576169357 0.002718996489420533 47
1747576175124 0.0027454516384750605 48
1747576180940 0.0027137312572449446 49
