1747770755994 3.112857005540462 0
1747770756230 2.914176222061898 1
1747770756497 2.8033325514087113 2
1747770756724 2.7230493735179286 3
1747770756983 2.6394074400860497 4
1747770757203 2.5280689748160263 5
1747770757496 2.4083651213956165 6
1747770757806 2.251221313572677 7
1747770758160 2.1229418084642986 8
1747770758485 1.9559390047251437 9
1747770758852 1.813588205113772 10
1747770759176 1.6482961357245862 11
1747770759533 1.4890264896367913 12
1747770759842 1.2450047874169612 13
1747770760098 1.1176661693827985 14
1747770760313 0.944601126707609 15
1747770760571 0.8044630799512122 16
1747770760795 0.7043756280322043 17
1747770761044 0.6352322008709549 18
1747770761265 0.581522964859694 19
1747770761518 0.5486917812297746 20
1747770761733 0.509227103082109 21
1747770761987 0.4777610669505375 22
1747770762207 0.45223760755200465 23
1747770762483 0.43038183987613193 24
1747770762906 0.41766613522217855 25
1747770763157 0.39690676308533945 26
1747770763394 0.3918161454185856 27
1747770763677 0.37465364367355786 28
1747770763993 0.37432237323278394 29
1747770764285 0.36606258530500685 30
1747770764631 0.3512794851192886 31
1747770764953 0.35221039291783984 32
1747770765261 0.33937818774966305 33
1747770765583 0.3301387514455518 34
1747770765911 0.3274438419334155 35
1747770766218 0.3124783032586329 36
1747770766449 0.3165931869404343 37
1747770766729 0.3138593001807677 38
1747770766966 0.3018843799085615 39
1747770767243 0.2997719326085196 40
1747770767481 0.2958056391723378 41
1747770767760 0.2903540563195586 42
1747770768005 0.2891619211190336 43
1747770768286 0.2801302146804116 44
1747770768536 0.27977799605888015 45
1747770768812 0.2787805462026057 46
1747770769034 0.2680736563770981 47
1747770769292 0.2667369844093019 48
1747770769515 0.26291753533094264 49
