1743958580132 0.277089302799163 0
1743958610868 0.26762331271966994 1
1743958641875 0.2668657270959203 2
1743958673285 0.2755855664084269 3
1743958704751 0.2698242715882067 4
1743958736042 0.24110695844524652 5
1743958767104 0.2247478662701677 6
1743958798433 55448.12354200718 7
1743958829640 0.43677732354457527 8
1743958861267 0.31766039948186164 9
1743958892640 0.2873126130757074 10
1743958923874 1.187397376045757 11
1743958955238 0.2887992816687412 12
1743958986345 0.2743170945687565 13
1743959017795 0.2721262070165503 14
1743959049072 1.225530136242014 15
1743959080504 0.2706355925671641 16
1743959111943 0.26682523534230274 17
1743959142970 0.26260833314666326 18
1743959174204 0.260154083939654 19
1743959205719 0.2596448964702295 20
1743959237149 0.25684219628084404 21
1743959268560 0.28388800925811214 22
1743959299654 0.2579294285273993 23
1743959331091 0.2545478681400178 24
1743959362262 0.25158060002688737 25
1743959393726 0.24965547209253686 26
1743959424997 0.2500381865252373 27
1743959455738 421051.5557762331 28
1743959487078 15.90147436950973 29
1743959518336 0.36977280502330906 30
1743959549939 0.2747113023163181 31
1743959581425 99.97415480093147 32
1743959612567 1.9443008981693126 33
1743959643905 0.33383435518432614 34
1743959675084 0.2818059191844701 35
1743959706500 6.464339486316012 36
1743959737965 0.33996454996267134 37
1743959769317 70.4704183971053 38
1743959800556 0.641756146458026 39
1743959831349 0.2716394701802936 40
1743959862798 0.26843304745682267 41
1743959894349 0.26921272992924644 42
1743959925926 13.682388497966818 43
1743959957100 0.27048595600899317 44
1743959987996 0.2703546428175228 45
1743960019543 0.2710913532601421 46
1743960050901 0.546678020875527 47
1743960082471 0.28617109387417494 48
1743960113843 0.27216889952368334 49
