1747637011902 0.11856355518102646 0
1747637021851 0.08337295800447464 1
1747637032290 0.07460461556911469 2
1747637042942 0.05145013704895973 3
1747637052786 0.040082428604364395 4
1747637062947 0.033476512879133224 5
1747637073426 0.029741518199443817 6
1747637083758 0.026288781315088272 7
1747637093810 0.023900646716356277 8
1747637104258 0.021694255992770195 9
1747637114420 0.02008022740483284 10
1747637125072 0.019185883924365044 11
1747637135700 0.018489835783839226 12
1747637145916 0.016698401421308517 13
1747637156281 0.01672236993908882 14
1747637166736 0.016701823100447655 15
1747637176772 0.015555189922451973 16
1747637186950 0.015459328889846802 17
1747637197386 0.015139739029109478 18
1747637207821 0.015086743980646133 19
1747637218230 0.014504974707961082 20
1747637228600 0.013609495013952255 21
1747637238259 0.013902607373893261 22
1747637248486 0.014194255694746971 23
1747637259045 0.013440096750855446 24
1747637269434 0.013362807221710682 25
1747637279410 0.012968714348971844 26
1747637289677 0.012115445919334888 27
1747637299568 0.011701453477144241 28
1747637309870 0.011434623040258884 29
1747637320075 0.010847208090126514 30
1747637330277 0.010681455954909325 31
1747637340683 0.01117832399904728 32
1747637350965 0.010126862674951553 33
1747637361289 0.010303771123290062 34
1747637371871 0.010396589525043964 35
1747637381728 0.010060976259410381 36
1747637391637 0.009868564084172249 37
1747637402170 0.009789478965103626 38
1747637412022 0.009894884191453457 39
1747637422447 0.009306398220360279 40
1747637432808 0.0102106723934412 41
1747637442874 0.00903555192053318 42
1747637453359 0.009337515570223331 43
1747637463610 0.009156565181910992 44
1747637473578 0.008873669430613518 45
1747637483840 0.00936426967382431 46
1747637493937 0.008628521114587784 47
1747637504499 0.009092424064874649 48
1747637514789 0.008676181547343731 49
