1747770773063 34.59489059448242 0
1747770773243 18.415510177612305 1
1747770773443 9.936774253845215 2
1747770773616 6.101170063018799 3
1747770773792 4.074504852294922 4
1747770773966 2.5917789936065674 5
1747770774140 2.0645484924316406 6
1747770774317 1.7651481628417969 7
1747770774491 1.5555298328399658 8
1747770774668 1.3760395050048828 9
1747770774848 1.2177906036376953 10
1747770775022 1.0793532133102417 11
1747770775199 0.9990345239639282 12
1747770775377 0.8541606664657593 13
1747770775552 0.8199071288108826 14
1747770775730 0.735654354095459 15
1747770775909 0.651113748550415 16
1747770776121 0.6070131659507751 17
1747770776358 0.5783917307853699 18
1747770776602 0.5539779663085938 19
1747770776839 0.560802698135376 20
1747770777077 0.5107903480529785 21
1747770777316 0.5105071663856506 22
1747770777554 0.486130028963089 23
1747770777797 0.46501293778419495 24
1747770778047 0.4419223666191101 25
1747770778319 0.44540441036224365 26
1747770778529 0.4293682873249054 27
1747770778695 0.42194369435310364 28
1747770778868 0.40223756432533264 29
1747770779045 0.38837355375289917 30
1747770779223 0.41355666518211365 31
1747770779396 0.3968876302242279 32
1747770779573 0.3742547035217285 33
1747770779748 0.3853346109390259 34
1747770779926 0.36439234018325806 35
1747770780103 0.3785514831542969 36
1747770780281 0.372915655374527 37
1747770780451 0.35838353633880615 38
1747770780629 0.3492332994937897 39
1747770780809 0.3576565086841583 40
1747770780992 0.349031925201416 41
1747770781170 0.3495222330093384 42
1747770781349 0.34363871812820435 43
1747770781529 0.32757702469825745 44
1747770781707 0.3358655273914337 45
1747770781886 0.34975069761276245 46
1747770782065 0.3269033133983612 47
1747770782264 0.32989874482154846 48
1747770782506 0.3256540596485138 49
