1747681046132 0.914793074131012 0
1747681060374 0.914894700050354 1
1747681074960 0.9150627851486206 2
1747681090151 0.9152191281318665 3
1747681105455 0.9152386784553528 4
1747681120701 0.9153012037277222 5
1747681135904 0.9154341220855713 6
1747681150973 0.9153324961662292 7
1747681166219 0.9153285622596741 8
1747681180896 0.9152738451957703 9
1747681196247 0.9153207540512085 10
1747681211722 0.9153207540512085 11
1747681226944 0.915355920791626 12
1747681242522 0.9153207540512085 13
1747681257846 0.9153481125831604 14
1747681272997 0.9154379963874817 15
1747681288226 0.9153363704681396 16
1747681303768 0.9153676629066467 17
1747681319400 0.9154028296470642 18
1747681335263 0.9155357480049133 19
1747681351187 0.9154379963874817 20
1747681366781 0.9153637290000916 21
1747681382266 0.9154263138771057 22
1747681397667 0.9153754711151123 23
1747681413266 0.9154536724090576 24
1747681428880 0.9154536724090576 25
1747681444512 0.9153832793235779 26
1747681460697 0.9155357480049133 27
1747681476846 0.9154067635536194 28
1747681493385 0.9155474305152893 29
1747681508919 0.9153910875320435 30
1747681524915 0.9154497385025024 31
1747681540710 0.9155631065368652 32
1747681556455 0.9154458045959473 33
1747681571869 0.9155357480049133 34
1747681587190 0.9154653549194336 35
1747681602402 0.9155396223068237 36
1747681617527 0.9153832793235779 37
1747681632688 0.9155396223068237 38
1747681648131 0.9154692888259888 39
1747681663414 0.9155200719833374 40
1747681679143 0.9154927134513855 41
1747681694954 0.9154810309410095 42
1747681709868 0.9155943393707275 43
1747681724501 0.9154263138771057 44
1747681739850 0.9154067635536194 45
1747681755171 0.9154341220855713 46
1747681770583 0.9155083894729614 47
1747681785676 0.9155631065368652 48
1747681800301 0.9154888391494751 49
