1747770394744 50.37430953979492 0
1747770394868 49.700843811035156 1
1747770394986 48.44283676147461 2
1747770395104 45.43793487548828 3
1747770395224 41.48581314086914 4
1747770395344 37.97906494140625 5
1747770395458 30.861980438232422 6
1747770395567 25.59663200378418 7
1747770395676 23.17377281188965 8
1747770395819 22.08037757873535 9
1747770395986 21.729944229125977 10
1747770396149 21.523571014404297 11
1747770396317 21.446727752685547 12
1747770396482 21.344411849975586 13
1747770396650 21.374408721923828 14
1747770396814 21.28601837158203 15
1747770396980 21.236467361450195 16
1747770397145 21.219614028930664 17
1747770397314 21.170557022094727 18
1747770397482 21.17669105529785 19
1747770397650 21.110668182373047 20
1747770397812 21.094717025756836 21
1747770397977 21.115568161010742 22
1747770398141 21.038330078125 23
1747770398263 21.021297454833984 24
1747770398365 20.955856323242188 25
1747770398470 20.932674407958984 26
1747770398580 20.860254287719727 27
1747770398687 20.806196212768555 28
1747770398795 20.657663345336914 29
1747770398908 20.583112716674805 30
1747770399016 20.352781295776367 31
1747770399129 20.089662551879883 32
1747770399239 19.63338279724121 33
1747770399353 19.081729888916016 34
1747770399465 18.554296493530273 35
1747770399578 18.002655029296875 36
1747770399691 17.676740646362305 37
1747770399802 17.40970802307129 38
1747770399917 17.246978759765625 39
1747770400038 17.17120361328125 40
1747770400169 17.135026931762695 41
1747770400288 17.096126556396484 42
1747770400410 17.000072479248047 43
1747770400527 16.892366409301758 44
1747770400645 16.782699584960938 45
1747770400764 16.680166244506836 46
1747770400879 16.567771911621094 47
1747770400993 16.41731834411621 48
1747770401171 16.242090225219727 49
