1747771884854 0.18011364340782166 0
1747771885084 0.29374998807907104 1
1747771885314 0.5539772510528564 2
1747771885545 0.7920454740524292 3
1747771885776 0.8596590757369995 4
1747771886006 0.8977272510528564 5
1747771886237 0.9335227012634277 6
1747771886468 0.9323863387107849 7
1747771886702 0.9380682110786438 8
1747771886940 0.9437500238418579 9
1747771887179 0.949999988079071 10
1747771887418 0.9505681991577148 11
1747771887656 0.949999988079071 12
1747771887896 0.9534090757369995 13
1747771888254 0.9602272510528564 14
1747771888615 0.949999988079071 15
1747771888977 0.9585227370262146 16
1747771889272 0.9619318246841431 17
1747771889505 0.9630681872367859 18
1747771889741 0.9636363387107849 19
1747771889977 0.9642045497894287 20
1747771890215 0.9573863744735718 21
1747771890452 0.9619318246841431 22
1747771890690 0.9647727012634277 23
1747771890929 0.9573863744735718 24
1747771891167 0.9585227370262146 25
1747771891407 0.9664772748947144 26
1747771891644 0.9698863625526428 27
1747771891883 0.9653409123420715 28
1747771892121 0.9744318127632141 29
1747771892359 0.9715909361839294 30
1747771892597 0.9670454263687134 31
1747771892835 0.9744318127632141 32
1747771893183 0.9698863625526428 33
1747771893547 0.9659090638160706 34
1747771893916 0.9755681753158569 35
1747771894224 0.9755681753158569 36
1747771894467 0.9778409004211426 37
1747771894717 0.9755681753158569 38
1747771894968 0.9676136374473572 39
1747771895220 0.9693182110786438 40
1747771895472 0.9710227251052856 41
1747771895717 0.9715909361839294 42
1747771895954 0.9738636612892151 43
1747771896193 0.9778409004211426 44
1747771896432 0.9755681753158569 45
1747771896672 0.9642045497894287 46
1747771896911 0.9596590995788574 47
1747771897150 0.9698863625526428 48
1747771897390 0.9755681753158569 49
