1743970297017 297.8416110542657 0
1743970328437 0.4168074529523889 1
1743970359816 0.32597863932099097 2
1743970390549 138972.25883066896 3
1743970421073 12.028288827387891 4
1743970451472 159.45268848476928 5
1743970481684 1103.6229284819885 6
1743970511801 1.589664615186267 7
1743970542063 0.7116260390492924 8
1743970573254 0.48049064776168277 9
1743970604473 1.6613933706826016 10
1743970635461 0.34997648871428766 11
1743970666880 0.3014355729083522 12
1743970698250 11356546.378710894 13
1743970729583 679.3309987635181 14
1743970760695 53.86351442442557 15
1743970791554 28.365831830722314 16
1743970822926 14.175186198227394 17
1743970854205 9.059610939779228 18
1743970885241 5.0247361548465115 19
1743970916359 2316436.3906956427 20
1743970947765 196.5579232469952 21
1743970979057 30058.279524770143 22
1743971010310 161.99971841628414 23
1743971041431 23.92032492082195 24
1743971072745 164.38491546770666 25
1743971103962 15.368722760654695 26
1743971135064 108889.13103138615 27
1743971166004 30.37591663341218 28
1743971196601 1.319051798136136 29
1743971227567 0.8794976601651306 30
1743971258774 0.6729375574672211 31
1743971290092 0.5819300746833064 32
1743971321241 1.4123650507454006 33
1743971352157 0.4817366064764334 34
1743971383324 0.39078602511130645 35
1743971414621 23011936.309945654 36
1743971445759 4555.9916398237 37
1743971476967 24234.75322814853 38
1743971507983 378.7626829395624 39
1743971539238 106.94996685407803 40
1743971570389 119.32891233839901 41
1743971601184 3239588.679972804 42
1743971632224 2643093.7862238274 43
1743971663242 2011.4005053725916 44
1743971694550 101.93300860320032 45
1743971725631 290.04852977549217 46
1743971756592 32661.19439887199 47
1743971787907 1319.3267172716671 48
1743971819005 1146.6371787891137 49
