1743707390702 0.5017324686050415 0
1743707411866 0.3018420338630676 1
1743707433052 0.27942657470703125 2
1743707454175 0.2647724151611328 3
1743707475267 0.25741496682167053 4
1743707496464 0.2517477571964264 5
1743707517563 0.2473689764738083 6
1743707538512 0.24399927258491516 7
1743707559557 0.24163022637367249 8
1743707580694 0.2397226244211197 9
1743707602009 0.23816315829753876 10
1743707623321 0.23657727241516113 11
1743707644371 0.23520490527153015 12
1743707665752 0.23385754227638245 13
1743707687123 0.2322649508714676 14
1743707708486 0.23093222081661224 15
1743707729904 0.22956331074237823 16
1743707751267 0.22821484506130219 17
1743707772605 0.22698499262332916 18
1743707794019 0.22559493780136108 19
1743707815264 0.22435639798641205 20
1743707836276 0.22302544116973877 21
1743707857558 0.22173701226711273 22
1743707878915 0.22057752311229706 23
1743707900170 0.21935024857521057 24
1743707921466 0.21804726123809814 25
1743707942663 0.21702887117862701 26
1743707963898 0.216017946600914 27
1743707985057 0.2151169627904892 28
1743708006649 0.21408261358737946 29
1743708028243 0.21321579813957214 30
1743708050599 0.212338387966156 31
1743708071849 0.2115240842103958 32
1743708093388 0.21067650616168976 33
1743708114560 0.2100561410188675 34
1743708135736 0.20931290090084076 35
1743708157082 0.20873141288757324 36
1743708178542 0.20798850059509277 37
1743708199737 0.20737886428833008 38
1743708221032 0.20686249434947968 39
1743708242113 0.20650622248649597 40
1743708263278 0.2060728371143341 41
1743708284452 0.20581726729869843 42
1743708305843 0.20542727410793304 43
1743708327065 0.20509515702724457 44
1743708348501 0.20463380217552185 45
1743708369808 0.2044295221567154 46
1743708391187 0.20411530137062073 47
1743708412510 0.2040717452764511 48
1743708433828 0.2040134072303772 49
