1743908195970 0.38834565772700325 0
1743908220713 0.15468043909170837 1
1743908245297 0.11538342041665732 2
1743908269914 0.09345232316351759 3
1743908294561 0.0801408113852274 4
1743908319329 0.0742009190291662 5
1743908344107 0.06208192790018915 6
1743908369779 0.05705499155493564 7
1743908394614 0.054411911663030554 8
1743908419368 0.04647899556071184 9
1743908444064 0.042611908889890006 10
1743908468738 0.04059596071063854 11
1743908493133 0.037526755304744336 12
1743908517816 0.03249679106153281 13
1743908542460 0.03492964990824274 14
1743908567135 0.030309651484529868 15
1743908591846 0.03165209196463974 16
1743908616722 0.026972398917993228 17
1743908641492 0.028029426861736092 18
1743908666020 0.02555609157626515 19
1743908690531 0.02357800551605009 20
1743908714983 0.024569788066196016 21
1743908739462 0.02076205809218493 22
1743908764017 0.02118506986448707 23
1743908788660 0.022308532342870942 24
1743908813275 0.02187815686450053 25
1743908837772 0.021557905698984456 26
1743908862602 0.01665029823198375 27
1743908887356 0.021528059092072678 28
1743908912044 0.017195397452465913 29
1743908936513 0.021515571234322437 30
1743908961211 0.014768671243258527 31
1743908985886 0.018679996413185147 32
1743909010460 0.014295931192900036 33
1743909035390 0.01977834262414253 34
1743909060061 0.014345084616695796 35
1743909084716 0.01847189193897165 36
1743909109362 0.014741818769728458 37
1743909134087 0.015914724579625453 38
1743909158590 0.016221151438353974 39
1743909183372 0.015219977050655129 40
1743909208037 0.01370707981665734 41
1743909232616 0.015754947377246684 42
1743909257076 0.016462447525504777 43
1743909281786 0.012967248543019555 44
1743909306547 0.017847869242108183 45
1743909331146 0.01204468878587714 46
1743909355791 0.014577543512695402 47
1743909380444 0.01140856833351588 48
1743909404931 0.014641216167850576 49
