1743938876169 0.18497893492906792 0
1743938901341 0.17030381241676518 1
1743938927066 0.1554474409016165 2
1743938952554 0.1283387396283513 3
1743938978111 0.12024259974217816 4
1743939003477 0.1246071221009051 5
1743939028683 0.10426135091210487 6
1743939053858 0.11206027177290648 7
1743939078738 0.0924738180488393 8
1743939103952 0.08934250976810207 9
1743939129491 0.0872635911028664 10
1743939155045 0.08642029325174742 11
1743939180527 0.07598505064636304 12
1743939206101 0.07332249852344201 13
1743939231638 0.07105043267803371 14
1743939257243 0.09603654121422955 15
1743939282519 0.062056319899822486 16
1743939308159 0.061118026456901585 17
1743939333349 0.060414551580523515 18
1743939358542 0.05808573413595224 19
1743939383732 0.06269111574389565 20
1743939409288 0.05232952208699117 21
1743939434460 0.050111005597087276 22
1743939459417 0.05074483365778224 23
1743939484597 0.048937973102842154 24
1743939509954 0.04582810041077392 25
1743939535595 0.04519794114833363 26
1743939560757 0.042444967942209755 27
1743939586586 0.043291597654689 28
1743939611932 0.04005387217805735 29
1743939637141 0.05128515140407304 30
1743939662421 0.03423368450271164 31
1743939687641 0.03433626865440059 32
1743939712983 0.03394160979249205 33
1743939738203 0.03531819283722047 34
1743939763291 0.032072833535189846 35
1743939788829 0.035557351337675284 36
1743939814194 0.029044229760315975 37
1743939839620 0.03339386095355386 38
1743939865252 0.027181161635908484 39
1743939890575 0.027191736228502468 40
1743939915859 0.02801281934697053 41
1743939941018 0.027473754708973622 42
1743939965974 0.026855295854209378 43
1743939991064 0.02732498630897462 44
1743940016578 0.04131894849217817 45
1743940042191 0.020897013725538198 46
1743940067909 0.019873252663913668 47
1743940093262 0.023445545545973036 48
1743940118836 0.023612213619955958 49
