1747770859534 51.076229095458984 0
1747770859675 50.21645736694336 1
1747770859814 46.47894287109375 2
1747770859961 39.02074432373047 3
1747770860105 32.812320709228516 4
1747770860246 25.8504638671875 5
1747770860398 22.57916259765625 6
1747770860537 21.392541885375977 7
1747770860678 21.080875396728516 8
1747770860818 21.058626174926758 9
1747770860960 21.15818214416504 10
1747770861098 21.198013305664062 11
1747770861237 21.301645278930664 12
1747770861374 21.225526809692383 13
1747770861512 21.278182983398438 14
1747770861648 21.32318115234375 15
1747770861805 21.327425003051758 16
1747770862002 21.331615447998047 17
1747770862197 21.304224014282227 18
1747770862396 21.34185791015625 19
1747770862592 21.342090606689453 20
1747770862796 21.290828704833984 21
1747770862995 21.32319450378418 22
1747770863204 21.335920333862305 23
1747770863401 21.300752639770508 24
1747770863600 21.344057083129883 25
1747770863793 21.326656341552734 26
1747770863988 21.301118850708008 27
1747770864184 21.3612060546875 28
1747770864321 21.274831771850586 29
1747770864455 21.21234703063965 30
1747770864591 21.31009864807129 31
1747770864731 21.221284866333008 32
1747770864872 20.889108657836914 33
1747770865014 19.79001808166504 34
1747770865154 18.009849548339844 35
1747770865298 15.98796558380127 36
1747770865441 14.911335945129395 37
1747770865585 14.661240577697754 38
1747770865727 14.577994346618652 39
1747770865872 14.572054862976074 40
1747770866016 14.498865127563477 41
1747770866159 14.433186531066895 42
1747770866301 14.426530838012695 43
1747770866446 14.34618854522705 44
1747770866591 14.258639335632324 45
1747770866736 14.197243690490723 46
1747770866883 14.081595420837402 47
1747770867032 13.977669715881348 48
1747770867180 13.811138153076172 49
