1747770859535 4673.613915259016 0
1747770859676 4574.597021603663 1
1747770859816 4188.127961056989 2
1747770859963 3115.2676103379476 3
1747770860107 1959.142106250855 4
1747770860248 1325.7903634084705 5
1747770860399 1031.1870687819146 6
1747770860538 954.2523976251765 7
1747770860679 930.1832845524659 8
1747770860819 929.7963929235676 9
1747770860962 925.6106635877752 10
1747770861099 924.628513141615 11
1747770861238 924.0241863181698 12
1747770861375 923.0314247690525 13
1747770861514 921.6291946143998 14
1747770861649 918.1882200554875 15
1747770861807 921.8056165886297 16
1747770862003 919.395018111867 17
1747770862199 919.3862164950111 18
1747770862398 918.8735818182168 19
1747770862594 918.3658963241811 20
1747770862798 921.9759766412179 21
1747770862996 920.3423773960587 22
1747770863205 923.8303834259135 23
1747770863403 923.9537632532874 24
1747770863601 920.1565195937521 25
1747770863795 914.1222848755984 26
1747770863990 918.5905184567873 27
1747770864186 913.8418769843136 28
1747770864323 916.9693539901006 29
1747770864456 912.2642864183091 30
1747770864592 907.3278227940979 31
1747770864733 897.5033688245484 32
1747770864873 868.9225583132576 33
1747770865015 756.7226276435218 34
1747770865156 596.4289389730517 35
1747770865299 481.6641658875174 36
1747770865442 435.1693978489879 37
1747770865587 425.5008532624781 38
1747770865728 422.7932930672761 39
1747770865873 416.3261309560959 40
1747770866018 414.655049177145 41
1747770866160 411.13469986418784 42
1747770866302 411.9050452039288 43
1747770866447 407.51289856214646 44
1747770866593 406.4480064011589 45
1747770866738 402.0271133095899 46
1747770866884 399.88475865267844 47
1747770867033 393.9855707849727 48
1747770867181 389.611049568679 49
