1747770312329 1.7540736198425293 0
1747770312462 1.2767385244369507 1
1747770312595 1.1120080947875977 2
1747770312725 0.9917929172515869 3
1747770312859 0.8737622499465942 4
1747770312989 0.7948958873748779 5
1747770313119 0.7225982546806335 6
1747770313251 0.6594125032424927 7
1747770313382 0.6191093921661377 8
1747770313515 0.5738815069198608 9
1747770313643 0.5362704992294312 10
1747770313805 0.5173881649971008 11
1747770313992 0.4938041865825653 12
1747770314180 0.4760490953922272 13
1747770314369 0.47021064162254333 14
1747770314554 0.446518212556839 15
1747770314740 0.42287641763687134 16
1747770314925 0.42002004384994507 17
1747770315109 0.3926433324813843 18
1747770315307 0.37697455286979675 19
1747770315495 0.36844807863235474 20
1747770315684 0.35608091950416565 21
1747770315880 0.3453710377216339 22
1747770316075 0.34408918023109436 23
1747770316242 0.3565904200077057 24
1747770316366 0.3277944326400757 25
1747770316497 0.3064967691898346 26
1747770316636 0.2981051504611969 27
1747770316779 0.28861045837402344 28
1747770316918 0.2941562533378601 29
1747770317063 0.28330832719802856 30
1747770317205 0.2831309735774994 31
1747770317347 0.25797876715660095 32
1747770317486 0.2519850730895996 33
1747770317623 0.2453637272119522 34
1747770317770 0.24153801798820496 35
1747770317908 0.2397647202014923 36
1747770318050 0.2317250818014145 37
1747770318191 0.23415087163448334 38
1747770318349 0.22865962982177734 39
1747770318495 0.21180887520313263 40
1747770318632 0.2107197344303131 41
1747770318777 0.20253783464431763 42
1747770318920 0.2015475332736969 43
1747770319064 0.20441852509975433 44
1747770319208 0.19568315148353577 45
1747770319340 0.1904006153345108 46
1747770319480 0.18524104356765747 47
1747770319620 0.17543061077594757 48
1747770319757 0.17706415057182312 49
