1747770312330 5.489808247044389 0
1747770312463 3.219483978585473 1
1747770312596 2.4110716782605084 2
1747770312726 1.8545805910449455 3
1747770312860 1.4084032172667187 4
1747770312990 1.1278686296620901 5
1747770313120 0.9153701810659252 6
1747770313252 0.7549828462987439 7
1747770313383 0.6586283735775024 8
1747770313516 0.5733839343440268 9
1747770313644 0.5044996033325289 10
1747770313806 0.47067968530878357 11
1747770313994 0.4294360146684742 12
1747770314181 0.3993722960118768 13
1747770314370 0.38908318272708703 14
1747770314556 0.3539066332208956 15
1747770314741 0.31638307969191054 16
1747770314926 0.30847713725117965 17
1747770315111 0.2757926704198761 18
1747770315308 0.25484532862574094 19
1747770315496 0.24483679365112618 20
1747770315685 0.22832126731339591 21
1747770315882 0.21816485359432097 22
1747770316076 0.21490009496661955 23
1747770316243 0.22439572438320118 24
1747770316367 0.19523035274167375 25
1747770316498 0.1741643687878201 26
1747770316637 0.1642458583920076 27
1747770316780 0.15605487944538204 28
1747770316919 0.16074011491052984 29
1747770317064 0.14967946000534377 30
1747770317206 0.15056243645265863 31
1747770317348 0.1280621431755899 32
1747770317487 0.1224295811202565 33
1747770317624 0.11630458192301019 34
1747770317771 0.11241061435881301 35
1747770317909 0.10975292429754942 36
1747770318051 0.10421865398380674 37
1747770318192 0.10589337713902368 38
1747770318350 0.09765426934169484 39
1747770318496 0.08746646994797615 40
1747770318633 0.08482470830591782 41
1747770318778 0.07960056125908846 42
1747770318921 0.07859906680902498 43
1747770319065 0.07764962428786538 44
1747770319209 0.07360489668447519 45
1747770319341 0.06816604926370648 46
1747770319481 0.06576545014058087 47
1747770319621 0.06067424519406729 48
1747770319758 0.06027265419494997 49
