1747586887962 0.10367682576179504 0
1747586895193 0.09498712420463562 1
1747586901640 0.09504701942205429 2
1747586908399 0.08980894088745117 3
1747586915366 0.0879422277212143 4
1747586921769 0.08578141778707504 5
1747586928446 0.08490369468927383 6
1747586935423 0.08351154625415802 7
1747586942252 0.08329986035823822 8
1747586948978 0.08418252319097519 9
1747586955842 0.08261016756296158 10
1747586962701 0.08219382911920547 11
1747586969582 0.08255849778652191 12
1747586976582 0.08290618658065796 13
1747586983474 0.0826566070318222 14
1747586990314 0.08475315570831299 15
1747586997209 0.08487808704376221 16
1747587004149 0.08424466103315353 17
1747587010592 0.08316843956708908 18
1747587017551 0.08023230731487274 19
1747587024394 0.07839802652597427 20
1747587031455 0.07813753932714462 21
1747587038728 0.07885807007551193 22
1747587045354 0.07979191094636917 23
1747587052068 0.07970619201660156 24
1747587058838 0.07953141629695892 25
1747587065589 0.07935921102762222 26
1747587072004 0.07861266285181046 27
1747587079205 0.07830079644918442 28
1747587086458 0.07731395214796066 29
1747587093474 0.07724696397781372 30
1747587100349 0.07741554826498032 31
1747587107255 0.07781381160020828 32
1747587113597 0.07798197120428085 33
1747587120293 0.07778939604759216 34
1747587127232 0.07768767327070236 35
1747587134443 0.07731624692678452 36
1747587141400 0.07694787532091141 37
1747587148151 0.07654493302106857 38
1747587154890 0.07620793581008911 39
1747587161751 0.07600087672472 40
1747587168403 0.07554252445697784 41
1747587175298 0.07543859630823135 42
1747587182057 0.07505495101213455 43
1747587189056 0.07465901225805283 44
1747587196510 0.07452043145895004 45
1747587203750 0.07426316291093826 46
1747587210652 0.07383083552122116 47
1747587217195 0.07357863336801529 48
1747587224054 0.07556842267513275 49
