1747738338861 0.2501181495378491 0
1747738356006 0.24284669194864233 1
1747738373323 0.24053368206054665 2
1747738390407 0.23913021696165834 3
1747738407752 0.23877023913277853 4
1747738424780 0.23854312747823456 5
1747738442303 0.23826452933282605 6
1747738459506 0.23797918139619986 7
1747738476523 0.23775278805038935 8
1747738493818 0.23774101076651383 9
1747738510835 0.2376454075117449 10
1747738528351 0.2374747334076612 11
1747738545554 0.23745044552967384 12
1747738563068 0.23753657189618357 13
1747738579915 0.23721964328091735 14
1747738596927 0.2371678404483262 15
1747738613853 0.2372866956877116 16
1747738630816 0.2372034882927414 17
1747738647827 0.23707119666541426 18
1747738664929 0.23721286907517897 19
1747738682157 0.23687807631365948 20
1747738699281 0.23688906718298938 21
1747738716929 0.2369540985825628 22
1747738734115 0.236827661052867 23
1747738751501 0.23679210428707406 24
1747738768611 0.23662363271705716 25
1747738786240 0.23676585723418542 26
1747738803363 0.2366123409994248 27
1747738820790 0.23660427855255176 28
1747738837894 0.23796867789226167 29
1747738855435 0.23641641805679564 30
1747738872540 0.2389128338096997 31
1747738889888 0.23623726270566053 32
1747738906893 0.23649317815420356 33
1747738923924 0.23684703354208514 34
1747738941141 0.2365469283599817 35
1747738958210 0.23646321362922793 36
1747738975340 0.23649757421950135 37
1747738992272 0.23648499539311774 38
1747739009640 0.236563417949903 39
1747739026700 0.23684751555935157 40
1747739044117 0.23618369102582434 41
1747739061135 0.236220924564119 42
1747739078476 0.2558616864316188 43
1747739095664 0.23639150932538266 44
1747739113125 0.23627035580681643 45
1747739130136 0.23634560201861693 46
1747739146799 0.23622818017832625 47
1747739163962 0.23618125201147075 48
1747739180832 0.23610253537017195 49
