1747771374408 0.26453008227323854 0
1747771374710 0.15444649701723204 1
1747771375040 0.15354534099935419 2
1747771375323 0.11645095336026087 3
1747771375663 0.15431149342535364 4
1747771376008 0.11059677221217845 5
1747771376365 0.11438418892493177 6
1747771376730 0.11775236821567882 7
1747771377051 0.12010073545631363 8
1747771377419 0.10545215633212335 9
1747771377731 0.11039029824135246 10
1747771378126 0.11839383228238275 11
1747771378492 0.1041535321703491 12
1747771378862 0.12440023975937775 13
1747771379098 0.0902662197443123 14
1747771379425 0.09472695982399235 15
1747771379719 0.10459491729793316 16
1747771380066 0.09530497394275873 17
1747771380363 0.0868431132345044 18
1747771380655 0.08747076344826613 19
1747771380944 0.07392631356835123 20
1747771381227 0.08951925221587691 21
1747771381531 0.07841890737655396 22
1747771381758 0.0770385164272408 23
1747771381995 0.08168764903100942 24
1747771382226 0.10721170811259083 25
1747771382453 0.08139927278031509 26
1747771382770 0.07727402856245788 27
1747771383255 0.07479194875658478 28
1747771383813 0.07637081425864611 29
1747771384213 0.08879697404752375 30
1747771384667 0.13225622672546342 31
1747771385215 0.10338465856191156 32
1747771385549 0.09371404428051867 33
1747771385796 0.0621730788085782 34
1747771386029 0.055165150185673535 35
1747771386259 0.06712791513077855 36
1747771386479 0.09281056221862614 37
1747771386693 0.0710309734075372 38
1747771386909 0.08017253027767315 39
1747771387124 0.05952663456296231 40
1747771387340 0.07260471976602949 41
1747771387555 0.07277437163947598 42
1747771387771 0.07200985899875989 43
1747771387986 0.06336773053750805 44
1747771388201 0.09320960688116212 45
1747771388417 0.07317492600978627 46
1747771388633 0.06454594547014343 47
1747771388876 0.05764975864971946 48
1747771389184 0.07095935474263866 49
