1747771374406 0.9034090638160706 0
1747771374708 0.9375 1
1747771375037 0.9392045736312866 2
1747771375321 0.9556818008422852 3
1747771375661 0.9397727251052856 4
1747771376003 0.9579545259475708 5
1747771376363 0.956250011920929 6
1747771376727 0.9505681991577148 7
1747771377048 0.9505681991577148 8
1747771377416 0.9573863744735718 9
1747771377728 0.9551136493682861 10
1747771378123 0.949999988079071 11
1747771378489 0.9590908885002136 12
1747771378860 0.9534090757369995 13
1747771379095 0.9670454263687134 14
1747771379423 0.9579545259475708 15
1747771379717 0.9585227370262146 16
1747771380064 0.9579545259475708 17
1747771380361 0.9659090638160706 18
1747771380653 0.9659090638160706 19
1747771380941 0.9710227251052856 20
1747771381225 0.9670454263687134 21
1747771381528 0.9676136374473572 22
1747771381756 0.9693182110786438 23
1747771381993 0.9659090638160706 24
1747771382223 0.9590908885002136 25
1747771382451 0.9710227251052856 26
1747771382766 0.9693182110786438 27
1747771383249 0.9653409123420715 28
1747771383808 0.9715909361839294 29
1747771384209 0.9647727012634277 30
1747771384661 0.9443181753158569 31
1747771385213 0.9619318246841431 32
1747771385547 0.9551136493682861 33
1747771385794 0.9715909361839294 34
1747771386027 0.9789772629737854 35
1747771386256 0.9732954502105713 36
1747771386477 0.9653409123420715 37
1747771386691 0.9721590876579285 38
1747771386907 0.9653409123420715 39
1747771387122 0.9778409004211426 40
1747771387338 0.9704545736312866 41
1747771387554 0.9727272987365723 42
1747771387769 0.9732954502105713 43
1747771387984 0.9738636612892151 44
1747771388199 0.9693182110786438 45
1747771388415 0.9715909361839294 46
1747771388631 0.9738636612892151 47
1747771388873 0.9755681753158569 48
1747771389181 0.9715909361839294 49
