1747770700550 2560.7936268247095 0
1747770700692 649.5212672528011 1
1747770700829 179.85596728359747 2
1747770700966 74.85547672891701 3
1747770701113 36.52345863821605 4
1747770701251 14.327161006140221 5
1747770701392 8.653491746403086 6
1747770701576 6.817601076276493 7
1747770701771 5.384305455590969 8
1747770701962 4.624815819181543 9
1747770702149 3.677649972040954 10
1747770702332 2.7698185011011356 11
1747770702520 1.9686413163717797 12
1747770702708 1.4170080509295688 13
1747770702895 1.0964736998547533 14
1747770703080 0.8855782511183193 15
1747770703266 0.7464784093129683 16
1747770703455 0.6508980224898508 17
1747770703640 0.5641818502708931 18
1747770703828 0.548796008823109 19
1747770703971 0.5113253443274416 20
1747770704099 0.5001898844207864 21
1747770704230 0.441287720659948 22
1747770704373 0.4183301593932217 23
1747770704511 0.38716348291917113 24
1747770704647 0.37567936645709876 25
1747770704783 0.3891965528635745 26
1747770704919 0.36216387949797857 27
1747770705059 0.33200883722567875 28
1747770705193 0.32115938249487436 29
1747770705333 0.3482688531737969 30
1747770705457 0.31007619296911465 31
1747770705587 0.3023787371113635 32
1747770705721 0.28072187587047387 33
1747770705856 0.288657823406698 34
1747770705997 0.28747242009903334 35
1747770706132 0.2657787385084845 36
1747770706269 0.24872736836527679 37
1747770706406 0.2422529846570663 38
1747770706542 0.24506881408482037 39
1747770706673 0.24199824830953412 40
1747770706805 0.21854449018527136 41
1747770706943 0.23435311342707382 42
1747770707074 0.24475354746651545 43
1747770707214 0.21885803609638055 44
1747770707350 0.21469873747039417 45
1747770707487 0.1971083720659713 46
1747770707628 0.19716229970892565 47
1747770707814 0.19915242956972695 48
1747770707997 0.22031446327922757 49
