1743893078805 0.2651604717172358 0
1743893102037 0.19649354021070894 1
1743893124843 0.1781974985866012 2
1743893147819 0.1646359080306149 3
1743893170959 0.15238166428712874 4
1743893193893 0.14134558571757608 5
1743893216803 0.13086256882143463 6
1743893239285 0.12162114959091795 7
1743893262249 0.11405917326113292 8
1743893285748 0.10799417093455363 9
1743893309119 0.10304398867255651 10
1743893332515 0.09914126322365042 11
1743893355299 0.09596535477558885 12
1743893378759 0.0928464177001803 13
1743893401794 0.09053171053581811 14
1743893424847 0.08807650348993948 15
1743893448076 0.0859117766324888 16
1743893471590 0.08447651360295981 17
1743893495069 0.0825026735125338 18
1743893518363 0.08090651657335668 19
1743893541256 0.07941766102771658 20
1743893564608 0.07850737772715105 21
1743893587702 0.07704901410739168 22
1743893611152 0.07624070186361206 23
1743893634842 0.07517717189411192 24
1743893658943 0.07385323560127971 25
1743893682524 0.07308802658700121 26
1743893706194 0.07275286643366051 27
1743893729813 0.0718595816961008 28
1743893753209 0.07070607732125828 29
1743893776685 0.07040923205204462 30
1743893800175 0.07001669221726008 31
1743893823387 0.06885804600770588 32
1743893846140 0.0684520324937908 33
1743893869210 0.06780545478193603 34
1743893892493 0.06731945945743678 35
1743893916061 0.06650790763363743 36
1743893939239 0.06617502510483472 37
1743893962431 0.06594671443492882 38
1743893985422 0.06521986103303613 39
1743894008627 0.06477905379804923 40
1743894032356 0.06441957067032676 41
1743894055642 0.06381777339462313 42
1743894079239 0.06380623879987372 43
1743894103134 0.06313138714289981 44
1743894126532 0.06304844848310907 45
1743894149527 0.06284698710311198 46
1743894173061 0.06201492236168132 47
1743894196350 0.06207744179101962 48
1743894219663 0.06145644765773173 49
