1743893078803 0.3149116635322571 0
1743893102035 0.2499052733182907 1
1743893124842 0.23360416293144226 2
1743893147817 0.22235065698623657 3
1743893170958 0.21218626201152802 4
1743893193892 0.2033236175775528 5
1743893216802 0.1946050524711609 6
1743893239284 0.18676263093948364 7
1743893262247 0.18034908175468445 8
1743893285747 0.17517586052417755 9
1743893309118 0.170700341463089 10
1743893332513 0.16707783937454224 11
1743893355298 0.16418853402137756 12
1743893378758 0.16125963628292084 13
1743893401792 0.15899495780467987 14
1743893424846 0.15642322599887848 15
1743893448075 0.15449760854244232 16
1743893471588 0.15313036739826202 17
1743893495067 0.15095317363739014 18
1743893518362 0.1493191421031952 19
1743893541255 0.1478605717420578 20
1743893564606 0.14721286296844482 21
1743893587701 0.14531338214874268 22
1743893611151 0.14479179680347443 23
1743893634841 0.14354558289051056 24
1743893658941 0.1419193297624588 25
1743893682523 0.1413303166627884 26
1743893706192 0.14121195673942566 27
1743893729812 0.14018170535564423 28
1743893753208 0.138747900724411 29
1743893776684 0.13863390684127808 30
1743893800174 0.13850456476211548 31
1743893823386 0.13679906725883484 32
1743893846139 0.136589914560318 33
1743893869208 0.13592156767845154 34
1743893892492 0.13537852466106415 35
1743893916059 0.13447782397270203 36
1743893939238 0.1340307891368866 37
1743893962430 0.13404902815818787 38
1743893985421 0.13321244716644287 39
1743894008626 0.13268423080444336 40
1743894032355 0.13244609534740448 41
1743894055641 0.13177362084388733 42
1743894079238 0.13177934288978577 43
1743894103133 0.1309797763824463 44
1743894126531 0.13090206682682037 45
1743894149526 0.130860835313797 46
1743894173060 0.12968695163726807 47
1743894196349 0.1300349235534668 48
1743894219662 0.12899629771709442 49
