1743699664225 0.30385359748510926 0
1743699688035 0.2675625592890378 1
1743699712114 0.24829482321279003 2
1743699735836 0.2326096690773572 3
1743699759540 0.21981396207702744 4
1743699783132 0.21076539300890446 5
1743699806939 0.2019129487444679 6
1743699830860 0.19514249271825207 7
1743699854839 0.18896320797172522 8
1743699878740 0.18296987958246166 9
1743699902753 0.1777313794908291 10
1743699926708 0.1731992660463892 11
1743699950591 0.17006164277718436 12
1743699974391 0.1654783585852283 13
1743699998368 0.16349040202688772 14
1743700022030 0.15774647355216595 15
1743700045763 0.1563620251875751 16
1743700069349 0.15522718303531044 17
1743700093042 0.15217615388547 18
1743700116885 0.14896756065083655 19
1743700140686 0.14511791747347727 20
1743700164288 0.14616690299470245 21
1743700188113 0.14350373143718617 22
1743700212015 0.14266916642165245 23
1743700236000 0.1408961248584257 24
1743700259726 0.13863153309022902 25
1743700283302 0.13845489266054406 26
1743700306879 0.13722619734045383 27
1743700330534 0.1352064916036951 28
1743700354174 0.13473770012339772 29
1743700378067 0.13373199396804233 30
1743700401874 0.1325395569280703 31
1743700425721 0.13178864650547473 32
1743700449579 0.12998010119430808 33
1743700473243 0.13035671669484825 34
1743700496860 0.12939686744310286 35
1743700520419 0.12739336939909063 36
1743700544026 0.12869369083470197 37
1743700567703 0.12739802573444375 38
1743700591305 0.12486056096357644 39
1743700615069 0.12563341375448997 40
1743700638936 0.12349414743312052 41
1743700662663 0.12383804858542391 42
1743700686498 0.12238413287859419 43
1743700710254 0.12233836419999315 44
1743700734320 0.12084427564468768 45
1743700758083 0.120360924202126 46
1743700781715 0.12172488190948998 47
1743700805589 0.12008176743384527 48
1743700829538 0.1193809535303562 49
