1747689361982 0.24875389903065326 0
1747689377337 0.242213199289675 1
1747689392854 0.23998502265891783 2
1747689408442 0.23907366846557124 3
1747689423526 0.23841091884124163 4
1747689438218 0.23820791811999123 5
1747689453465 0.2377805096908958 6
1747689469058 0.23770210342094594 7
1747689483974 0.23749818221452954 8
1747689499230 0.23768796758799676 9
1747689514666 0.2374672804182737 10
1747689530380 0.23730748472171986 11
1747689546215 0.23722328291998576 12
1747689561722 0.23722170465321402 13
1747689577108 0.23712626194923375 14
1747689592298 0.23696440559523918 15
1747689607631 0.23690462196751388 16
1747689622882 0.23690030460952183 17
1747689638536 0.23691115440878993 18
1747689654058 0.23693721753489033 19
1747689669525 0.23687985965367087 20
1747689685150 0.23681727034051883 21
1747689700268 0.23678298298545292 22
1747689715140 0.23695577043674096 23
1747689730447 0.23677248491089914 24
1747689745179 0.23664464332016671 25
1747689760595 0.23667042411066233 26
1747689775955 0.23664234007474558 27
1747689791375 0.23660086798669352 28
1747689806955 0.23658200979003152 29
1747689822851 0.23654143508947204 30
1747689837338 0.2366276962151143 31
1747689852731 0.23653810693987867 32
1747689868493 0.23643426650179453 33
1747689882921 0.23646107818947928 34
1747689898208 0.2364100458221592 35
1747689913635 0.2363315512572099 36
1747689928411 0.2364420687085513 37
1747689943846 0.23638585549919686 38
1747689959227 0.23634146700981873 39
1747689974526 0.23620093754575222 40
1747689989858 0.23622050774297895 41
1747690005457 0.23625779686902046 42
1747690020805 0.23621279457066433 43
1747690036294 0.2362214612373399 44
1747690051574 0.2362172902753865 45
1747690067171 0.23616132135036225 46
1747690082726 0.23607315295833575 47
1747690098161 0.23607657210239158 48
1747690113620 0.23616907293259407 49
