1747770038440 47.06525421142578 0
1747770038638 45.23451232910156 1
1747770038836 42.31332015991211 2
1747770039024 38.27079772949219 3
1747770039218 34.13871383666992 4
1747770039461 30.87017822265625 5
1747770039693 27.770008087158203 6
1747770039926 25.120046615600586 7
1747770040162 23.54947280883789 8
1747770040345 22.481863021850586 9
1747770040505 19.85388946533203 10
1747770040672 19.10385513305664 11
1747770040868 18.392179489135742 12
1747770041035 17.693702697753906 13
1747770041203 16.983247756958008 14
1747770041389 16.256000518798828 15
1747770041569 15.652152061462402 16
1747770041761 15.084718704223633 17
1747770041934 14.60903263092041 18
1747770042104 14.208081245422363 19
1747770042276 13.882183074951172 20
1747770042435 13.589447021484375 21
1747770042596 13.325972557067871 22
1747770042800 13.090612411499023 23
1747770042950 12.865683555603027 24
1747770043107 12.634705543518066 25
1747770043268 12.421849250793457 26
1747770043461 12.195247650146484 27
1747770043644 11.974831581115723 28
1747770043826 11.756901741027832 29
1747770044013 11.535499572753906 30
1747770044196 11.329724311828613 31
1747770044377 11.142279624938965 32
1747770044562 10.919625282287598 33
1747770044744 10.721814155578613 34
1747770044927 10.552290916442871 35
1747770045115 10.364277839660645 36
1747770045300 10.197260856628418 37
1747770045484 10.043566703796387 38
1747770045697 9.908844947814941 39
1747770045891 9.752344131469727 40
1747770046070 9.608418464660645 41
1747770046226 9.48531436920166 42
1747770046404 9.339517593383789 43
1747770046581 9.196220397949219 44
1747770046734 9.052058219909668 45
1747770046888 8.913804054260254 46
1747770047044 8.764795303344727 47
1747770047194 8.591949462890625 48
1747770047331 8.320406913757324 49
