1747770038443 4119.353413452837 0
1747770038639 3846.3420853832326 1
1747770038838 3458.9301874419048 2
1747770039026 2904.432492213119 3
1747770039220 2259.620186510246 4
1747770039462 1730.2003091727638 5
1747770039694 1349.2316761281397 6
1747770039929 1100.524833772481 7
1747770040164 962.7017471588481 8
1747770040347 875.656870841005 9
1747770040507 753.0456872900062 10
1747770040674 694.6065589527523 11
1747770040870 639.3497228106415 12
1747770041037 582.6710217136666 13
1747770041205 532.8231463876228 14
1747770041390 486.6752265138198 15
1747770041571 446.3847351299757 16
1747770041762 412.08002290847054 17
1747770041936 382.84080808022253 18
1747770042105 360.0612363137443 19
1747770042277 340.30531525087423 20
1747770042437 324.1058322148028 21
1747770042598 309.8592582530866 22
1747770042802 297.37382498261724 23
1747770042951 284.70147577321217 24
1747770043109 274.5632344195873 25
1747770043270 263.7879195957274 26
1747770043463 254.85007754372182 27
1747770043646 245.93485529932622 28
1747770043828 237.34336177785866 29
1747770044014 229.447756295784 30
1747770044197 222.2900377471604 31
1747770044379 214.71876345034283 32
1747770044563 208.64939662070051 33
1747770044746 201.69997937225298 34
1747770044929 196.0091170077304 35
1747770045117 190.8546231947145 36
1747770045302 184.86253796363727 37
1747770045485 179.74021803459783 38
1747770045699 174.9793369208871 39
1747770045893 171.1787731740075 40
1747770046072 166.21180289996138 41
1747770046228 161.65172690790683 42
1747770046407 156.74654531782798 43
1747770046582 152.21813979076265 44
1747770046735 148.08676976248898 45
1747770046890 144.40748713044977 46
1747770047045 139.50025409089397 47
1747770047196 135.15682655565098 48
1747770047333 123.96687857831762 49
