1747770717104 2524.611022524709 0
1747770717256 627.6996329004025 1
1747770717404 174.00055926012283 2
1747770717554 67.69194827745628 3
1747770717700 30.91776379375241 4
1747770717848 11.52134183827447 5
1747770717991 7.818126032777295 6
1747770718137 6.4340139743801235 7
1747770718281 5.7182294708169845 8
1747770718426 4.970705941025176 9
1747770718573 4.3592902615216484 10
1747770718716 4.158079392433764 11
1747770718862 3.6092653323810637 12
1747770719008 3.0386539342889582 13
1747770719153 2.3785209469482558 14
1747770719297 1.696744150342233 15
1747770719442 1.2385967321782088 16
1747770719590 0.9316758252427412 17
1747770719739 0.7213912369905493 18
1747770719887 0.5947137871971521 19
1747770720035 0.5204915266372316 20
1747770720239 0.4735146726152302 21
1747770720443 0.42755741972258915 22
1747770720640 0.405948256969729 23
1747770720836 0.3678649433930589 24
1747770721034 0.33787724630753935 25
1747770721230 0.3481550564437193 26
1747770721427 0.3215740673988847 27
1747770721626 0.3195430295570879 28
1747770721823 0.31746414392029154 29
1747770722022 0.30272082401999406 30
1747770722235 0.3167163098374515 31
1747770722446 0.28285334026019376 32
1747770722611 0.2979998857445884 33
1747770722743 0.26120212714479263 34
1747770722881 0.25393427522024486 35
1747770723015 0.25590571178912663 36
1747770723151 0.2560989951902446 37
1747770723288 0.2505447628440071 38
1747770723426 0.2503320256326561 39
1747770723564 0.25019409773598017 40
1747770723702 0.23872889055463858 41
1747770723840 0.22110879884450277 42
1747770723978 0.20647973126794114 43
1747770724116 0.24002578265424782 44
1747770724255 0.218366094150996 45
1747770724401 0.194354638467455 46
1747770724553 0.21793516110789904 47
1747770724703 0.2135878420876172 48
1747770724880 0.2174842200254253 49
