1747770717102 34.50574493408203 0
1747770717255 18.237396240234375 1
1747770717403 9.719740867614746 2
1747770717553 5.769214153289795 3
1747770717699 3.937282085418701 4
1747770717847 2.4964981079101562 5
1747770717990 1.9800002574920654 6
1747770718136 1.7273508310317993 7
1747770718280 1.577918291091919 8
1747770718425 1.4471145868301392 9
1747770718572 1.3463491201400757 10
1747770718715 1.3073934316635132 11
1747770718860 1.2297589778900146 12
1747770719007 1.134987711906433 13
1747770719151 1.0219426155090332 14
1747770719296 0.9059748649597168 15
1747770719441 0.8045956492424011 16
1747770719589 0.7132755517959595 17
1747770719738 0.6370563507080078 18
1747770719886 0.5789514183998108 19
1747770720034 0.5464906096458435 20
1747770720237 0.5238580107688904 21
1747770720442 0.4976970851421356 22
1747770720638 0.47742852568626404 23
1747770720834 0.4596433639526367 24
1747770721033 0.4389268457889557 25
1747770721229 0.4458179175853729 26
1747770721425 0.4278826117515564 27
1747770721624 0.4244932234287262 28
1747770721822 0.4243726432323456 29
1747770722020 0.4151593744754791 30
1747770722233 0.419729620218277 31
1747770722444 0.399668425321579 32
1747770722610 0.4144124686717987 33
1747770722742 0.38255420327186584 34
1747770722880 0.3739861845970154 35
1747770723013 0.3769722580909729 36
1747770723150 0.3747505843639374 37
1747770723287 0.3749024569988251 38
1747770723425 0.37212055921554565 39
1747770723563 0.37449944019317627 40
1747770723701 0.3579271137714386 41
1747770723839 0.34812334179878235 42
1747770723977 0.33608296513557434 43
1747770724115 0.3556697964668274 44
1747770724253 0.3488280475139618 45
1747770724400 0.32182028889656067 46
1747770724551 0.34749799966812134 47
1747770724702 0.34183135628700256 48
1747770724879 0.3469669818878174 49
