1743847570554 0.9510999917984009 0
1743847594701 0.9587000012397766 1
1743847618952 0.9633333086967468 2
1743847643124 0.9680500030517578 3
1743847667239 0.9690999984741211 4
1743847691119 0.9718999862670898 5
1743847715036 0.9737833142280579 6
1743847739075 0.975933313369751 7
1743847762879 0.9772499799728394 8
1743847786846 0.9786499738693237 9
1743847811117 0.9799666404724121 10
1743847835212 0.981166660785675 11
1743847858973 0.9821166396141052 12
1743847883081 0.9833166599273682 13
1743847906839 0.9834833145141602 14
1743847930692 0.9857666492462158 15
1743847954721 0.984749972820282 16
1743847978747 0.9862499833106995 17
1743848002683 0.9860833287239075 18
1743848026547 0.9879500269889832 19
1743848050545 0.9876000285148621 20
1743848074510 0.9877166748046875 21
1743848098635 0.9887166619300842 22
1743848122590 0.9888333082199097 23
1743848146382 0.9890333414077759 24
1743848169907 0.9905166625976562 25
1743848193451 0.9896000027656555 26
1743848217179 0.991183340549469 27
1743848240927 0.9896500110626221 28
1743848265197 0.9912333488464355 29
1743848289352 0.9908499717712402 30
1743848313412 0.9901166558265686 31
1743848337435 0.9914833307266235 32
1743848361437 0.9917166829109192 33
1743848385250 0.9920666813850403 34
1743848409186 0.9923666715621948 35
1743848432916 0.9918166399002075 36
1743848456661 0.9920666813850403 37
1743848480486 0.9934666752815247 38
1743848504380 0.9928833246231079 39
1743848528285 0.9937000274658203 40
1743848552572 0.9935833215713501 41
1743848576682 0.9928666949272156 42
1743848600702 0.9934666752815247 43
1743848624997 0.9937999844551086 44
1743848648885 0.992733359336853 45
1743848672882 0.9944999814033508 46
1743848697028 0.9937000274658203 47
1743848721157 0.9946500062942505 48
1743848745292 0.9931666851043701 49
