1747770458834 6.412512383562066 0
1747770459076 1.0027408200715917 1
1747770459299 0.4381355595216269 2
1747770459489 0.3472230349211128 3
1747770459707 0.29645997934608953 4
1747770459917 0.24552800911355913 5
1747770460103 0.22234626724787887 6
1747770460323 0.2125871199525541 7
1747770460536 0.19267119862590756 8
1747770460725 0.18055312893151118 9
1747770460946 0.17326284621603105 10
1747770461166 0.17841808193068287 11
1747770461415 0.15220082311704805 12
1747770461655 0.14931870189679738 13
1747770461910 0.13776901011758177 14
1747770462227 0.14472677087546915 15
1747770462509 0.16264704848339975 16
1747770462787 0.13178472977587433 17
1747770463087 0.130432515155872 18
1747770463380 0.1370021157614652 19
1747770463672 0.13623063380239914 20
1747770463934 0.12056487191985069 21
1747770464195 0.11558771936195088 22
1747770464408 0.11643947571341884 23
1747770464652 0.1151283396749646 24
1747770464870 0.12289550263003647 25
1747770465113 0.11728129523461657 26
1747770465325 0.10925362073749266 27
1747770465524 0.09764605498821353 28
1747770465740 0.10434478397659387 29
1747770465960 0.11167164337522736 30
1747770466184 0.11396912428778817 31
1747770466384 0.1359687924635638 32
1747770466578 0.09711284004903971 33
1747770466811 0.0959770763059447 34
1747770467023 0.09205056887450926 35
1747770467214 0.10129950714788337 36
1747770467415 0.1226678406303262 37
1747770467593 0.09830095138984767 38
1747770467806 0.08859295721681525 39
1747770468096 0.09253767270931425 40
1747770468377 0.09834415450487129 41
1747770468652 0.11072341954923681 42
1747770468909 0.09655483074851615 43
1747770469219 0.07951806366721652 44
1747770469509 0.08463139408995769 45
1747770469786 0.09306174210460709 46
1747770470069 0.08757054487840595 47
1747770470342 0.09742017350184992 48
1747770470554 0.08542686772814957 49
