1743772068173 0.3009866178035736 0
1743772093010 0.2447143942117691 1
1743772117802 0.2282780408859253 2
1743772145512 0.21385237574577332 3
1743772173026 0.20171286165714264 4
1743772201029 0.18937931954860687 5
1743772229097 0.17972087860107422 6
1743772255702 0.1720755249261856 7
1743772280638 0.16624011099338531 8
1743772305639 0.1616903394460678 9
1743772330473 0.15810103714466095 10
1743772355416 0.15484324097633362 11
1743772380318 0.15259473025798798 12
1743772405332 0.15029160678386688 13
1743772430312 0.14817313849925995 14
1743772455203 0.14641818404197693 15
1743772480099 0.14490127563476562 16
1743772504941 0.1429816484451294 17
1743772529804 0.14133955538272858 18
1743772554755 0.13986513018608093 19
1743772579448 0.1390998363494873 20
1743772604420 0.13711625337600708 21
1743772629453 0.1365833729505539 22
1743772654346 0.13498498499393463 23
1743772679373 0.1346639096736908 24
1743772704229 0.13287803530693054 25
1743772729323 0.13160620629787445 26
1743772754276 0.13121266663074493 27
1743772779117 0.12990964949131012 28
1743772804245 0.12963013350963593 29
1743772829243 0.1292388141155243 30
1743772854146 0.12804241478443146 31
1743772879104 0.12763606011867523 32
1743772904298 0.12640495598316193 33
1743772929411 0.12596820294857025 34
1743772954234 0.1258525252342224 35
1743772979417 0.12523967027664185 36
1743773004331 0.12466729432344437 37
1743773029400 0.12450461089611053 38
1743773054919 0.12374619394540787 39
1743773079901 0.12342435121536255 40
1743773104824 0.12328163534402847 41
1743773129671 0.12235113978385925 42
1743773154733 0.12203099578619003 43
1743773179676 0.12137734144926071 44
1743773204790 0.12114197760820389 45
1743773229817 0.1209351047873497 46
1743773254752 0.12130461633205414 47
1743773279569 0.12183398008346558 48
1743773304295 0.12052051723003387 49
