1743772068174 0.24982246499597305 0
1743772093011 0.18937221474019175 1
1743772117804 0.17088375179594417 2
1743772145513 0.15414394671359988 3
1743772173027 0.13904245700976603 4
1743772201030 0.12478581495673013 5
1743772229098 0.11342794476261463 6
1743772255703 0.10476411107480664 7
1743772280639 0.09837188595623936 8
1743772305640 0.09366453146483052 9
1743772330474 0.08963077708349383 10
1743772355417 0.08643893473149313 11
1743772380320 0.08403503706503858 12
1743772405333 0.08172256860037971 13
1743772430313 0.07976238682719655 14
1743772455204 0.07797497209890418 15
1743772480100 0.0764549438149135 16
1743772504942 0.0746749877846976 17
1743772529805 0.07321006570005871 18
1743772554756 0.07161123990609773 19
1743772579450 0.0708059477330843 20
1743772604421 0.06926647386375714 21
1743772629454 0.06852365463566867 22
1743772654347 0.06729653072837238 23
1743772679374 0.06685165858931753 24
1743772704230 0.06547841053508328 25
1743772729325 0.0644216052241208 26
1743772754277 0.06397219438956268 27
1743772779118 0.06291062613411455 28
1743772804246 0.06260316667993246 29
1743772829244 0.062198048781855746 30
1743772854147 0.06139152712566439 31
1743772879106 0.06089170373705622 32
1743772904300 0.05999667574675942 33
1743772929413 0.059598785122872734 34
1743772954235 0.05940531505969606 35
1743772979418 0.05881092190426784 36
1743773004333 0.05828268852960177 37
1743773029401 0.05802336311867507 38
1743773054920 0.057527719012930405 39
1743773079902 0.057147351389875804 40
1743773104825 0.056925606372235794 41
1743773129672 0.05637181908655091 42
1743773154734 0.0560263925764051 43
1743773179678 0.05565753635736267 44
1743773204791 0.055316084143616856 45
1743773229819 0.055165930270660204 46
1743773254754 0.05530216208732517 47
1743773279570 0.0555643944946604 48
1743773304296 0.05479881976513425 49
