1747770675722 3.1127168895332353 0
1747770675942 2.9051558164471034 1
1747770676149 2.795080478980762 2
1747770676368 2.7226978105458923 3
1747770676626 2.6295392264855666 4
1747770676933 2.531329583680024 5
1747770677256 2.4274737643503967 6
1747770677582 2.298912115467479 7
1747770677909 2.2015792780321886 8
1747770678192 2.0764774737960767 9
1747770678512 1.8588559416906054 10
1747770678837 1.6830952427656112 11
1747770679112 1.5608337543937358 12
1747770679334 1.4318252186313676 13
1747770679568 1.194781025804598 14
1747770679812 1.0561406363073105 15
1747770680067 0.9608746601042438 16
1747770680314 0.8134470540441808 17
1747770680544 0.7597496233002278 18
1747770680785 0.6893120220095963 19
1747770681043 0.6228215803086068 20
1747770681305 0.5501124001940675 21
1747770681567 0.49607431628811266 22
1747770681825 0.4608629259317417 23
1747770682075 0.43577635643013973 24
1747770682327 0.4169559519996784 25
1747770682580 0.3991190049953503 26
1747770682861 0.3724204271350108 27
1747770683183 0.3680198918593985 28
1747770683497 0.3632823454105555 29
1747770683779 0.3523135476370108 30
1747770684066 0.3415200511608684 31
1747770684382 0.32724795273589974 32
1747770684700 0.3253572449799212 33
1747770684986 0.3182245672833761 34
1747770685264 0.31269911039576265 35
1747770685453 0.30398629119838866 36
1747770685694 0.29539695784736447 37
1747770685907 0.3025787754126535 38
1747770686122 0.284540077835346 39
1747770686370 0.2820577736778437 40
1747770686625 0.27585999905584097 41
1747770686886 0.2829892829519377 42
1747770687148 0.26262594716503873 43
1747770687414 0.2613230201271331 44
1747770687674 0.26101268423203167 45
1747770687937 0.2527260130360076 46
1747770688204 0.2499546155719494 47
1747770688492 0.2540963438329782 48
1747770688758 0.2430278128133896 49
