1747771924539 0.3971590995788574 0
1747771924751 0.5715909004211426 1
1747771924943 0.7892045378684998 2
1747771925136 0.8960227370262146 3
1747771925330 0.9073863625526428 4
1747771925523 0.9346590638160706 5
1747771925717 0.9323863387107849 6
1747771925910 0.9437500238418579 7
1747771926103 0.9534090757369995 8
1747771926298 0.9477272629737854 9
1747771926491 0.9306818246841431 10
1747771926693 0.9528409242630005 11
1747771926890 0.9596590995788574 12
1747771927086 0.9573863744735718 13
1747771927283 0.949431836605072 14
1747771927486 0.9681817889213562 15
1747771927706 0.9426136612892151 16
1747771927965 0.9488636255264282 17
1747771928227 0.9585227370262146 18
1747771928498 0.9522727131843567 19
1747771928763 0.956250011920929 20
1747771928989 0.949431836605072 21
1747771929186 0.9477272629737854 22
1747771929382 0.9522727131843567 23
1747771929578 0.9659090638160706 24
1747771929774 0.9642045497894287 25
1747771929969 0.9676136374473572 26
1747771930163 0.9602272510528564 27
1747771930367 0.9596590995788574 28
1747771930561 0.9488636255264282 29
1747771930758 0.9545454382896423 30
1747771930953 0.9642045497894287 31
1747771931149 0.9659090638160706 32
1747771931346 0.9727272987365723 33
1747771931542 0.9596590995788574 34
1747771931738 0.9681817889213562 35
1747771931942 0.9715909361839294 36
1747771932139 0.9704545736312866 37
1747771932338 0.9704545736312866 38
1747771932536 0.9670454263687134 39
1747771932781 0.9715909361839294 40
1747771933044 0.9647727012634277 41
1747771933312 0.9556818008422852 42
1747771933584 0.9647727012634277 43
1747771933844 0.9715909361839294 44
1747771934039 0.9653409123420715 45
1747771934235 0.9727272987365723 46
1747771934430 0.9744318127632141 47
1747771934632 0.9778409004211426 48
1747771934829 0.9778409004211426 49
