1743877453454 0.7684166431427002 0
1743877478054 0.9059833288192749 1
1743877502571 0.9254166483879089 2
1743877526923 0.9368500113487244 3
1743877551192 0.944016695022583 4
1743877575616 0.9490833282470703 5
1743877600254 0.9545666575431824 6
1743877624576 0.9572333097457886 7
1743877649282 0.9590499997138977 8
1743877673800 0.9613833427429199 9
1743877698177 0.9645500183105469 10
1743877722460 0.9662666916847229 11
1743877747014 0.9685999751091003 12
1743877771213 0.9693166613578796 13
1743877795517 0.9702833294868469 14
1743877820134 0.9720333218574524 15
1743877844570 0.9731166958808899 16
1743877869024 0.9734166860580444 17
1743877893407 0.9745166897773743 18
1743877917881 0.9752833247184753 19
1743877942092 0.9765499830245972 20
1743877966327 0.975849986076355 21
1743877990885 0.9763666391372681 22
1743878015693 0.9774333238601685 23
1743878040187 0.9779833555221558 24
1743878064764 0.9789000153541565 25
1743878089404 0.9796000123023987 26
1743878113904 0.979283332824707 27
1743878138414 0.9811000227928162 28
1743878162961 0.9808666706085205 29
1743878187510 0.9810333251953125 30
1743878212148 0.9820500016212463 31
1743878236785 0.982366681098938 32
1743878261321 0.982450008392334 33
1743878285460 0.9837666749954224 34
1743878309916 0.984333336353302 35
1743878334477 0.9832333326339722 36
1743878358878 0.9838666915893555 37
1743878383456 0.9836666584014893 38
1743878407820 0.9850000143051147 39
1743878432295 0.9851166605949402 40
1743878456774 0.98458331823349 41
1743878481190 0.9851333498954773 42
1743878505738 0.9856166839599609 43
1743878530347 0.9856666922569275 44
1743878554746 0.9864500164985657 45
1743878579590 0.9857333302497864 46
1743878604147 0.9872000217437744 47
1743878628540 0.986549973487854 48
1743878653091 0.9869166612625122 49
