1743877453455 0.7400991066805244 0
1743877478055 0.316342174906017 1
1743877502572 0.24897459045788597 2
1743877526924 0.21041078587819662 3
1743877551193 0.18676579991125836 4
1743877575617 0.16950274284071765 5
1743877600256 0.1530354914095926 6
1743877624577 0.14320427878690198 7
1743877649283 0.13604461147589766 8
1743877673801 0.12722337551459384 9
1743877698178 0.11849169535906794 10
1743877722462 0.11093878983154837 11
1743877747015 0.10616043325932545 12
1743877771215 0.10133721234906032 13
1743877795518 0.09758571316052161 14
1743877820135 0.09241441585705754 15
1743877844571 0.08908566789148076 16
1743877869026 0.08617459464900165 17
1743877893409 0.08222805212220634 18
1743877917882 0.08092105138697271 19
1743877942093 0.0774969701032806 20
1743877966328 0.07451193048047265 21
1743877990886 0.07337070302787703 22
1743878015694 0.07201839925219453 23
1743878040188 0.06913961258221606 24
1743878064765 0.06859748950173038 25
1743878089405 0.06479455840265147 26
1743878113905 0.06416957216833011 27
1743878138415 0.06015071023072124 28
1743878162963 0.06000642963451788 29
1743878187512 0.059115851668553404 30
1743878212149 0.0566343001275636 31
1743878236786 0.05652445139787129 32
1743878261322 0.055272185126974724 33
1743878285461 0.052810434036491286 34
1743878309917 0.0520208813417367 35
1743878334479 0.05099437486486033 36
1743878358879 0.04941105957732657 37
1743878383457 0.04950728615136975 38
1743878407821 0.04712370356037852 39
1743878432297 0.047690521675103445 40
1743878456775 0.047718390048719195 41
1743878481192 0.0465594468295782 42
1743878505739 0.04444806440367512 43
1743878530348 0.045419455901816584 44
1743878554747 0.0423232076917408 45
1743878579592 0.04323909236314241 46
1743878604148 0.03975497771238553 47
1743878628541 0.041385627955179465 48
1743878653092 0.039983842231981655 49
