1747637637472 5.480468653253954 0
1747637647597 3.19663055735714 1
1747637658028 0.5934054155065965 2
1747637668154 0.9334265779165248 3
1747637678455 0.28415807238460405 4
1747637689067 0.34425493110419025 5
1747637698928 0.1735436328230874 6
1747637709164 0.12466353022977827 7
1747637719347 0.16367448875094762 8
1747637729360 0.11475161170534266 9
1747637739752 0.12187158308926861 10
1747637749914 0.094328704333906 11
1747637760160 0.0822284403126077 12
1747637770503 0.1726979562388986 13
1747637780458 0.11555156164492081 14
1747637790770 0.08767556683012931 15
1747637800675 0.08035829120343184 16
1747637810828 0.13379578959443972 17
1747637821362 0.08868434075882396 18
1747637831744 0.07419828837197856 19
1747637842271 0.08090598314145327 20
1747637852856 0.06945701982254876 21
1747637863121 0.06367472482964578 22
1747637873610 0.0625036685455352 23
1747637884107 0.05895748941854135 24
1747637894132 0.054877740974421524 25
1747637904233 0.054942268167967066 26
1747637914576 0.04727001076312629 27
1747637924458 0.32291577692189677 28
1747637934881 0.052359829794047075 29
1747637945224 0.044921244251959445 30
1747637955436 0.04606968982507572 31
1747637966056 0.04092102699124303 32
1747637976371 0.038675263074180906 33
1747637986477 0.6364224605170992 34
1747637996913 0.04351404747577977 35
1747638007274 0.04045446862459915 36
1747638017137 0.047722647553474336 37
1747638027425 0.039437975713669964 38
1747638037191 0.034444195712729254 39
1747638047685 0.036297993041966244 40
1747638058471 0.02915132857480832 41
1747638069346 0.03636012968764346 42
1747638080485 0.027851998087604916 43
1747638092107 0.024089379855697094 44
1747638103033 0.49693757981066644 45
1747638113115 0.19118081022237712 46
1747638123431 0.05322541900869351 47
1747638133970 0.04414006436239289 48
1747638144072 0.03990058767405314 49
