1747707559139 0.2462325686905374 0
1747707574469 0.23986391179556407 1
1747707589749 0.23874547973770055 2
1747707605059 0.2382086643499966 3
1747707620439 0.23805434586902882 4
1747707635733 0.237834391398376 5
1747707651306 0.23781649249712694 6
1747707667087 0.23754528026614527 7
1747707682618 0.23743472836069496 8
1747707698007 0.23727603928987162 9
1747707713099 0.23722973601265251 10
1747707728457 0.2372171393364679 11
1747707743884 0.23705713289163952 12
1747707758851 0.23702536262225407 13
1747707773908 0.23681560839206942 14
1747707789232 0.23683919938545217 15
1747707804261 0.23661336882570438 16
1747707819281 0.23665304317016972 17
1747707834698 0.23655163042066196 18
1747707850325 0.2364697741069136 19
1747707865998 0.23638932790436729 20
1747707881397 0.23641130571697783 21
1747707896766 0.23634861794896556 22
1747707912275 0.2363644089021779 23
1747707927702 0.236229946900626 24
1747707943048 0.23616007821413867 25
1747707958205 0.23614959361455004 26
1747707973470 0.23613791477170545 27
1747707989164 0.23606767200614037 28
1747708005178 0.2360204150288379 29
1747708020639 0.23593170101368066 30
1747708035744 0.23584944717812878 31
1747708051438 0.23571909653213274 32
1747708066797 0.23563426965336745 33
1747708082102 0.23574387740753266 34
1747708097438 0.23554628815330214 35
1747708112817 0.2356180732686539 36
1747708128247 0.2354350205712087 37
1747708143478 0.2354185083046576 38
1747708158727 0.23529728142776232 39
1747708174015 0.23530295872122425 40
1747708189449 0.23530273840240612 41
1747708205280 0.23531477684952712 42
1747708221055 0.2352303274675224 43
1747708236479 0.2350871933077625 44
1747708251754 0.23508918777672355 45
1747708267195 0.23494888363699765 46
1747708282404 0.23487771798331952 47
1747708297646 0.23484837688148302 48
1747708313076 0.23486692587207078 49
