1743909627354 0.24888467851779367 0
1743909651908 0.18818478055768856 1
1743909676744 0.16955806230099177 2
1743909701657 0.15346474190486864 3
1743909726163 0.13786713736629766 4
1743909751051 0.12405375225393425 5
1743909775777 0.11262356175393357 6
1743909800368 0.10410954763189335 7
1743909825267 0.09792448972667209 8
1743909849959 0.09316709088000993 9
1743909874694 0.0893636084417589 10
1743909899419 0.08716087632344995 11
1743909923926 0.08424434300371886 12
1743909948542 0.08186100096189826 13
1743909973155 0.07982922479653702 14
1743909998035 0.07814892806708919 15
1743910022911 0.07661129550984254 16
1743910047766 0.0749716592047428 17
1743910072684 0.0733608568905126 18
1743910097494 0.07265331787131309 19
1743910122332 0.07125535909345969 20
1743910146982 0.07002172744993476 21
1743910171714 0.06875285976162486 22
1743910196384 0.06767329636331126 23
1743910221083 0.06671966173190684 24
1743910245821 0.06679952571638346 25
1743910270475 0.0652293642750585 26
1743910295083 0.06457021793163065 27
1743910319719 0.06394046863814501 28
1743910344287 0.06319579337747998 29
1743910369147 0.06260075717088494 30
1743910393854 0.06226520214207429 31
1743910418579 0.061437245738738946 32
1743910443319 0.060776309925682656 33
1743910468020 0.06058363566712205 34
1743910492648 0.05992449925378071 35
1743910517398 0.059541470438278635 36
1743910542022 0.05900926703078099 37
1743910566699 0.05874112028282388 38
1743910591363 0.058588645484513334 39
1743910616055 0.058261176192788436 40
1743910640803 0.057957979080445886 41
1743910665224 0.05761990454716032 42
1743910689840 0.05691545117308101 43
1743910714817 0.05673410888060463 44
1743910739523 0.06394717512094815 45
1743910764226 0.05909811818375691 46
1743910788757 0.05836889002130521 47
1743910813454 0.05787216605074812 48
1743910838235 0.05761166831407911 49
