1743909627352 0.29976096749305725 0
1743909651907 0.2433953881263733 1
1743909676743 0.22760920226573944 2
1743909701656 0.21389739215373993 3
1743909726162 0.2003728598356247 4
1743909751049 0.18852756917476654 5
1743909775772 0.17874957621097565 6
1743909800366 0.17119547724723816 7
1743909825265 0.16566041111946106 8
1743909849957 0.1610742211341858 9
1743909874692 0.157319575548172 10
1743909899417 0.15552105009555817 11
1743909923924 0.15247072279453278 12
1743909948540 0.14985743165016174 13
1743909973154 0.14807303249835968 14
1743909998034 0.14624792337417603 15
1743910022910 0.1448231339454651 16
1743910047764 0.1430642157793045 17
1743910072683 0.14131906628608704 18
1743910097493 0.14087873697280884 19
1743910122330 0.13941310346126556 20
1743910146980 0.13812434673309326 21
1743910171713 0.13670675456523895 22
1743910196383 0.13558584451675415 23
1743910221082 0.13448220491409302 24
1743910245820 0.13494031131267548 25
1743910270474 0.13287290930747986 26
1743910295081 0.13215576112270355 27
1743910319718 0.1315673142671585 28
1743910344286 0.13069629669189453 29
1743910369145 0.13001015782356262 30
1743910393853 0.1298590451478958 31
1743910418577 0.12856082618236542 32
1743910443318 0.12791521847248077 33
1743910468018 0.12768685817718506 34
1743910492647 0.1270221769809723 35
1743910517397 0.12657956779003143 36
1743910542021 0.12596134841442108 37
1743910566698 0.12576961517333984 38
1743910591362 0.12568451464176178 39
1743910616053 0.1250634491443634 40
1743910640802 0.12484242022037506 41
1743910665223 0.1244577169418335 42
1743910689838 0.12324170768260956 43
1743910714816 0.12316057831048965 44
1743910739521 0.1335172951221466 45
1743910764224 0.1261143982410431 46
1743910788755 0.12543314695358276 47
1743910813452 0.12467768043279648 48
1743910838234 0.12422700971364975 49
