1747571110382 0.22585389018058777 0
1747571115540 0.13608530163764954 1
1747571121159 0.1342250257730484 2
1747571126877 0.13726185262203217 3
1747571132454 0.13822975754737854 4
1747571138117 0.13850286602973938 5
1747571143644 0.13805431127548218 6
1747571149203 0.1372286081314087 7
1747571154462 0.1370079517364502 8
1747571159405 0.13665848970413208 9
1747571164793 0.1367090940475464 10
1747571170495 0.13652360439300537 11
1747571176197 0.13627232611179352 12
1747571181842 0.13631053268909454 13
1747571187470 0.1362566500902176 14
1747571193128 0.13624078035354614 15
1747571198626 0.13622233271598816 16
1747571203349 0.1361808031797409 17
1747571208571 0.13617604970932007 18
1747571214131 0.1360042244195938 19
1747571219737 0.13612689077854156 20
1747571225370 0.13599374890327454 21
1747571231033 0.13590393960475922 22
1747571236520 0.13584959506988525 23
1747571242184 0.13588739931583405 24
1747571247332 0.1359129548072815 25
1747571252533 0.13577403128147125 26
1747571257926 0.13574613630771637 27
1747571263382 0.13573047518730164 28
1747571268889 0.1356334686279297 29
1747571274422 0.13568350672721863 30
1747571280019 0.13560296595096588 31
1747571285649 0.13560850918293 32
1747571290956 0.13557563722133636 33
1747571296179 0.13558250665664673 34
1747571301594 0.1360260546207428 35
1747571307117 0.13297100365161896 36
1747571312591 0.13027921319007874 37
1747571318128 0.1262647956609726 38
1747571323746 0.125454381108284 39
1747571329392 0.12458934634923935 40
1747571334671 0.124138742685318 41
1747571339653 0.12347102910280228 42
1747571344950 0.1233433336019516 43
1747571350672 0.12335748970508575 44
1747571356142 0.12343381345272064 45
1747571361663 0.12334922701120377 46
1747571367371 0.12348538637161255 47
1747571372981 0.12365977466106415 48
1747571378251 0.12404564768075943 49
