1747571110384 0.48323627679393155 0
1747571115542 0.07397496909383931 1
1747571121161 0.07045618595658439 2
1747571126878 0.0700311832834525 3
1747571132456 0.06985150270646266 4
1747571138119 0.06953815261495361 5
1747571143645 0.06906653069917422 6
1747571149204 0.06872459647776695 7
1747571154464 0.06852165384218813 8
1747571159407 0.06840798349961412 9
1747571164794 0.06830850447245859 10
1747571170496 0.06826259751222755 11
1747571176199 0.06823041601104736 12
1747571181843 0.06817642725253935 13
1747571187471 0.06814430460028462 14
1747571193132 0.06810982909902981 15
1747571198628 0.06808308682744156 16
1747571203351 0.06805214704402959 17
1747571208573 0.06802259396183603 18
1747571214133 0.06801252875130728 19
1747571219738 0.06798865146875269 20
1747571225371 0.06795416972780124 21
1747571231035 0.06793859347925095 22
1747571236521 0.06793097563235596 23
1747571242185 0.06789569446423674 24
1747571247334 0.06788110252554577 25
1747571252535 0.0678617447438634 26
1747571257928 0.06783409363935368 27
1747571263384 0.06781720032561775 28
1747571268890 0.06779667162873138 29
1747571274423 0.06777012774496623 30
1747571280021 0.06775424995055872 31
1747571285650 0.06772824304561839 32
1747571290957 0.06769798533773358 33
1747571296181 0.06766418236264954 34
1747571301596 0.06760373414133425 35
1747571307118 0.06624655075525447 36
1747571312592 0.0649394561927858 37
1747571318130 0.0623305815289041 38
1747571323747 0.06162397691113262 39
1747571329393 0.06113847159379271 40
1747571334673 0.06051175402337882 41
1747571339655 0.06035485849229896 42
1747571344952 0.060323707027573586 43
1747571350674 0.06030028720129261 44
1747571356144 0.06028982238256487 45
1747571361665 0.06027506466317711 46
1747571367373 0.06026208636141983 47
1747571372983 0.060238236278097164 48
1747571378253 0.060216609978775676 49
