1747770180707 42.43205642700195 0
1747770180852 27.147205352783203 1
1747770180994 18.664552688598633 2
1747770181136 16.222444534301758 3
1747770181280 13.686320304870605 4
1747770181422 11.663763999938965 5
1747770181562 10.146329879760742 6
1747770181693 8.862455368041992 7
1747770181834 7.503705978393555 8
1747770181964 6.530750274658203 9
1747770182142 5.818181037902832 10
1747770182322 5.23266077041626 11
1747770182503 4.6807355880737305 12
1747770182682 4.165882587432861 13
1747770182862 3.7232351303100586 14
1747770183042 3.2546470165252686 15
1747770183222 2.8417017459869385 16
1747770183404 2.4800658226013184 17
1747770183590 2.161093235015869 18
1747770183781 1.9217716455459595 19
1747770183970 1.7365732192993164 20
1747770184161 1.5712863206863403 21
1747770184346 1.4544144868850708 22
1747770184505 1.3452790975570679 23
1747770184626 1.2485696077346802 24
1747770184754 1.1729822158813477 25
1747770184874 1.109853744506836 26
1747770185000 1.04946768283844 27
1747770185131 0.989346444606781 28
1747770185262 0.9197987914085388 29
1747770185389 0.8683198094367981 30
1747770185517 0.8221791386604309 31
1747770185646 0.775784969329834 32
1747770185774 0.7343271970748901 33
1747770185904 0.6999362707138062 34
1747770186032 0.6615350246429443 35
1747770186161 0.6288108825683594 36
1747770186290 0.6026924848556519 37
1747770186421 0.5661245584487915 38
1747770186550 0.532538652420044 39
1747770186681 0.5047131180763245 40
1747770186814 0.47649285197257996 41
1747770186950 0.45068562030792236 42
1747770187084 0.43085572123527527 43
1747770187220 0.409812867641449 44
1747770187354 0.39199987053871155 45
1747770187490 0.37394338846206665 46
1747770187620 0.35476866364479065 47
1747770187749 0.34054550528526306 48
1747770187874 0.33168867230415344 49
