1747770180708 3440.944332256131 0
1747770180854 1681.4017859159255 1
1747770180996 740.4442668903324 2
1747770181138 513.2334456105926 3
1747770181281 371.9339076937036 4
1747770181423 267.44733056582817 5
1747770181564 196.48447229105068 6
1747770181695 143.86716709334328 7
1747770181835 102.20376781314462 8
1747770181965 78.55702769527666 9
1747770182144 62.1357819032509 10
1747770182324 49.79062101913197 11
1747770182504 39.3730037806752 12
1747770182684 30.70799588788057 13
1747770182864 24.055017325783904 14
1747770183044 18.630692352989087 15
1747770183223 14.379521153852966 16
1747770183406 11.079007407137098 17
1747770183592 8.638960938489078 18
1747770183783 7.008749811466378 19
1747770183972 5.844738756969209 20
1747770184162 4.980606348546156 21
1747770184348 4.3638645101281295 22
1747770184506 3.865174696095198 23
1747770184627 3.4405598320608957 24
1747770184755 3.0738940438718196 25
1747770184875 2.807642495656826 26
1747770185002 2.561393143271702 27
1747770185132 2.2782432106763895 28
1747770185263 1.9991285917606783 29
1747770185390 1.7681993086029382 30
1747770185518 1.6001245728999705 31
1747770185648 1.4060233959354345 32
1747770185775 1.2713431134805309 33
1747770185905 1.1435214739872486 34
1747770186034 1.0188118415877818 35
1747770186163 0.9234672620253696 36
1747770186292 0.846881819097206 37
1747770186423 0.7411466278251655 38
1747770186551 0.6646643065836172 39
1747770186682 0.5927554436037754 40
1747770186815 0.5414568658752247 41
1747770186951 0.48706727552361373 42
1747770187085 0.4498034038801745 43
1747770187222 0.4094312442081002 44
1747770187355 0.37741295126935015 45
1747770187491 0.3494648251338249 46
1747770187621 0.3137745750180274 47
1747770187750 0.29406436780473916 48
1747770187875 0.28185027585617706 49
