1747681901505 0.2495993903014326 0
1747681917075 0.23914418827321757 1
1747681933007 0.23837992858406926 2
1747681948174 0.23822398569636702 3
1747681963113 0.23817867269407916 4
1747681977593 0.2380061037444499 5
1747681992802 0.2378549677020594 6
1747682008068 0.23788947176889244 7
1747682023671 0.2379147922351108 8
1747682038317 0.23761858794041957 9
1747682054062 0.23764578695296265 10
1747682069642 0.23757042744255374 11
1747682085325 0.23753456923520697 12
1747682100570 0.23750461809102796 13
1747682116012 0.23750656290566677 14
1747682131906 0.23738947410817485 15
1747682147249 0.23740833066265565 16
1747682162609 0.23735936396641746 17
1747682178183 0.23733939498602016 18
1747682192911 0.23740469696907301 19
1747682207607 0.23735274189202446 20
1747682222506 0.23731482897910935 21
1747682237795 0.23732853266285003 22
1747682252778 0.23724243975338935 23
1747682268484 0.23727240657413545 24
1747682283055 0.23728721734426225 25
1747682298334 0.23729121045874804 26
1747682313189 0.23727296588141952 27
1747682328400 0.23717847935370764 28
1747682343145 0.23727956911121525 29
1747682358562 0.2371635873777806 30
1747682374147 0.23710951852712336 31
1747682389577 0.23710804720408118 32
1747682405021 0.23718310773328513 33
1747682420650 0.2371320334679372 34
1747682436222 0.23714820408544354 35
1747682451817 0.23714119061489644 36
1747682467238 0.23706995686760526 37
1747682482002 0.23711738367112137 38
1747682496655 0.2371385351947909 39
1747682510862 0.237123836576785 40
1747682525645 0.2370300922651817 41
1747682541100 0.2370589041571532 42
1747682556453 0.23702753130278073 43
1747682571920 0.23697380718682312 44
1747682587520 0.23705542284816253 45
1747682602869 0.2369769221862168 46
1747682618178 0.23694422791254172 47
1747682633306 0.23692297801922174 48
1747682648032 0.23701875511583578 49
