1743936051326 0.26633637188416415 0
1743936076461 0.22220547161938092 1
1743936101385 0.1969820962648889 2
1743936126528 0.1734655814525305 3
1743936151721 0.15596340640945902 4
1743936177255 0.14374715751038716 5
1743936202533 0.1321607054669872 6
1743936227949 0.12322412022250062 7
1743936253159 0.11566027863996199 8
1743936278323 0.11212609186864868 9
1743936303511 0.10063766167473145 10
1743936328912 0.09742352163552384 11
1743936354327 0.09163486478751841 12
1743936379678 0.08773167415418007 13
1743936404819 0.08287044276965792 14
1743936429878 0.0779187055892108 15
1743936455118 0.07670164238003915 16
1743936480414 0.07132203222593109 17
1743936505515 0.06847993077108107 18
1743936530956 0.06638305520317428 19
1743936556138 0.06293174047464214 20
1743936581413 0.06175047890811918 21
1743936606969 0.057404452865077504 22
1743936632394 0.05564890195474786 23
1743936657807 0.0540684475190634 24
1743936683064 0.053204459562680786 25
1743936708354 0.05496116513330738 26
1743936733756 0.051239087418634796 27
1743936758986 0.04825834569682828 28
1743936784158 0.04680340655671828 29
1743936808835 0.04707023180248475 30
1743936833393 0.0446696092074989 31
1743936858105 0.0413460498193339 32
1743936882802 0.038683512387296476 33
1743936907462 0.0436190957615003 34
1743936931999 0.04032763799720337 35
1743936956673 0.03818309147467605 36
1743936982024 0.03959255056860592 37
1743937007329 0.034689887311262387 38
1743937032697 0.03673232388512856 39
1743937058110 0.03628464277614805 40
1743937083329 0.035043557914754976 41
1743937108616 0.03691578254631303 42
1743937133947 0.03152636723377279 43
1743937159195 0.03385432168980813 44
1743937184422 0.031909252590558594 45
1743937209670 0.03151952343748013 46
1743937235077 0.032076579329833016 47
1743937260339 0.029371587799938995 48
1743937285687 0.02758934038826166 49
