1743936051325 0.9314666390419006 0
1743936076460 0.9408833384513855 1
1743936101384 0.9474833607673645 2
1743936126527 0.9529333114624023 3
1743936151719 0.957883358001709 4
1743936177254 0.9608666896820068 5
1743936202532 0.9636666774749756 6
1743936227948 0.965833306312561 7
1743936253158 0.9677166938781738 8
1743936278322 0.9686499834060669 9
1743936303510 0.9712333083152771 10
1743936328911 0.9722833037376404 11
1743936354326 0.9742000102996826 12
1743936379677 0.9751333594322205 13
1743936404818 0.9767666459083557 14
1743936429877 0.9780833125114441 15
1743936455117 0.9778333306312561 16
1743936480413 0.9792166948318481 17
1743936505514 0.9796666502952576 18
1743936530955 0.9803166389465332 19
1743936556137 0.9819166660308838 20
1743936581412 0.9819833040237427 21
1743936606968 0.9828166961669922 22
1743936632393 0.9832166433334351 23
1743936657806 0.9838833212852478 24
1743936683063 0.9840333461761475 25
1743936708353 0.9837833046913147 26
1743936733755 0.9846833348274231 27
1743936758985 0.9857000112533569 28
1743936784157 0.9857166409492493 29
1743936808834 0.9860000014305115 30
1743936833392 0.9865833520889282 31
1743936858104 0.9874833226203918 32
1743936882801 0.9879666566848755 33
1743936907461 0.9864000082015991 34
1743936931998 0.9879666566848755 35
1743936956672 0.9887166619300842 36
1743936982023 0.988016664981842 37
1743937007328 0.9899500012397766 38
1743937032696 0.9885666370391846 39
1743937058109 0.9890499711036682 40
1743937083327 0.9889833331108093 41
1743937108615 0.9882833361625671 42
1743937133946 0.9904333353042603 43
1743937159194 0.9895833134651184 44
1743937184421 0.9906499981880188 45
1743937209669 0.9905166625976562 46
1743937235076 0.9898999929428101 47
1743937260338 0.9912333488464355 48
1743937285686 0.9916999936103821 49
