1743888415328 0.3140285611152649 0
1743888437946 0.250253826379776 1
1743888460642 0.2334538847208023 2
1743888483488 0.221439927816391 3
1743888506305 0.211507648229599 4
1743888528985 0.20172400772571564 5
1743888551644 0.19321438670158386 6
1743888574481 0.1854851394891739 7
1743888597161 0.17892396450042725 8
1743888619911 0.17369239032268524 9
1743888642803 0.16926710307598114 10
1743888665862 0.16509263217449188 11
1743888688666 0.16206584870815277 12
1743888711388 0.1592889279127121 13
1743888734368 0.1571653038263321 14
1743888757377 0.15514738857746124 15
1743888780103 0.15342937409877777 16
1743888802738 0.15105505287647247 17
1743888825491 0.15012994408607483 18
1743888848445 0.14898206293582916 19
1743888871358 0.1473778635263443 20
1743888894339 0.1462651938199997 21
1743888917121 0.14591139554977417 22
1743888940001 0.1445978581905365 23
1743888962802 0.14323203265666962 24
1743888985752 0.1424918919801712 25
1743889008646 0.14200201630592346 26
1743889031600 0.14114730060100555 27
1743889054462 0.14040184020996094 28
1743889077310 0.14036747813224792 29
1743889100130 0.13926012814044952 30
1743889122771 0.138758584856987 31
1743889145728 0.138422891497612 32
1743889168534 0.1372111439704895 33
1743889191454 0.1368485689163208 34
1743889214533 0.13714152574539185 35
1743889237542 0.1362367421388626 36
1743889260279 0.13578397035598755 37
1743889283232 0.13547223806381226 38
1743889306202 0.13543887436389923 39
1743889329172 0.13446028530597687 40
1743889351969 0.13406649231910706 41
1743889374664 0.13427582383155823 42
1743889397538 0.13393953442573547 43
1743889420441 0.13359446823596954 44
1743889443142 0.13317163288593292 45
1743889465883 0.13287679851055145 46
1743889488738 0.13327622413635254 47
1743889511577 0.13224278390407562 48
1743889534511 0.1318805068731308 49
