1747771240246 2425.574343895692 0
1747771240420 814.1297592595936 1
1747771240590 256.87784502079097 2
1747771240759 141.82073280736694 3
1747771240930 89.81950983585159 4
1747771241101 30.446021481184115 5
1747771241272 18.79334892009641 6
1747771241445 12.548516477644187 7
1747771241615 8.456375791699225 8
1747771241783 6.4291819295460755 9
1747771241948 5.832395847128771 10
1747771242112 5.285698694266093 11
1747771242281 4.787694094004422 12
1747771242452 4.5121451830379025 13
1747771242626 4.675152019701088 14
1747771242795 4.172762800993935 15
1747771242965 3.942700890799199 16
1747771243139 3.987058978507876 17
1747771243302 3.667864861972562 18
1747771243514 3.579688983851558 19
1747771243749 3.2478656559823773 20
1747771243976 2.685331630342779 21
1747771244210 2.616228803247984 22
1747771244440 2.212192188222859 23
1747771244670 1.5323851081360025 24
1747771244900 1.3460920854504577 25
1747771245133 1.0704871493045907 26
1747771245367 0.8808549430057014 27
1747771245596 0.7874285512265802 28
1747771245830 0.648645290219784 29
1747771245989 0.7289257808745083 30
1747771246153 0.6384845806016829 31
1747771246324 0.5566004604114099 32
1747771246494 0.5198016771007765 33
1747771246666 0.44360334167572063 34
1747771246837 0.4294144934688756 35
1747771247006 0.5207038270388941 36
1747771247189 0.5669237470508347 37
1747771247368 0.4094793859936547 38
1747771247547 0.3715566599427502 39
1747771247727 0.3938863595431227 40
1747771247906 0.5133128805891052 41
1747771248080 0.7023567927001789 42
1747771248249 0.4573294488410559 43
1747771248421 0.37021178721693976 44
1747771248594 0.37905577427804804 45
1747771248772 0.39750526716690954 46
1747771248947 0.40918268881696823 47
1747771249123 0.38127566717886285 48
1747771249298 0.36496728603381146 49
