1747616099510 1.0643894796225364 0
1747616109309 0.07230171809957721 1
1747616118222 0.0690972636719508 2
1747616127779 0.06525499592567469 3
1747616136698 0.06018082254845094 4
1747616146433 0.058919995725384006 5
1747616155537 0.05783792261570007 6
1747616164860 0.05645620492659271 7
1747616174429 0.055593837677573615 8
1747616183641 0.05475519911967402 9
1747616193064 0.054125082418664774 10
1747616202299 0.05381621892148662 11
1747616212346 0.05343246253662415 12
1747616220845 0.053420255654423564 13
1747616230865 0.05306382028123958 14
1747616240058 0.052458650580725456 15
1747616249499 0.04899471941242906 16
1747616258950 0.04583405248841076 17
1747616268391 0.044354601158197025 18
1747616278186 0.04315033574272142 19
1747616287834 0.042943833155873724 20
1747616297994 0.042060834318751864 21
1747616307440 0.041720040388159775 22
1747616316422 0.041210702930182884 23
1747616325843 0.04045790445878259 24
1747616335227 0.03985389518130946 25
1747616343736 0.0393360390468199 26
1747616353639 0.03899031942354076 27
1747616362784 0.038458332249814396 28
1747616372552 0.03638587599237139 29
1747616381633 0.039020556159765296 30
1747616391162 0.03927907935177785 31
1747616400109 0.037146084895656184 32
1747616409566 0.03692466938549365 33
1747616419150 0.03548104688769244 34
1747616428242 0.03449999062407701 35
1747616437890 0.03427667419189827 36
1747616447200 0.03420270230557593 37
1747616456343 0.03413551125749896 38
1747616465770 0.03411923439374078 39
1747616474510 0.03402774525626229 40
1747616483589 0.03331345936837241 41
1747616492668 0.032956820299898514 42
1747616502135 0.0328052417869494 43
1747616511797 0.03277460270758156 44
1747616521603 0.032728718289886966 45
1747616531099 0.03269052484838987 46
1747616541237 0.03271782067306826 47
1747616550748 0.032673963328433725 48
1747616560271 0.03266393138782453 49
