1747742158425 0.914894700050354 0
1747742175554 0.9151722192764282 1
1747742193221 0.9153520464897156 2
1747742210523 0.9153950214385986 3
1747742228166 0.9152542948722839 4
1747742245149 0.9152191281318665 5
1747742262461 0.9152073860168457 6
1747742279359 0.9153285622596741 7
1747742296983 0.9153481125831604 8
1747742314252 0.9152777791023254 9
1747742331701 0.9153794050216675 10
1747742348521 0.915457546710968 11
1747742366103 0.9152933955192566 12
1747742383285 0.9153520464897156 13
1747742400829 0.9153676629066467 14
1747742417642 0.9154184460639954 15
1747742434769 0.9155474305152893 16
1747742451935 0.915414571762085 17
1747742469277 0.9155279397964478 18
1747742486337 0.9153481125831604 19
1747742503241 0.9152542948722839 20
1747742520637 0.9152504205703735 21
1747742537638 0.9153207540512085 22
1747742555050 0.9152660369873047 23
1747742572240 0.9153832793235779 24
1747742589847 0.9154888391494751 25
1747742607073 0.9155122637748718 26
1747742624229 0.9155396223068237 27
1747742641133 0.9155396223068237 28
1747742658351 0.9153051376342773 29
1747742675455 0.9154888391494751 30
1747742692358 0.9154810309410095 31
1747742709806 0.9154849052429199 32
1747742726702 0.9154379963874817 33
1747742744234 0.9156100153923035 34
1747742761239 0.9155787229537964 35
1747742778830 0.9155943393707275 36
1747742795793 0.915285587310791 37
1747742813331 0.9155709147453308 38
1747742830174 0.9155240058898926 39
1747742847129 0.915746808052063 40
1747742864161 0.915516197681427 41
1747742881072 0.9154184460639954 42
1747742898353 0.9156295657157898 43
1747742915347 0.9157663583755493 44
1747742932745 0.9157819747924805 45
1747742949875 0.9156334400177002 46
1747742967402 0.9155669808387756 47
1747742984554 0.9158288836479187 48
1747743002287 0.9158328175544739 49
