1747742158427 0.24369011272182176 0
1747742175556 0.23903592887307942 1
1747742193222 0.23885919116206894 2
1747742210524 0.23831650344016733 3
1747742228168 0.23807285493939256 4
1747742245150 0.23787006735420488 5
1747742262462 0.23764454145892172 6
1747742279360 0.23758296956368788 7
1747742296985 0.2374143757155012 8
1747742314254 0.23737414475749669 9
1747742331702 0.23740805837108717 10
1747742348522 0.2372138410631135 11
1747742366104 0.23699640870886313 12
1747742383287 0.23685173685694902 13
1747742400830 0.23686198958799554 14
1747742417644 0.23686349060651332 15
1747742434771 0.23681171701766235 16
1747742451936 0.23670831512488238 17
1747742469279 0.23658024386897833 18
1747742486338 0.23663586833875988 19
1747742503243 0.23659610295910663 20
1747742520639 0.23653492474052917 21
1747742537639 0.23644314699780297 22
1747742555051 0.23645028600287168 23
1747742572242 0.23634639197500795 24
1747742589849 0.23628629008756713 25
1747742607075 0.23622580949758062 26
1747742624231 0.2361991701393152 27
1747742641134 0.23605501339311552 28
1747742658353 0.2360389364398571 29
1747742675456 0.23612586915818792 30
1747742692360 0.23605524912570724 31
1747742709807 0.23590828030563893 32
1747742726703 0.23593006744555478 33
1747742744235 0.23590323118717665 34
1747742761240 0.23572984790343 35
1747742778832 0.2356968139972163 36
1747742795795 0.23579984100573972 37
1747742813332 0.23566512726724748 38
1747742830176 0.2355835728364234 39
1747742847131 0.23552328778129572 40
1747742864162 0.23554991779742984 41
1747742881074 0.2354002701580003 42
1747742898354 0.23541151143828273 43
1747742915348 0.23524022108831338 44
1747742932746 0.23526090356280183 45
1747742949876 0.23528196201743098 46
1747742967403 0.23521873166584617 47
1747742984555 0.23517251844397827 48
1747743002288 0.2350980858513412 49
