1747568127256 0.16737471808487817 0
1747568132378 0.13921599014867958 1
1747568137595 0.12273304939488536 2
1747568143168 0.09991156727963225 3
1747568148694 0.07346709468241006 4
1747568154034 0.06356880617198081 5
1747568159460 0.0608898375787677 6
1747568164792 0.06001601318603422 7
1747568170314 0.05968265196253339 8
1747568175786 0.059276360667000906 9
1747568181333 0.059046191918971556 10
1747568186806 0.05877271840525648 11
1747568192399 0.058430462691661876 12
1747568198044 0.05814991046954279 13
1747568203852 0.05786634194123851 14
1747568209672 0.05768113505102518 15
1747568215366 0.05749786272098881 16
1747568220545 0.05730945930149983 17
1747568225538 0.05717117926824119 18
1747568230998 0.057015509160270136 19
1747568236412 0.056916019879257033 20
1747568241846 0.05676480103939345 21
1747568247357 0.05666586752271233 22
1747568252899 0.056607747760958095 23
1747568257971 0.05644874617069341 24
1747568263316 0.05632712014855959 25
1747568269211 0.05620722499324623 26
1747568274863 0.05619040579648192 27
1747568280504 0.056168232032571416 28
1747568286162 0.05614969730091777 29
1747568291967 0.05614983313859808 30
1747568297604 0.0560910673878181 31
1747568302958 0.05609295097989846 32
1747568308529 0.056091553493103505 33
1747568314363 0.056078995307040455 34
1747568319965 0.056077697898555295 35
1747568325621 0.05606644648301031 36
1747568331293 0.056048533687501234 37
1747568337017 0.056043069990834436 38
1747568342729 0.05602996761777658 39
1747568347774 0.05603544270973178 40
1747568352760 0.05604249334204609 41
1747568358078 0.05602842021602335 42
1747568363620 0.0560200422492987 43
1747568369270 0.05601831827988973 44
1747568374912 0.05602856262100412 45
1747568380406 0.05601731083549572 46
1747568385563 0.05601739556525883 47
1747568391119 0.05599871543257127 48
1747568396797 0.056000456813493645 49
