1747568127254 0.17140018939971924 0
1747568132376 0.16535726189613342 1
1747568137594 0.1639050394296646 2
1747568143166 0.15518023073673248 3
1747568148693 0.1352066695690155 4
1747568154032 0.12151928246021271 5
1747568159459 0.11617924273014069 6
1747568164791 0.11345519870519638 7
1747568170312 0.11213607341051102 8
1747568175784 0.11356998234987259 9
1747568181331 0.11305635422468185 10
1747568186804 0.11324106901884079 11
1747568192397 0.11359310895204544 12
1747568198043 0.11343410611152649 13
1747568203850 0.11354263126850128 14
1747568209670 0.11293717473745346 15
1747568215364 0.11277464777231216 16
1747568220544 0.11290106922388077 17
1747568225536 0.11265213787555695 18
1747568230997 0.11296728998422623 19
1747568236411 0.11272956430912018 20
1747568241845 0.1129695400595665 21
1747568247355 0.11289740353822708 22
1747568252897 0.11284257471561432 23
1747568257969 0.11353301256895065 24
1747568263315 0.11333296447992325 25
1747568269210 0.11378645151853561 26
1747568274861 0.11351761221885681 27
1747568280502 0.11339964717626572 28
1747568286161 0.1133001297712326 29
1747568291966 0.11308412253856659 30
1747568297602 0.11355411261320114 31
1747568302956 0.11354119330644608 32
1747568308527 0.11342955380678177 33
1747568314362 0.11353904753923416 34
1747568319964 0.11337250471115112 35
1747568325620 0.11343260109424591 36
1747568331291 0.11368771642446518 37
1747568337016 0.11365034431219101 38
1747568342728 0.11367826163768768 39
1747568347771 0.11374588310718536 40
1747568352709 0.11358767002820969 41
1747568358076 0.11357329785823822 42
1747568363618 0.11365732550621033 43
1747568369269 0.11372047662734985 44
1747568374911 0.11358372122049332 45
1747568380405 0.11367717385292053 46
1747568385561 0.11373580992221832 47
1747568391118 0.1138492152094841 48
1747568396796 0.1138758435845375 49
