1747624263253 13.549188479989803 0
1747624273463 2.5903204656444663 1
1747624283967 0.8355609038068715 2
1747624294902 0.4031764304275859 3
1747624305887 2.763265379164168 4
1747624316431 0.5354422966402265 5
1747624327110 0.4752524254725123 6
1747624337691 0.43703390391455116 7
1747624348582 0.27005855435051934 8
1747624358932 0.19649347609053228 9
1747624369660 0.1658012949667011 10
1747624379790 7.2195003505180715 11
1747624390333 0.2156255186778081 12
1747624400999 0.16631836173055134 13
1747624411823 0.14072569451274217 14
1747624422503 0.11342465214404349 15
1747624432846 0.11052371501927012 16
1747624443323 1.438304850036173 17
1747624454103 0.10938058136938968 18
1747624465604 0.09416784697235933 19
1747624476579 0.09995762361317828 20
1747624487134 0.08652779207456945 21
1747624497345 0.09063090171376915 22
1747624507589 0.08220157090131679 23
1747624518668 0.07882862506196624 24
1747624529840 0.07792503442762007 25
1747624540586 0.0714654440641666 26
1747624550953 0.06240245822032761 27
1747624561745 0.05607023479868288 28
1747624572255 0.054163763711550135 29
1747624583179 0.049067814284129214 30
1747624593441 0.04583514110355876 31
1747624603906 0.046634829264946824 32
1747624614737 0.046104429965394364 33
1747624625417 0.04635685733485429 34
1747624636103 0.04490756989513473 35
1747624646963 0.04196849410135915 36
1747624658059 0.042758021764989336 37
1747624668602 0.0398642770606431 38
1747624679206 0.04400678844491455 39
1747624689777 0.043694523810249436 40
1747624700521 0.03798641758127926 41
1747624711641 0.040743194406529376 42
1747624722304 0.03591503323970874 43
1747624733181 0.034780537205883866 44
1747624743501 0.056631263641128686 45
1747624753907 0.034085234871513416 46
1747624764719 0.03315560987225443 47
1747624775423 0.03266843657476576 48
1747624786083 0.03186451773691261 49
