1747582509128 0.05370466783642769 0
1747582514773 0.005873996298760176 1
1747582520098 0.005691437982022762 2
1747582525843 0.00553338835015893 3
1747582531560 0.005284246988594532 4
1747582537163 0.00537074776366353 5
1747582542987 0.005140031222254038 6
1747582548713 0.005065014585852623 7
1747582554281 0.005049824248999357 8
1747582559573 0.004977279342710972 9
1747582564827 0.004800116177648306 10
1747582570424 0.004627044312655926 11
1747582576200 0.004665127955377102 12
1747582581844 0.004522909875959158 13
1747582587410 0.00439544627442956 14
1747582592927 0.004409956280142069 15
1747582598700 0.004321196582168341 16
1747582604530 0.004391589667648077 17
1747582610157 0.004213303793221712 18
1747582615472 0.004113201983273029 19
1747582621061 0.004034033045172691 20
1747582626307 0.004226173739880323 21
1747582631661 0.004047851078212261 22
1747582636789 0.003927404526621103 23
1747582642257 0.004060243722051382 24
1747582648020 0.003903602948412299 25
1747582653504 0.003933606203645468 26
1747582659197 0.003903220407664776 27
1747582664939 0.003951553255319595 28
1747582670787 0.0038406886160373688 29
1747582676214 0.003687673481181264 30
1747582681752 0.0038082627579569817 31
1747582687297 0.0036370621528476477 32
1747582692859 0.0036820946261286736 33
1747582698445 0.0036496163811534643 34
1747582704212 0.0035623484291136265 35
1747582709313 0.0035363025963306427 36
1747582714837 0.0034205594565719366 37
1747582720404 0.0035050460137426853 38
1747582726108 0.0035064835101366043 39
1747582731810 0.0034663325641304255 40
1747582737436 0.0035019617062062025 41
1747582743006 0.0033611925318837166 42
1747582748475 0.003404781920835376 43
1747582753930 0.00328482105396688 44
1747582759553 0.0032277104910463095 45
1747582765305 0.003293103538453579 46
1747582771006 0.0033929937053471804 47
1747582776784 0.003364972537383437 48
1747582782593 0.003262822050601244 49
