1747582509129 0.0879703832951379 0
1747582514773 0.00027971093885892974 1
1747582520099 0.0002479273488670231 2
1747582525844 0.0002326304643514999 3
1747582531560 0.00017066125289505156 4
1747582537163 0.00020589490723351087 5
1747582542988 0.00016916744759234005 6
1747582548714 0.00018120400057884548 7
1747582554282 0.00017248650591220095 8
1747582559574 0.0001750698142867938 9
1747582564828 0.00015456934953629622 10
1747582570425 0.0001422610284819271 11
1747582576201 0.00014428695633106372 12
1747582581845 0.00014195271248494985 13
1747582587411 0.0001306813743153527 14
1747582592928 0.00014143778566024946 15
1747582598701 0.00012516471649965882 16
1747582604530 0.00013018497950880277 17
1747582610158 0.00012886942815810537 18
1747582615473 0.00011955891898603714 19
1747582621062 0.00011989918433505183 20
1747582626308 0.00012073577516622556 21
1747582631662 0.00011674144762270492 22
1747582636790 0.00010985676977742033 23
1747582642258 0.00011704746496300503 24
1747582648021 0.00010508181419656644 25
1747582653505 0.00010668533866111811 26
1747582659198 0.00010230535639630973 27
1747582664940 0.00010910712369008538 28
1747582670788 9.35972428230238e-05 29
1747582676215 0.00010924573222778675 30
1747582681753 0.00010209165176466533 31
1747582687298 9.012070158102499e-05 32
1747582692860 9.501864509502044e-05 33
1747582698446 9.096669996811821e-05 34
1747582704213 9.03599618798361e-05 35
1747582709313 8.916318107759301e-05 36
1747582714838 0.00010000163124815673 37
1747582720405 8.532938083405888e-05 38
1747582726109 8.966406117323965e-05 39
1747582731811 8.930681219926279e-05 40
1747582737437 8.859484053553368e-05 41
1747582743007 8.492189766243146e-05 42
1747582748476 8.078522104477911e-05 43
1747582753932 9.167210701706306e-05 44
1747582759554 8.173289915877221e-05 45
1747582765306 8.510454691111602e-05 46
1747582771007 7.658366007738883e-05 47
1747582776785 7.911228706381861e-05 48
1747582782594 7.545876803813626e-05 49
