1747645650423 0.24778297453691658 0
1747645738556 0.2389111664887933 1
1747645827995 0.23842929970706725 2
1747645917306 0.2381267588017335 3
1747645972453 0.23814103071501588 4
1747645986841 0.23802877475526454 5
1747646001428 0.23783529402328507 6
1747646015605 0.23783383424899457 7
1747646029043 0.23785883135071112 8
1747646042791 0.23778583669431086 9
1747646056519 0.2377379460656974 10
1747646070543 0.23773507948902659 11
1747646085603 0.23767300077924883 12
1747646099322 0.23764702549451105 13
1747646113137 0.23760689200307125 14
1747646127203 0.23765769786661872 15
1747646141449 0.23758058852415262 16
1747646155683 0.23758821908275246 17
1747646169951 0.23755415657271733 18
1747646183993 0.23745147328223948 19
1747646197378 0.23741452711538763 20
1747646211412 0.2373905300924253 21
1747646225300 0.23730943760640985 22
1747646239304 0.2372247012033854 23
1747646253403 0.23725023100634718 24
1747646267345 0.2372225113217767 25
1747646281199 0.23718238208935613 26
1747646295381 0.2371888262865764 27
1747646309354 0.23714859759135057 28
1747646323589 0.2371121082497252 29
1747646337766 0.2371327919269408 30
1747646351844 0.23704117648259412 31
1747646365910 0.23708852694435342 32
1747646379685 0.23706801265065156 33
1747646393691 0.23716451450584045 34
1747646407943 0.23707595274940224 35
1747646421887 0.23705373958104062 36
1747646435852 0.23715491683866613 37
1747646449225 0.23702383146153042 38
1747646463324 0.2369196740352985 39
1747646477137 0.23698551201711135 40
1747646490831 0.236975951397442 41
1747646504781 0.23705714630905975 42
1747646518946 0.23696986467974918 43
1747646533007 0.2369567326527421 44
1747646547368 0.23688925892453142 45
1747646561621 0.23697388900309427 46
1747646575618 0.23700794323242125 47
1747646589583 0.236968189162185 48
1747646603423 0.2369500457971138 49
