1747645650422 0.9149025082588196 0
1747645738555 0.9151487946510315 1
1747645827994 0.9150432348251343 2
1747645917304 0.9151370525360107 3
1747645972452 0.9151644110679626 4
1747645986840 0.9151761531829834 5
1747646001427 0.9151604771614075 6
1747646015604 0.9152816534042358 7
1747646029042 0.9151331186294556 8
1747646042790 0.9152542948722839 9
1747646056518 0.9153090119361877 10
1747646070542 0.9153950214385986 11
1747646085602 0.9151995778083801 12
1747646099321 0.9153012037277222 13
1747646113136 0.9152347445487976 14
1747646127203 0.9154419302940369 15
1747646141448 0.9152738451957703 16
1747646155682 0.9153754711151123 17
1747646169950 0.915226936340332 18
1747646183992 0.9153832793235779 19
1747646197378 0.9151878356933594 20
1747646211412 0.9152151942253113 21
1747646225299 0.9152933955192566 22
1747646239304 0.9153246879577637 23
1747646253402 0.9151722192764282 24
1747646267344 0.9152464866638184 25
1747646281198 0.9153832793235779 26
1747646295380 0.9151566028594971 27
1747646309353 0.915285587310791 28
1747646323589 0.9151175022125244 29
1747646337765 0.9153051376342773 30
1747646351843 0.9151566028594971 31
1747646365910 0.9152504205703735 32
1747646379684 0.9152191281318665 33
1747646393690 0.9151526689529419 34
1747646407942 0.9151487946510315 35
1747646421887 0.9152542948722839 36
1747646435851 0.9152777791023254 37
1747646449224 0.9151370525360107 38
1747646463323 0.9153637290000916 39
1747646477136 0.9152504205703735 40
1747646490830 0.9152777791023254 41
1747646504779 0.9153168201446533 42
1747646518945 0.9151761531829834 43
1747646533006 0.9152894616127014 44
1747646547367 0.9152699112892151 45
1747646561620 0.9152308702468872 46
1747646575617 0.9151800274848938 47
1747646589582 0.915285587310791 48
1747646603423 0.9152308702468872 49
