1747752009019 0.2465157476911992 0
1747752027174 0.23968771811648687 1
1747752045474 0.23891732445749514 2
1747752063585 0.23830650088289324 3
1747752081694 0.23811891063514595 4
1747752099871 0.23801373337326562 5
1747752117804 0.23791933802256743 6
1747752136249 0.2375441322308279 7
1747752154570 0.23754256003612512 8
1747752172435 0.23737451416694788 9
1747752190692 0.2374038467368592 10
1747752208919 0.23752570205432136 11
1747752226839 0.23690058249168436 12
1747752245502 0.2369951969214498 13
1747752263819 0.2368419403773913 14
1747752281770 0.23677842925676867 15
1747752299949 0.23676074098849378 16
1747752318186 0.23677137479238594 17
1747752336408 0.23659958436473852 18
1747752354783 0.23672206138630358 19
1747752373241 0.236643391872404 20
1747752391338 0.23687020467457465 21
1747752409406 0.23641066473789907 22
1747752427726 0.23648021622916704 23
1747752445798 0.23639256288464247 24
1747752463849 0.23622986042073513 25
1747752481977 0.23623953191470867 26
1747752499928 0.23628627325833876 27
1747752518484 0.23626412371627076 28
1747752537064 0.23620525234801118 29
1747752555050 0.23601322562568586 30
1747752573291 0.2360505751721276 31
1747752591285 0.23590509339232568 32
1747752609496 0.2360566773135368 33
1747752627856 0.23590237771636755 34
1747752645822 0.2358845149763067 35
1747752664129 0.2359346036835662 36
1747752682447 0.2358049536982007 37
1747752700869 0.2357773021787276 38
1747752718976 0.23584365742477303 39
1747752737299 0.23582925659776063 40
1747752755685 0.23580413569244543 41
1747752773557 0.23582989307617847 42
1747752791839 0.23552219745855185 43
1747752809976 0.23564506146541933 44
1747752828148 0.235638720457555 45
1747752846503 0.23544813086554603 46
1747752864657 0.23552400621202096 47
1747752882848 0.23543393279283853 48
1747752901093 0.2353079690988752 49
