1747770671407 34.70499801635742 0
1747770671583 18.541536331176758 1
1747770671744 9.957199096679688 2
1747770671906 5.9184441566467285 3
1747770672070 3.6390538215637207 4
1747770672230 2.5142319202423096 5
1747770672396 2.0950543880462646 6
1747770672557 1.7770274877548218 7
1747770672720 1.5914701223373413 8
1747770672861 1.4309331178665161 9
1747770672970 1.3269147872924805 10
1747770673090 1.2436096668243408 11
1747770673212 1.1023266315460205 12
1747770673334 0.9843117594718933 13
1747770673456 0.8690115213394165 14
1747770673578 0.7727975845336914 15
1747770673697 0.7227494716644287 16
1747770673808 0.6554179191589355 17
1747770673920 0.6271573305130005 18
1747770674033 0.5811777710914612 19
1747770674147 0.563035249710083 20
1747770674263 0.5376743674278259 21
1747770674377 0.5261874794960022 22
1747770674492 0.5076247453689575 23
1747770674606 0.48732978105545044 24
1747770674719 0.47260531783103943 25
1747770674834 0.4638669788837433 26
1747770674949 0.46068817377090454 27
1747770675060 0.43865886330604553 28
1747770675175 0.46147817373275757 29
1747770675289 0.43154674768447876 30
1747770675402 0.4218280017375946 31
1747770675514 0.4184572696685791 32
1747770675627 0.405165433883667 33
1747770675740 0.40765586495399475 34
1747770675854 0.3962097465991974 35
1747770675967 0.38570436835289 36
1747770676082 0.3858431279659271 37
1747770676195 0.38831183314323425 38
1747770676309 0.3879069685935974 39
1747770676424 0.3689119815826416 40
1747770676547 0.3765798509120941 41
1747770676710 0.3787257969379425 42
1747770676873 0.36919933557510376 43
1747770677033 0.37833109498023987 44
1747770677194 0.399050772190094 45
1747770677358 0.389485627412796 46
1747770677525 0.36699673533439636 47
1747770677688 0.3703658878803253 48
1747770677852 0.3528817296028137 49
