1747624807293 0.1370045393705368 0
1747624817902 0.08344146609306335 1
1747624828752 0.06824883073568344 2
1747624839629 0.046988632529973984 3
1747624850466 0.03579133376479149 4
1747624861329 0.027314426377415657 5
1747624871861 0.02365039475262165 6
1747624882438 0.021503940224647522 7
1747624893630 0.021470293402671814 8
1747624904158 0.019727885723114014 9
1747624914426 0.019227785989642143 10
1747624924791 0.016584064811468124 11
1747624935008 0.015725474804639816 12
1747624945872 0.015407162718474865 13
1747624956949 0.01459090132266283 14
1747624967050 0.014825370162725449 15
1747624977900 0.01388187613338232 16
1747624988632 0.013773621991276741 17
1747624999352 0.01340307854115963 18
1747625010116 0.012715010903775692 19
1747625021209 0.012799556367099285 20
1747625032166 0.012324709445238113 21
1747625042905 0.012132943607866764 22
1747625053476 0.011933265253901482 23
1747625064413 0.011714057996869087 24
1747625075461 0.011178126558661461 25
1747625085917 0.011073984205722809 26
1747625096480 0.010850000195205212 27
1747625107192 0.009995929896831512 28
1747625118108 0.010378467850387096 29
1747625128718 0.010075431317090988 30
1747625138873 0.010886321775615215 31
1747625149500 0.010114353150129318 32
1747625160328 0.0101159131154418 33
1747625171150 0.010141156613826752 34
1747625181912 0.00993359088897705 35
1747625192306 0.009789923205971718 36
1747625202814 0.009854578413069248 37
1747625213806 0.009687373414635658 38
1747625224795 0.009528075344860554 39
1747625235356 0.009796557016670704 40
1747625246125 0.009788129478693008 41
1747625256969 0.009540856815874577 42
1747625267681 0.009310639463365078 43
1747625277940 0.008971137925982475 44
1747625288231 0.009027727879583836 45
1747625298771 0.008856923319399357 46
1747625309132 0.008834939450025558 47
1747625319675 0.00888913869857788 48
1747625330315 0.008791103959083557 49
