1747624807295 0.4005449398048529 0
1747624817904 0.0589857483194779 1
1747624828754 0.04037633966413128 2
1747624839630 0.019131808821616757 3
1747624850467 0.012741135512268305 4
1747624861331 0.007960094107246003 5
1747624871863 0.0065632085950609285 6
1747624882439 0.005668479505796575 7
1747624893632 0.005524734503317845 8
1747624904160 0.0042511117419952 9
1747624914428 0.003740473778929181 10
1747624924792 0.0027067392778839902 11
1747624935010 0.002839968732534979 12
1747624945873 0.002348586322487922 13
1747624956951 0.002119401687718828 14
1747624967051 0.0023287575215019418 15
1747624977901 0.0019342131640025433 16
1747624988634 0.001992145518587715 17
1747624999354 0.0020063817004099768 18
1747625010117 0.001623616389642881 19
1747625021211 0.001908920156294673 20
1747625032168 0.001602921796865545 21
1747625042907 0.0014362844282022468 22
1747625053478 0.0012686982868341365 23
1747625064414 0.0012882647140266925 24
1747625075462 0.0011426768321580833 25
1747625085919 0.0010606612590739397 26
1747625096481 0.0012069518745549815 27
1747625107193 0.0009116517843243332 28
1747625118110 0.0010603075302659476 29
1747625128720 0.0009412391097781061 30
1747625138874 0.001083388774853452 31
1747625149501 0.000872944500239285 32
1747625160329 0.0008934187440136193 33
1747625171151 0.0008713135180186171 34
1747625181914 0.000847542929287663 35
1747625192307 0.0008535715006004781 36
1747625202815 0.0008951344791972484 37
1747625213807 0.0008540486193156899 38
1747625224797 0.0008293752319727662 39
1747625235358 0.0008390051153749517 40
1747625246126 0.0008083247540820474 41
1747625256970 0.0008294137992173704 42
1747625267682 0.000791529345535634 43
1747625277942 0.0007381002998156291 44
1747625288233 0.0006929400528558305 45
1747625298773 0.0007554863836808665 46
1747625309133 0.0007447068738391874 47
1747625319676 0.0007734000180880794 48
1747625330316 0.0007516899341703678 49
