1747770136859 1.9346057455811967 0
1747770137144 1.816079707957402 1
1747770137421 1.6890804541153526 2
1747770137703 1.6381950004946186 3
1747770137977 1.6074559685208116 4
1747770138278 1.5340134859167285 5
1747770138593 1.3754446281489627 6
1747770138951 1.265766824862831 7
1747770139305 1.1913543100611863 8
1747770139668 1.1260627026197836 9
1747770140050 1.0456981361530922 10
1747770140397 0.957381996503436 11
1747770140734 0.8874979598278323 12
1747770141040 0.8074055969720125 13
1747770141312 0.7475736230544847 14
1747770141584 0.7042271409805999 15
1747770141875 0.6663942032274838 16
1747770142153 0.6375068152513578 17
1747770142422 0.5983839415248573 18
1747770142715 0.5674929035816111 19
1747770142983 0.5363097443631422 20
1747770143269 0.505997558387549 21
1747770143541 0.4815579647466513 22
1747770143837 0.4461390555691637 23
1747770144103 0.42542840663332715 24
1747770144375 0.3927795346985682 25
1747770144671 0.3604238550428695 26
1747770144993 0.3491435260970165 27
1747770145316 0.3250795672552978 28
1747770145646 0.3183844150326393 29
1747770146005 0.29813320660572323 30
1747770146350 0.29558479075865224 31
1747770146696 0.2841436991420846 32
1747770147026 0.27479333951957136 33
1747770147301 0.270398574291274 34
1747770147539 0.2635863263935255 35
1747770147802 0.25914784455443635 36
1747770148062 0.247782601844356 37
1747770148313 0.24640394123273063 38
1747770148580 0.24667647665324816 39
1747770148831 0.24211354765983045 40
1747770149078 0.23661337751609152 41
1747770149343 0.23576640028534454 42
1747770149596 0.23152395655555455 43
1747770149842 0.22708646418559653 44
1747770150100 0.22304627995553455 45
1747770150360 0.22516190173670564 46
1747770150609 0.2172659936289302 47
1747770150890 0.21149288191047694 48
1747770151204 0.21157328799690148 49
