1747604227021 0.2236437111147365 0
1747604235978 0.011253738893286704 1
1747604244504 0.003307877508795992 2
1747604253431 0.0022279052475850684 3
1747604262426 0.0017797161624036593 4
1747604270670 0.0016014470879307085 5
1747604279094 0.001387344713651412 6
1747604288661 0.0014235887442049192 7
1747604300610 0.0013208980073830248 8
1747604311011 0.001160607572141627 9
1747604319878 0.0012509496769929438 10
1747604328819 0.0009751969806323854 11
1747604338268 0.0009608600313508713 12
1747604346884 0.0009300769597985544 13
1747604356071 0.0009517020304199804 14
1747604364417 0.000983927057907601 15
1747604372445 0.0008388168138848085 16
1747604381280 0.000864659821215072 17
1747604389790 0.0007150217765432108 18
1747604398469 0.0007418475783064468 19
1747604406862 0.0006461446185879056 20
1747604415034 0.0007430039719106227 21
1747604423332 0.0005989270117181966 22
1747604432077 0.0006338801372338152 23
1747604440356 0.0006696643249329097 24
1747604449066 0.0006117941894134737 25
1747604457387 0.0005256948515787433 26
1747604465539 0.0005817599109691523 27
1747604474403 0.0005845084702492823 28
1747604482616 0.0005548003075574664 29
1747604491104 0.0005171806458614176 30
1747604499844 0.00048198256989848723 31
1747604508174 0.0004876770996309828 32
1747604516831 0.0004875804392109957 33
1747604525057 0.00047126565790943186 34
1747604533197 0.0004821928724991527 35
1747604541830 0.0004487420594569214 36
1747604550054 0.00041858969574081053 37
1747604557572 0.0005241236582395476 38
1747604565711 0.00044704247849282444 39
1747604573677 0.0003907719482604911 40
1747604582238 0.00043957939007565537 41
1747604590734 0.00040117671143283544 42
1747604598850 0.00038681735894443756 43
1747604607484 0.0003948436951085245 44
1747604615911 0.0003478561648453484 45
1747604624020 0.0003866502204656763 46
1747604633021 0.00038575344180898075 47
1747604641213 0.0003777866136793626 48
1747604649251 0.0003729506345072469 49
