1747604227020 0.09451178461313248 0
1747604235976 0.028381410986185074 1
1747604244503 0.017526140436530113 2
1747604253429 0.015125537291169167 3
1747604262425 0.013928750529885292 4
1747604270669 0.013231353834271431 5
1747604279093 0.012537618167698383 6
1747604288660 0.012678232043981552 7
1747604300608 0.011874462477862835 8
1747604311010 0.011807472445070744 9
1747604319877 0.01130650844424963 10
1747604328818 0.010777940042316914 11
1747604338267 0.010719572193920612 12
1747604346883 0.010442208498716354 13
1747604356070 0.010198966600000858 14
1747604364416 0.009988715872168541 15
1747604372443 0.010083146393299103 16
1747604381279 0.009511621668934822 17
1747604389789 0.00934609491378069 18
1747604398467 0.009335999377071857 19
1747604406860 0.009039364755153656 20
1747604415033 0.00908647757023573 21
1747604423330 0.008656911551952362 22
1747604432076 0.008155209012329578 23
1747604440355 0.008516887202858925 24
1747604449064 0.008281662128865719 25
1747604457386 0.008008191362023354 26
1747604465537 0.00823265966027975 27
1747604474403 0.007868084125220776 28
1747604482615 0.007424935232847929 29
1747604491103 0.007872345857322216 30
1747604499843 0.0078049045987427235 31
1747604508173 0.007664869539439678 32
1747604516830 0.007226693909615278 33
1747604525056 0.007278132252395153 34
1747604533196 0.007153844460844994 35
1747604541828 0.007435990497469902 36
1747604550053 0.007217156235128641 37
1747604557570 0.00738502386957407 38
1747604565710 0.007224166765809059 39
1747604573676 0.006734525319188833 40
1747604582237 0.006744095124304295 41
1747604590733 0.006745362654328346 42
1747604598850 0.006702569779008627 43
1747604607483 0.0067774271592497826 44
1747604615910 0.006446527782827616 45
1747604624019 0.006692829541862011 46
1747604633019 0.006313499994575977 47
1747604641211 0.0063105979934334755 48
1747604649250 0.00646378705278039 49
