1747770596520 41.54990768432617 0
1747770596680 23.651519775390625 1
1747770596842 16.715015411376953 2
1747770596999 12.562472343444824 3
1747770597159 9.328218460083008 4
1747770597317 7.487115859985352 5
1747770597475 6.110867023468018 6
1747770597641 4.443936347961426 7
1747770597798 2.789323091506958 8
1747770597958 2.1723577976226807 9
1747770598119 1.9929012060165405 10
1747770598276 1.8524610996246338 11
1747770598444 1.7218786478042603 12
1747770598598 1.6259019374847412 13
1747770598746 1.5052909851074219 14
1747770598896 1.4341953992843628 15
1747770599045 1.369538426399231 16
1747770599194 1.2987895011901855 17
1747770599344 1.2421711683273315 18
1747770599495 1.1707295179367065 19
1747770599724 1.1194113492965698 20
1747770599955 1.0637404918670654 21
1747770600177 1.0161337852478027 22
1747770600399 0.9714978337287903 23
1747770600628 0.933821976184845 24
1747770600856 0.8849381804466248 25
1747770601082 0.8429260849952698 26
1747770601302 0.7934445738792419 27
1747770601525 0.7501358389854431 28
1747770601753 0.7225209474563599 29
1747770601974 0.6975003480911255 30
1747770602123 0.640652596950531 31
1747770602281 0.6106564402580261 32
1747770602442 0.5762665867805481 33
1747770602621 0.5454100966453552 34
1747770602783 0.5096400380134583 35
1747770602943 0.49345076084136963 36
1747770603103 0.4684703052043915 37
1747770603272 0.4511198103427887 38
1747770603476 0.4295015037059784 39
1747770603646 0.4186279773712158 40
1747770603808 0.40056270360946655 41
1747770603975 0.38794535398483276 42
1747770604143 0.3769543170928955 43
1747770604308 0.36575546860694885 44
1747770604474 0.3580567240715027 45
1747770604639 0.36908039450645447 46
1747770604804 0.3477904200553894 47
1747770604956 0.34631118178367615 48
1747770605111 0.34148386120796204 49
