1743764852375 0.8737999796867371 0
1743764876965 0.9522833228111267 1
1743764901472 0.9635999798774719 2
1743764925741 0.9696333408355713 3
1743764950223 0.9750166535377502 4
1743764974902 0.9767000079154968 5
1743764999571 0.977816641330719 6
1743765024018 0.9811000227928162 7
1743765048452 0.9819166660308838 8
1743765095780 0.9833833575248718 9
1743765230944 0.9856333136558533 10
1743765365724 0.9850500226020813 11
1743765501091 0.9872666597366333 12
1743765636860 0.9876833558082581 13
1743765673031 0.9888499975204468 14
1743765697472 0.9896166920661926 15
1743765721979 0.9898999929428101 16
1743765746630 0.9897833466529846 17
1743765771174 0.9906833171844482 18
1743765795670 0.9915000200271606 19
1743765820439 0.9908833503723145 20
1743765845205 0.9928333163261414 21
1743765869918 0.9927499890327454 22
1743765894358 0.9921666383743286 23
1743765918839 0.9932500123977661 24
1743765943319 0.9926166534423828 25
1743765968037 0.9934333562850952 26
1743765992632 0.9925833344459534 27
1743766017391 0.9927666783332825 28
1743766041874 0.9944000244140625 29
1743766066379 0.9934333562850952 30
1743766091090 0.9937499761581421 31
1743766115995 0.9948499798774719 32
1743766140380 0.9936666488647461 33
1743766164876 0.9944499731063843 34
1743766189745 0.9944833517074585 35
1743766214431 0.9944666624069214 36
1743766238958 0.9941999912261963 37
1743766263281 0.9964666962623596 38
1743766287946 0.9937000274658203 39
1743766312386 0.9955000281333923 40
1743766336744 0.9954166412353516 41
1743766361186 0.994616687297821 42
1743766385576 0.9944166541099548 43
1743766410206 0.9973999857902527 44
1743766434688 0.994533360004425 45
1743766459219 0.9958999752998352 46
1743766483838 0.995283305644989 47
1743766508579 0.9955333471298218 48
1743766533032 0.9962166547775269 49
