1747688556907 0.9144569039344788 0
1747688572181 0.9150276184082031 1
1747688587768 0.915226936340332 2
1747688603446 0.9152699112892151 3
1747688618250 0.915168285369873 4
1747688633380 0.9150588512420654 5
1747688648905 0.9153246879577637 6
1747688664333 0.9151644110679626 7
1747688679052 0.9152973294258118 8
1747688694502 0.9154927134513855 9
1747688709985 0.9152542948722839 10
1747688725543 0.915183961391449 11
1747688740166 0.9152113199234009 12
1747688754878 0.9152113199234009 13
1747688770292 0.9152504205703735 14
1747688785022 0.9151761531829834 15
1747688800202 0.9154263138771057 16
1747688815586 0.915457546710968 17
1747688830930 0.9154067635536194 18
1747688846103 0.9154028296470642 19
1747688861399 0.9154458045959473 20
1747688876663 0.915414571762085 21
1747688892181 0.9154067635536194 22
1747688907574 0.9153794050216675 23
1747688922691 0.9155318140983582 24
1747688938492 0.9154653549194336 25
1747688953868 0.9156100153923035 26
1747688969542 0.9154614806175232 27
1747688985101 0.9154888391494751 28
1747689000594 0.9155044555664062 29
1747689015841 0.9154888391494751 30
1747689031146 0.9154692888259888 31
1747689046251 0.9155122637748718 32
1747689061131 0.9155396223068237 33
1747689076419 0.9156373739242554 34
1747689091315 0.9157272577285767 35
1747689106082 0.9157194495201111 36
1747689121458 0.9157585501670837 37
1747689136299 0.9155357480049133 38
1747689151075 0.915688157081604 39
1747689166486 0.9156216979026794 40
1747689181661 0.9157663583755493 41
1747689196613 0.9157155156135559 42
1747689211566 0.9158718585968018 43
1747689226396 0.9156998991966248 44
1747689241795 0.9156216979026794 45
1747689257224 0.9157702326774597 46
1747689272103 0.9155122637748718 47
1747689287598 0.9157702326774597 48
1747689303571 0.9157194495201111 49
