1747688556907 0.24736738650631246 0
1747688572182 0.23931328625613277 1
1747688587771 0.23847738377076877 2
1747688603446 0.2381998504803872 3
1747688618251 0.2377886533537854 4
1747688633381 0.23772189993871568 5
1747688648906 0.23771493257301887 6
1747688664334 0.23731698582133529 7
1747688679053 0.2372594959990975 8
1747688694503 0.2372572291963091 9
1747688709986 0.23703777771264825 10
1747688725543 0.2369518554808622 11
1747688740167 0.23692786466939256 12
1747688754878 0.23687768308342394 13
1747688770293 0.2367234431145719 14
1747688785023 0.23668575776719705 15
1747688800203 0.2366510237909027 16
1747688815587 0.23661945516491262 17
1747688830931 0.23652142792068626 18
1747688846104 0.23659017166989216 19
1747688861399 0.23642619295952086 20
1747688876663 0.23638929057082306 21
1747688892182 0.23631069826917053 22
1747688907574 0.23638079256272035 23
1747688922692 0.2362510764533606 24
1747688938493 0.23614943574510425 25
1747688953868 0.23620730478074822 26
1747688969543 0.236146077087676 27
1747688985101 0.23600804338856987 28
1747689000595 0.2359031204299522 29
1747689015841 0.23604637970263148 30
1747689031147 0.23596052265781808 31
1747689046252 0.23585682040163167 32
1747689061132 0.2357302671583297 33
1747689076419 0.23574205091048464 34
1747689091315 0.23573638521192541 35
1747689106083 0.23570219944456117 36
1747689121458 0.23565312530767019 37
1747689136301 0.23564170576695045 38
1747689151076 0.23561875413091432 39
1747689166487 0.23554130798848194 40
1747689181662 0.23547792982844631 41
1747689196614 0.2354170137034856 42
1747689211567 0.23528046346390946 43
1747689226397 0.2353376263190712 44
1747689241795 0.23525727320793058 45
1747689257224 0.23523551409556218 46
1747689272104 0.2352693186792743 47
1747689287599 0.2351737315369322 48
1747689303572 0.2351926594162732 49
