1743782884855 1.0688726495033096 0
1743782909930 0.3325349696850638 1
1743782934985 0.23847979096493613 2
1743782960331 0.19240201219164882 3
1743782985152 0.16494125874206056 4
1743783009958 0.14535713201118586 5
1743783035074 0.129639714426657 6
1743783059668 0.12069716659479438 7
1743783084548 0.11179687530086338 8
1743783109473 0.10093189453484211 9
1743783134196 0.09542812349022071 10
1743783159102 0.08942917421104077 11
1743783184239 0.08417371936555185 12
1743783209220 0.0771051141628738 13
1743783234499 0.07822947917299918 14
1743783259699 0.07106975879906975 15
1743783284692 0.06680892607823978 16
1743783309643 0.06727211155629456 17
1743783334816 0.06262244525976804 18
1743783359828 0.058690545042862446 19
1743783385104 0.05770289361142017 20
1743783410337 0.05534230282151061 21
1743783516465 0.05263619184660726 22
1743783686488 0.051070992538937425 23
1743783856411 0.04887149266886435 24
1743783885318 0.047714717179603 25
1743783910517 0.04555805413289841 26
1743783935766 0.047353568611238635 27
1743783961255 0.040596485187869916 28
1743783986372 0.042897129066011154 29
1743784011467 0.04025012106738142 30
1743784036728 0.04086607342638641 31
1743784061851 0.03826895094161111 32
1743784087356 0.037504765724344566 33
1743784112601 0.035952882396556696 34
1743784137730 0.03445511941207919 35
1743784162841 0.034731076771720375 36
1743784188006 0.035869040780584185 37
1743784213301 0.035033013129625847 38
1743784238663 0.03301720862094188 39
1743784263787 0.032868243708038175 40
1743784288969 0.029489063299495216 41
1743784314266 0.029412005020946194 42
1743784339613 0.029521890781448797 43
1743784364780 0.02881605182236859 44
1743784390094 0.027412126467897476 45
1743784415385 0.02755109937132196 46
1743784440640 0.02787094619814245 47
1743784465886 0.026023163655924136 48
1743784491082 0.0269580449673341 49
