1743782884854 0.6321166753768921 0
1743782909929 0.9053000211715698 1
1743782934984 0.9311000108718872 2
1743782960330 0.9440833330154419 3
1743782985151 0.9526500105857849 4
1743783009957 0.957883358001709 5
1743783035073 0.9621333479881287 6
1743783059667 0.9646499752998352 7
1743783084547 0.9661999940872192 8
1743783109472 0.9702000021934509 9
1743783134195 0.9718666672706604 10
1743783159101 0.9728666543960571 11
1743783184238 0.9742333292961121 12
1743783209219 0.9768333435058594 13
1743783234498 0.9754833579063416 14
1743783259698 0.9785333275794983 15
1743783284691 0.9795500040054321 16
1743783309642 0.979366660118103 17
1743783334815 0.9800000190734863 18
1743783359827 0.9810666441917419 19
1743783385103 0.9818333387374878 20
1743783410336 0.9833166599273682 21
1743783516464 0.9830833077430725 22
1743783686487 0.9835666418075562 23
1743783856410 0.9847166538238525 24
1743783885317 0.9846833348274231 25
1743783910516 0.985450029373169 26
1743783935765 0.9850666522979736 27
1743783961254 0.9870499968528748 28
1743783986371 0.986133337020874 29
1743784011466 0.9869833588600159 30
1743784036727 0.9872833490371704 31
1743784061850 0.9867833256721497 32
1743784087355 0.9877333045005798 33
1743784112600 0.98826664686203 34
1743784137729 0.988183319568634 35
1743784162840 0.9889833331108093 36
1743784188005 0.987933337688446 37
1743784213300 0.9887333512306213 38
1743784238662 0.9893666505813599 39
1743784263786 0.989133358001709 40
1743784288968 0.9905666708946228 41
1743784314265 0.9901333451271057 42
1743784339612 0.9907833337783813 43
1743784364779 0.9905999898910522 44
1743784390093 0.9911166429519653 45
1743784415384 0.9909999966621399 46
1743784440639 0.991266667842865 47
1743784465885 0.9914166927337646 48
1743784491081 0.991516649723053 49
