1743850154824 0.9504666924476624 0
1743850178883 0.9592333436012268 1
1743850202995 0.9621000289916992 2
1743850227243 0.9671833515167236 3
1743850251412 0.9683333039283752 4
1743850275739 0.9714499711990356 5
1743850299901 0.9741500020027161 6
1743850324020 0.9755666851997375 7
1743850347915 0.9776333570480347 8
1743850372034 0.978766679763794 9
1743850396196 0.9794999957084656 10
1743850420423 0.9804333448410034 11
1743850444534 0.9822999835014343 12
1743850468744 0.9836333394050598 13
1743850492790 0.9840499758720398 14
1743850516543 0.9837333559989929 15
1743850540227 0.9848833084106445 16
1743850563588 0.986133337020874 17
1743850587260 0.9864500164985657 18
1743850610625 0.987583339214325 19
1743850634393 0.9872166514396667 20
1743850658531 0.987933337688446 21
1743850682690 0.9881166815757751 22
1743850706749 0.988349974155426 23
1743850730927 0.9883666634559631 24
1743850754923 0.990066647529602 25
1743850778885 0.9895333051681519 26
1743850803068 0.9893333315849304 27
1743850827167 0.9906833171844482 28
1743850851297 0.989549994468689 29
1743850875481 0.9908666610717773 30
1743850899812 0.9909166693687439 31
1743850923868 0.9915000200271606 32
1743850948081 0.9917500019073486 33
1743850972150 0.992816686630249 34
1743850996437 0.991516649723053 35
1743851020444 0.9907500147819519 36
1743851044246 0.9926833510398865 37
1743851067997 0.9930833578109741 38
1743851091940 0.9926666617393494 39
1743851115907 0.9921666383743286 40
1743851139729 0.994533360004425 41
1743851163607 0.993066668510437 42
1743851187434 0.993399977684021 43
1743851211382 0.9939000010490417 44
1743851235059 0.9938666820526123 45
1743851259181 0.9931166768074036 46
1743851283136 0.9948999881744385 47
1743851307137 0.9936666488647461 48
1743851331227 0.9941166639328003 49
