1743850154825 0.21201972625337487 0
1743850178884 0.15987784491979942 1
1743850202997 0.14353095427641907 2
1743850227245 0.11896070291457735 3
1743850251413 0.11353177163979014 4
1743850275740 0.1012599853140544 5
1743850299902 0.09004900782764036 6
1743850324021 0.08450377224180101 7
1743850347916 0.07864129963179488 8
1743850372035 0.0743420561443572 9
1743850396197 0.06956318044841153 10
1743850420424 0.06590274239042065 11
1743850444535 0.05932953554839728 12
1743850468745 0.055129785405676715 13
1743850492791 0.05280655227944856 14
1743850516544 0.05408330879575088 15
1743850540228 0.049065792630034286 16
1743850563589 0.044924543277133244 17
1743850587261 0.04429195795472717 18
1743850610626 0.040449960764393174 19
1743850634394 0.041357801566313475 20
1743850658532 0.038532285685369955 21
1743850682691 0.03754104896805485 22
1743850706750 0.03769347794415466 23
1743850730929 0.03724296778042319 24
1743850754924 0.03234656768659257 25
1743850778886 0.03322381690153666 26
1743850803069 0.031535256313709285 27
1743850827168 0.02905444646732843 28
1743850851298 0.03253687231560108 29
1743850875482 0.027910353580823766 30
1743850899813 0.02785353275893639 31
1743850923869 0.026620320654474946 32
1743850948082 0.026056362459466593 33
1743850972151 0.02269937267059561 34
1743850996438 0.02642862119348228 35
1743851020445 0.02748435105334568 36
1743851044247 0.023280063565820783 37
1743851067998 0.020838340362033206 38
1743851091941 0.022888326087718822 39
1743851115908 0.023336998880691014 40
1743851139730 0.01723442080472237 41
1743851163608 0.021505173278805367 42
1743851187435 0.0200364831727656 43
1743851211382 0.018757636530341917 44
1743851235060 0.01813090087795694 45
1743851259182 0.020257124079774067 46
1743851283137 0.016120452221828032 47
1743851307138 0.019791577509667622 48
1743851331228 0.01700026169482032 49
