1747770345434 nan 0
1747770345573 nan 1
1747770345711 nan 2
1747770345850 nan 3
1747770345992 nan 4
1747770346139 nan 5
1747770346287 nan 6
1747770346437 nan 7
1747770346583 nan 8
1747770346731 nan 9
1747770346880 nan 10
1747770347028 nan 11
1747770347176 nan 12
1747770347361 nan 13
1747770347573 nan 14
1747770347785 nan 15
1747770348049 nan 16
1747770348262 nan 17
1747770348477 nan 18
1747770348696 nan 19
1747770348913 nan 20
1747770349130 nan 21
1747770349349 nan 22
1747770349564 nan 23
1747770349767 nan 24
1747770349906 nan 25
1747770350053 nan 26
1747770350207 nan 27
1747770350366 nan 28
1747770350520 nan 29
1747770350676 nan 30
1747770350835 nan 31
1747770350990 nan 32
1747770351142 nan 33
1747770351292 nan 34
1747770351456 nan 35
1747770351590 nan 36
1747770351732 nan 37
1747770351873 nan 38
1747770352014 nan 39
1747770352158 nan 40
1747770352309 nan 41
1747770352476 nan 42
1747770352633 nan 43
1747770352783 nan 44
1747770352934 nan 45
1747770353087 nan 46
1747770353240 nan 47
1747770353408 nan 48
1747770353606 nan 49
