1747771230731 10.188048362731934 0
1747771230901 7.768479347229004 1
1747771231115 4.935254096984863 2
1747771231338 3.0799193382263184 3
1747771231558 2.3048229217529297 4
1747771231777 1.8778420686721802 5
1747771231996 1.6044644117355347 6
1747771232216 1.456563115119934 7
1747771232433 1.3945786952972412 8
1747771232652 1.3548431396484375 9
1747771232870 1.2968111038208008 10
1747771233089 1.288293480873108 11
1747771233308 1.154751181602478 12
1747771233493 1.0853606462478638 13
1747771233648 1.0437289476394653 14
1747771233804 0.9594361186027527 15
1747771233949 0.8748151659965515 16
1747771234101 0.8320800065994263 17
1747771234251 0.7405335307121277 18
1747771234406 0.6538321375846863 19
1747771234557 0.6966988444328308 20
1747771234709 0.6604759097099304 21
1747771234860 0.6584171056747437 22
1747771235014 0.8220164775848389 23
1747771235164 0.6698377132415771 24
1747771235319 0.729394793510437 25
1747771235470 0.7557773590087891 26
1747771235627 0.593019425868988 27
1747771235778 0.49706029891967773 28
1747771235936 0.6312445998191833 29
1747771236095 0.5989475250244141 30
1747771236259 0.8069721460342407 31
1747771236420 0.6464229226112366 32
1747771236583 0.5498837828636169 33
1747771236743 0.596314013004303 34
1747771236906 0.6504863500595093 35
1747771237084 0.6114307641983032 36
1747771237292 0.5445147156715393 37
1747771237513 0.505222737789154 38
1747771237737 0.5217396020889282 39
1747771237958 0.5345233678817749 40
1747771238182 0.6509395837783813 41
1747771238404 0.6480293273925781 42
1747771238623 0.4580003619194031 43
1747771238847 0.6648868918418884 44
1747771239072 0.5490179061889648 45
1747771239300 0.9254966974258423 46
1747771239526 0.5792964100837708 47
1747771239709 0.4733193516731262 48
1747771239867 0.6047303676605225 49
