1747568403884 0.4769324064254761 0
1747568409322 0.18487930297851562 1
1747568415174 0.17135411500930786 2
1747568420767 0.16834768652915955 3
1747568426462 0.1679305136203766 4
1747568432160 0.16778039932250977 5
1747568437833 0.1677863597869873 6
1747568443319 0.1524806022644043 7
1747568448636 0.12145158648490906 8
1747568453581 0.1137123554944992 9
1747568459084 0.1131860539317131 10
1747568464669 0.11447877436876297 11
1747568470243 0.11465231329202652 12
1747568475777 0.11482223123311996 13
1747568481361 0.11437945812940598 14
1747568486741 0.11393240094184875 15
1747568492037 0.11350474506616592 16
1747568497309 0.11352777481079102 17
1747568502686 0.11334419995546341 18
1747568507993 0.11389363557100296 19
1747568513525 0.11360941082239151 20
1747568518726 0.11391124874353409 21
1747568523965 0.11390962451696396 22
1747568529613 0.11440878361463547 23
1747568535034 0.11397980898618698 24
1747568540475 0.1143546774983406 25
1747568545466 0.11453208327293396 26
1747568550354 0.11453099548816681 27
1747568555736 0.1147056594491005 28
1747568561249 0.1145901307463646 29
1747568566779 0.11475642770528793 30
1747568572440 0.1148010641336441 31
1747568577940 0.11484625935554504 32
1747568583624 0.11492263525724411 33
1747568589003 0.11500831693410873 34
1747568593916 0.11507117003202438 35
1747568598664 0.11507624387741089 36
1747568604308 0.11509696394205093 37
1747568609958 0.11510585993528366 38
1747568615664 0.115125373005867 39
1747568621298 0.1151222288608551 40
1747568626301 0.11508287489414215 41
1747568631581 0.11517514288425446 42
1747568636765 0.11522599309682846 43
1747568641712 0.1151873767375946 44
1747568647015 0.11518819630146027 45
1747568652419 0.11531642079353333 46
1747568657868 0.11530912667512894 47
1747568663347 0.11539566516876221 48
1747568668817 0.11534538120031357 49
