1747770025423 0.03579545393586159 0
1747770025767 0.03011363558471203 1
1747770026048 0.06875000149011612 2
1747770026355 0.103977270424366 3
1747770026719 0.1715909093618393 4
1747770026950 0.24715909361839294 5
1747770027255 0.28352272510528564 6
1747770027621 0.32613635063171387 7
1747770028096 0.3704545497894287 8
1747770028604 0.42500001192092896 9
1747770028904 0.4886363744735718 10
1747770029177 0.53125 11
1747770029450 0.5471590757369995 12
1747770029673 0.5693181753158569 13
1747770029923 0.5721591114997864 14
1747770030140 0.574999988079071 15
1747770030462 0.5880681872367859 16
1747770030753 0.59375 17
1747770031015 0.6210227012634277 18
1747770031308 0.6454545259475708 19
1747770031649 0.6568182110786438 20
1747770031943 0.6545454263687134 21
1747770032231 0.6613636612892151 22
1747770032512 0.6715909242630005 23
1747770032814 0.6812499761581421 24
1747770033128 0.6818181872367859 25
1747770033308 0.6875 26
1747770033509 0.6823863387107849 27
1747770033769 0.6892045736312866 28
1747770033967 0.7096590995788574 29
1747770034180 0.706250011920929 30
1747770034404 0.7215909361839294 31
1747770034592 0.731249988079071 32
1747770034793 0.7289772629737854 33
1747770035027 0.731249988079071 34
1747770035229 0.7397727370262146 35
1747770035469 0.7494317889213562 36
1747770035728 0.7437499761581421 37
1747770035956 0.7482954263687134 38
1747770036180 0.7505682110786438 39
1747770036411 0.7573863863945007 40
1747770036602 0.7460227012634277 41
1747770036818 0.7590909004211426 42
1747770037101 0.761931836605072 43
1747770037365 0.7630681991577148 44
1747770037647 0.7647727131843567 45
1747770037912 0.7613636255264282 46
1747770038201 0.7681818008422852 47
1747770038526 0.7721590995788574 48
1747770038873 0.793181836605072 49
