1743825395145 0.4049734851564961 0
1743825421456 0.16549053573496264 1
1743825447632 0.12593354943047844 2
1743825473828 0.10312151098117665 3
1743825499911 0.09034296912736943 4
1743825525864 0.07974444247060458 5
1743825551751 0.07122892326031478 6
1743825577881 0.06406609045307723 7
1743825603678 0.05927722015051233 8
1743825629469 0.05405786852212236 9
1743825655494 0.05005983985563422 10
1743825681606 0.042614207461532785 11
1743825707635 0.045153179826503985 12
1743825733839 0.04193401144236435 13
1743825760008 0.03726194066640413 14
1743825786305 0.036449049487423356 15
1743825812412 0.036273105726272833 16
1743825838099 0.03342681993058273 17
1743825864181 0.030662925698802555 18
1743825890211 0.031266719002199204 19
1743825916288 0.038061803683114626 20
1743825942355 0.028240942075661347 21
1743825968697 0.02404396151070824 22
1743825994819 0.02889712096007481 23
1743826020545 0.02661236341564249 24
1743826046478 0.02236692634259273 25
1743826072501 0.026686228461360702 26
1743826098792 0.024854207358423374 27
1743826125007 0.01857451337734831 28
1743826151241 0.03253931397792607 29
1743826177491 0.02088549021025159 30
1743826203648 0.02090617640069279 31
1743826229798 0.020481905038727332 32
1743826255731 0.021768608286902694 33
1743826281816 0.02109583986671096 34
1743826308029 0.01839357938787149 35
1743826334235 0.020300587443505238 36
1743826360415 0.023866331676084054 37
1743826386423 0.014786576916509421 38
1743826412695 0.018851309360724783 39
1743826438908 0.018705972845418625 40
1743826465222 0.018241819134419038 41
1743826491399 0.02158870200996867 42
1743826517379 0.01586520114258747 43
1743826543540 0.014598985337688632 44
1743826569775 0.021942376145909596 45
1743826595981 0.015501374546895616 46
1743826622092 0.013860944893519458 47
1743826647943 0.012591081917007117 48
1743826673975 0.01410449959199196 49
