1743825395143 0.8697500228881836 0
1743825421455 0.9508666396141052 1
1743825447631 0.9623666405677795 2
1743825473827 0.9700166583061218 3
1743825499910 0.9728166460990906 4
1743825525863 0.9766666889190674 5
1743825551749 0.9785166382789612 6
1743825577880 0.9810333251953125 7
1743825603676 0.9818500280380249 8
1743825629467 0.9834833145141602 9
1743825655493 0.984333336353302 10
1743825681605 0.9864166378974915 11
1743825707634 0.9868000149726868 12
1743825733838 0.9879666566848755 13
1743825760007 0.9884333610534668 14
1743825786303 0.9892500042915344 15
1743825812411 0.9885666370391846 16
1743825838098 0.9901666641235352 17
1743825864179 0.9909666776657104 18
1743825890210 0.9905666708946228 19
1743825916287 0.9894499778747559 20
1743825942353 0.9918500185012817 21
1743825968696 0.9937833547592163 22
1743825994818 0.9917333126068115 23
1743826020544 0.9920666813850403 24
1743826046477 0.9937833547592163 25
1743826072499 0.9919166564941406 26
1743826098790 0.9930999875068665 27
1743826125006 0.9943666458129883 28
1743826151240 0.9908499717712402 29
1743826177490 0.9939333200454712 30
1743826203646 0.9943000078201294 31
1743826229796 0.9937499761581421 32
1743826255730 0.9941333532333374 33
1743826281814 0.994533360004425 34
1743826308028 0.9949833154678345 35
1743826334233 0.9944833517074585 36
1743826360414 0.9933000206947327 37
1743826386422 0.9959333539009094 38
1743826412694 0.9950166940689087 39
1743826438907 0.9948999881744385 40
1743826465220 0.9952333569526672 41
1743826491397 0.9947500228881836 42
1743826517377 0.9955666661262512 43
1743826543539 0.9956499934196472 44
1743826569774 0.9942333102226257 45
1743826595980 0.9958999752998352 46
1743826622090 0.996566653251648 47
1743826647941 0.9964666962623596 48
1743826673973 0.9962833523750305 49
