1747721581593 0.2487392472140009 0
1747721597821 0.24233858444091688 1
1747721613673 0.24021789566751447 2
1747721630103 0.2390890469825215 3
1747721646708 0.23854877235501173 4
1747721661979 0.238277432076686 5
1747721677701 0.23823585688173884 6
1747721694068 0.23805118493000219 7
1747721710396 0.2378892042443036 8
1747721726816 0.2378527039907534 9
1747721742644 0.2377915570255945 10
1747721759556 0.2377984324421609 11
1747721775687 0.2376063503135309 12
1747721791187 0.23755938895645418 13
1747721807823 0.23756026745441428 14
1747721823642 0.23751374912663334 15
1747721839510 0.23745242275927717 16
1747721854872 0.2373113919131023 17
1747721870050 0.23727024046987694 18
1747721886282 0.23722222545664445 19
1747721903166 0.23719367789121037 20
1747721918439 0.237171007891244 21
1747721934399 0.23712373543959758 22
1747721950785 0.2370582557066086 23
1747721966728 0.23706183697365052 24
1747721982012 0.23707210919876662 25
1747721997410 0.23696663952499356 26
1747722013468 0.2370181260288497 27
1747722029769 0.2368880273101921 28
1747722046054 0.23692459526984738 29
1747722063145 0.23691122414700824 30
1747722079020 0.23684452434991543 31
1747722095257 0.23687058479065365 32
1747722111822 0.23684141070527923 33
1747722127321 0.23683139578435705 34
1747722143579 0.23670552740050024 35
1747722160250 0.23680408920860493 36
1747722176549 0.23665841735215087 37
1747722192963 0.2367294442944999 38
1747722209263 0.2367394574035928 39
1747722225723 0.23673625162117856 40
1747722241766 0.2366614766781468 41
1747722257813 0.23672845470105142 42
1747722274142 0.23664915385411384 43
1747722290620 0.2365454214988196 44
1747722306991 0.2366537084394393 45
1747722323767 0.2365829871814718 46
1747722340448 0.23656293500996856 47
1747722356875 0.23652943094592627 48
1747722373593 0.23649929973468034 49
