1743970622425 0.8251833319664001 0
1743970700247 0.9498166441917419 1
1743970779265 0.9620833396911621 2
1743970857385 0.9685666561126709 3
1743970937879 0.9733499884605408 4
1743971013736 0.9758333563804626 5
1743971093348 0.9781000018119812 6
1743971171721 0.9813666939735413 7
1743971260184 0.9823333621025085 8
1743971335872 0.9836666584014893 9
1743971416012 0.9858166575431824 10
1743971497470 0.9864000082015991 11
1743971573687 0.9872166514396667 12
1743971663155 0.9883666634559631 13
1743971745376 0.9883999824523926 14
1743971822876 0.9888333082199097 15
1743971848812 0.9894166588783264 16
1743971873845 0.991266667842865 17
1743971899043 0.9904333353042603 18
1743971924206 0.9915500283241272 19
1743971949395 0.9918833374977112 20
1743971974467 0.9914500117301941 21
1743972020406 0.9929166436195374 22
1743972090085 0.9925833344459534 23
1743972167327 0.9921833276748657 24
1743972239647 0.9935333132743835 25
1743972316700 0.992816686630249 26
1743972394386 0.9929333329200745 27
1743972463841 0.9942666888237 28
1743972550346 0.9937000274658203 29
1743972629193 0.9938333630561829 30
1743972708778 0.9942166805267334 31
1743972791760 0.9944333434104919 32
1743972864571 0.9932833313941956 33
1743972940318 0.9944666624069214 34
1743973020455 0.9955499768257141 35
1743973102880 0.9955999851226807 36
1743973184046 0.9944166541099548 37
1743973267703 0.9952499866485596 38
1743973347793 0.9966333508491516 39
1743973424486 0.9948499798774719 40
1743973497297 0.995033323764801 41
1743973561988 0.996399998664856 42
1743973658666 0.9950500130653381 43
1743973755202 0.9949666857719421 44
1743973849002 0.9969499707221985 45
1743973921725 0.996233344078064 46
1743974003936 0.9957666397094727 47
1743974080317 0.996150016784668 48
1743974164754 0.996399998664856 49
