1743970622426 0.537882946258482 0
1743970700249 0.16770487931166636 1
1743970779267 0.1256804208064459 2
1743970857386 0.1047813370877295 3
1743970937881 0.08812024446979083 4
1743971013738 0.07789923673573551 5
1743971093350 0.07066479096226194 6
1743971171723 0.06022775486291218 7
1743971260186 0.055074185652222 8
1743971335874 0.052188424960815195 9
1743971416013 0.04645177759975653 10
1743971497471 0.042744238524733844 11
1743971573688 0.04079446933775346 12
1743971663157 0.03671533873018148 13
1743971745378 0.037045391070606386 14
1743971822878 0.034281253449569275 15
1743971848814 0.033679006359529855 16
1743971873846 0.02737381682279952 17
1743971899045 0.030354591057596702 18
1743971924208 0.026696384393511997 19
1743971949397 0.025983190083880642 20
1743971974468 0.0274436058055221 21
1743972020408 0.022767327248102796 22
1743972090086 0.023311255918265036 23
1743972167328 0.024889699234938462 24
1743972239649 0.02069837279492108 25
1743972316701 0.022893096676100504 26
1743972394387 0.022841177603078595 27
1743972463842 0.019774437935644085 28
1743972550347 0.020990861417028286 29
1743972629194 0.01964132090345761 30
1743972708780 0.019784304276930533 31
1743972791762 0.01796268332374643 32
1743972864573 0.02087006551077573 33
1743972940319 0.01849706792314127 34
1743973020457 0.01470396640067202 35
1743973102881 0.014485168293633294 36
1743973184048 0.018507524208675675 37
1743973267705 0.01652774480567572 38
1743973347795 0.012414019547043563 39
1743973424488 0.01834662593878648 40
1743973497299 0.01735340940630531 41
1743973561990 0.012828143150064763 42
1743973658667 0.017230813483216145 43
1743973755203 0.01757641920529815 44
1743973849004 0.01065332956002502 45
1743973921726 0.012699715017407865 46
1743974003938 0.014926106825926372 47
1743974080318 0.011948026264310584 48
1743974164756 0.013059488576665623 49
