1743782250063 0.30064945376579405 0
1743782273398 0.2665914908205275 1
1743782297105 0.26649860860527186 2
1743782320747 0.26644107918027377 3
1743782344337 0.2663574787637323 4
1743782368077 0.25493902823076875 5
1743782391582 0.23093417308396616 6
1743782415247 0.2190871471088158 7
1743782438720 0.20915433286227464 8
1743782462441 0.20301875473006345 9
1743782486865 0.1978204650372154 10
1743782511027 0.19310442624309357 11
1743782534821 0.18902222609877456 12
1743782558565 0.18550744715774672 13
1743782582925 0.1815920623577818 14
1743782607314 0.17817797900450152 15
1743782631378 0.17520347580151838 16
1743782655520 0.17224746228692922 17
1743782679758 0.1692628495070892 18
1743782703809 0.16692572144168258 19
1743782727872 0.16479056820818977 20
1743782751949 0.16250446072433158 21
1743782776038 0.16065069877322358 22
1743782800164 0.15923862006708978 23
1743782824296 0.15752372324257596 24
1743782848289 0.156010795832104 25
1743782872291 0.15458369159126792 26
1743782895697 0.1531046030152304 27
1743782919165 0.15192019443807153 28
1743782942793 0.15048329531094634 29
1743782966616 0.14932312837374964 30
1743782990339 0.14797483587749227 31
1743783013981 0.14692858845668563 32
1743783037549 0.14572038580877147 33
1743783061426 0.1445464558511433 34
1743783085091 0.14367599738786074 35
1743783108662 0.14292939330855559 36
1743783132221 0.14182348410197937 37
1743783155617 0.1409372493325969 38
1743783179452 0.14008319097951624 39
1743783203102 0.13929074192314186 40
1743783226772 0.13838225857866684 41
1743783250398 0.1379139058498318 42
1743783273920 0.13704947200344156 43
1743783297266 0.13635889385756042 44
1743783320857 0.13545146935454128 45
1743783344411 0.13481968029783037 46
1743783367896 0.1341488421293248 47
1743783391529 0.13337471700018638 48
1743783414962 0.1328633904675743 49
