1743952358193 0.8524333238601685 0
1743952383428 0.9527833461761475 1
1743952408514 0.9633333086967468 2
1743952433830 0.9688166379928589 3
1743952459551 0.9733333587646484 4
1743952484872 0.9763666391372681 5
1743952510883 0.9792500138282776 6
1743952536834 0.9820166826248169 7
1743952562620 0.9825166463851929 8
1743952588053 0.9839666485786438 9
1743952613999 0.9856333136558533 10
1743952640034 0.9863333106040955 11
1743952666021 0.9882000088691711 12
1743952691757 0.9872833490371704 13
1743952717742 0.9890166521072388 14
1743952742937 0.9885166883468628 15
1743952768264 0.9901666641235352 16
1743952793523 0.9908000230789185 17
1743952818882 0.9905499815940857 18
1743952844230 0.9913166761398315 19
1743952869858 0.9921166896820068 20
1743952894933 0.991683304309845 21
1743952920344 0.9928833246231079 22
1743952945337 0.9935666918754578 23
1743952970443 0.9922000169754028 24
1743952995720 0.9936166405677795 25
1743953021095 0.9936166405677795 26
1743953046540 0.9931833148002625 27
1743953071995 0.9944166541099548 28
1743953097166 0.9929166436195374 29
1743953122406 0.9944499731063843 30
1743953147763 0.9948833584785461 31
1743953172828 0.9945999979972839 32
1743953198202 0.9960333108901978 33
1743953223469 0.9939500093460083 34
1743953249114 0.9943333268165588 35
1743953274140 0.9949333071708679 36
1743953299366 0.9948499798774719 37
1743953324449 0.9954166412353516 38
1743953349959 0.9953833222389221 39
1743953375098 0.9957833290100098 40
1743953400278 0.9951833486557007 41
1743953425813 0.9959999918937683 42
1743953451063 0.9948999881744385 43
1743953475904 0.9968166947364807 44
1743953500941 0.9962499737739563 45
1743953525915 0.9958666563034058 46
1743953551074 0.9952499866485596 47
1743953576078 0.9964666962623596 48
1743953601228 0.9963833093643188 49
