1743709874822 0.4847153127193451 0
1743709896167 0.2992067039012909 1
1743709917514 0.27791234850883484 2
1743709938981 0.26415571570396423 3
1743709960220 0.25505557656288147 4
1743709981615 0.24844655394554138 5
1743710002779 0.2442382276058197 6
1743710023970 0.24132168292999268 7
1743710045188 0.23903897404670715 8
1743710066574 0.23692969977855682 9
1743710087799 0.23531034588813782 10
1743710109105 0.2339375913143158 11
1743710130326 0.23266492784023285 12
1743710151488 0.23150651156902313 13
1743710172885 0.23029649257659912 14
1743710194237 0.22906707227230072 15
1743710215627 0.22808332741260529 16
1743710236745 0.2268572747707367 17
1743710258079 0.22573700547218323 18
1743710279564 0.2245182991027832 19
1743710301003 0.2231021523475647 20
1743710322321 0.22184129059314728 21
1743710343694 0.22055338323116302 22
1743710365086 0.21918700635433197 23
1743710386371 0.21795378625392914 24
1743710407694 0.21651329100131989 25
1743710428964 0.21548078954219818 26
1743710450086 0.21446052193641663 27
1743710471372 0.21347302198410034 28
1743710492565 0.21261222660541534 29
1743710513781 0.21169978380203247 30
1743710535169 0.2110731452703476 31
1743710556473 0.21047794818878174 32
1743710577925 0.20996388792991638 33
1743710599306 0.20941944420337677 34
1743710620557 0.20902957022190094 35
1743710641920 0.2084631621837616 36
1743710662988 0.2081439048051834 37
1743710684241 0.20784050226211548 38
1743710705442 0.20732161402702332 39
1743710726716 0.20684443414211273 40
1743710747835 0.20660226047039032 41
1743710769239 0.2060951590538025 42
1743710790664 0.20580610632896423 43
1743710811980 0.2054406851530075 44
1743710833263 0.20504838228225708 45
1743710854389 0.20473061501979828 46
1743710875683 0.2045196145772934 47
1743710896853 0.20413358509540558 48
1743710918063 0.20381000638008118 49
