1747770895041 4669.24152038649 0
1747770895236 4584.725862248261 1
1747770895438 4200.579576144426 2
1747770895646 3105.0929922543983 3
1747770895862 1956.2222096273804 4
1747770896020 1316.9906233391214 5
1747770896182 1035.3574491284166 6
1747770896343 947.5080170265312 7
1747770896507 932.6795943250654 8
1747770896717 928.9609386359178 9
1747770896949 926.403966460381 10
1747770897165 920.9154732858635 11
1747770897388 917.1607841894014 12
1747770897606 923.297722819777 13
1747770897825 923.7961945536961 14
1747770898041 925.3388707258453 15
1747770898258 918.0505727517195 16
1747770898477 923.9429388413671 17
1747770898722 918.1870285383322 18
1747770898948 916.4397568926275 19
1747770899119 921.8279438943903 20
1747770899261 920.3032178474817 21
1747770899416 917.118430719058 22
1747770899582 927.6935630371219 23
1747770899750 918.1096346916449 24
1747770899923 921.2181381500519 25
1747770900086 916.5272819451078 26
1747770900256 920.2818232312189 27
1747770900422 917.8474064310547 28
1747770900586 920.8266056013268 29
1747770900754 915.4791094282639 30
1747770900917 911.3032129788925 31
1747770901088 911.8510735237338 32
1747770901251 913.028543257012 33
1747770901419 912.3162139134139 34
1747770901583 895.1333774596171 35
1747770901748 847.3856988716568 36
1747770901912 788.0529236316297 37
1747770902072 703.7449091155614 38
1747770902241 563.5318514243536 39
1747770902405 467.65935534377724 40
1747770902568 436.51295666790685 41
1747770902733 428.5988264482198 42
1747770902953 421.53452532560544 43
1747770903177 418.5093113910843 44
1747770903403 417.5436306042157 45
1747770903629 417.9248185838456 46
1747770903855 418.65317446883955 47
1747770904085 415.3642550559508 48
1747770904310 417.4454929170742 49
