1747771209295 18.707275390625 0
1747771209506 10.196587562561035 1
1747771209721 8.024295806884766 2
1747771209881 4.944618225097656 3
1747771210027 3.3847010135650635 4
1747771210173 2.44529390335083 5
1747771210320 1.8909516334533691 6
1747771210467 1.6413518190383911 7
1747771210662 1.5093588829040527 8
1747771210810 1.3716026544570923 9
1747771210960 1.2930421829223633 10
1747771211115 1.3004975318908691 11
1747771211415 1.2067067623138428 12
1747771211707 1.158786416053772 13
1747771211985 1.123226523399353 14
1747771212289 1.0732065439224243 15
1747771212570 1.1074721813201904 16
1747771212825 1.0320327281951904 17
1747771213088 0.9430469274520874 18
1747771213353 0.9030766487121582 19
1747771213632 0.8408228754997253 20
1747771213914 0.7839694619178772 21
1747771214204 0.755164384841919 22
1747771214485 0.6769484281539917 23
1747771214770 0.6537055969238281 24
1747771215025 0.6343609094619751 25
1747771215300 0.601947546005249 26
1747771215594 0.7046170830726624 27
1747771215884 0.5921679735183716 28
1747771216173 0.5999215245246887 29
1747771216438 0.5240650177001953 30
1747771216697 0.5677831768989563 31
1747771216971 0.49352455139160156 32
1747771217242 0.5785617828369141 33
1747771217500 0.6560496091842651 34
1747771217772 0.665712833404541 35
1747771218047 0.5768871903419495 36
1747771218317 0.5934013724327087 37
1747771218600 0.5678447484970093 38
1747771218890 0.5336784720420837 39
1747771219175 0.5135449171066284 40
1747771219483 0.5632157921791077 41
1747771219800 0.5918785333633423 42
1747771220080 0.4895344376564026 43
1747771220374 0.5307654738426208 44
1747771220665 1.2669967412948608 45
1747771220958 1.2318015098571777 46
1747771221111 0.5194621682167053 47
1747771221260 0.5149413347244263 48
1747771221416 0.4675959348678589 49
