1747771209297 701.609456962489 0
1747771209508 185.21106676730818 1
1747771209723 120.04018474848341 2
1747771209883 49.59965954735189 3
1747771210029 22.74638251714663 4
1747771210175 11.779629823491906 5
1747771210322 7.681664577761367 6
1747771210469 6.2998126761138815 7
1747771210664 5.668254757637794 8
1747771210811 5.209439414450482 9
1747771210962 4.798286088761616 10
1747771211117 4.572345061449874 11
1747771211417 4.172187965986799 12
1747771211709 3.891472436767956 13
1747771211988 3.572357028897467 14
1747771212292 3.2862319107013747 15
1747771212572 3.146406062696824 16
1747771212827 2.583546230908057 17
1747771213089 2.096570107307141 18
1747771213355 1.6796919072706662 19
1747771213634 1.3759528209804486 20
1747771213916 1.1198254283571818 21
1747771214206 0.9974400244770031 22
1747771214487 0.8005406085851702 23
1747771214771 0.7419925023717685 24
1747771215027 0.689028536596519 25
1747771215302 0.6324328386436008 26
1747771215597 0.8452178445147764 27
1747771215886 0.6066618185786149 28
1747771216175 0.6044349651127824 29
1747771216439 0.4796950436535087 30
1747771216699 0.5486512832379494 31
1747771216972 0.4229602115007869 32
1747771217244 0.5461147682018531 33
1747771217501 0.7213970739578988 34
1747771217774 0.732878993952487 35
1747771218048 0.5479297214986624 36
1747771218318 0.5889162284010391 37
1747771218602 0.5390982631518886 38
1747771218892 0.47053536058148354 39
1747771219177 0.4469172052338582 40
1747771219485 0.5361214904276113 41
1747771219803 0.5736777090875107 42
1747771220082 0.4146872694970981 43
1747771220376 0.47572624464675195 44
1747771220667 3.271398808472156 45
1747771220960 2.7358344487353077 46
1747771221112 0.47204630022085686 47
1747771221262 0.4545693100479266 48
1747771221417 0.38281997315614247 49
