1743878700131 0.39657653241910346 0
1743878724509 0.28971343365419766 1
1743878748835 0.2372174616521553 2
1743878773074 0.20649669413955882 3
1743878797361 0.1813579953915387 4
1743878821916 0.165240475253545 5
1743878846561 0.15034685820464902 6
1743878871039 0.13945151770642597 7
1743878895378 0.13154934933421752 8
1743878919984 0.1236226416534395 9
1743878944317 0.11697977986858152 10
1743878968574 0.10858206618316789 11
1743878992977 0.10788539999408978 12
1743879017322 0.10195583853362156 13
1743879041441 0.09742758817018177 14
1743879066128 0.09384076957830943 15
1743879090548 0.09017859269463632 16
1743879114974 0.08530676792577827 17
1743879139282 0.0844708593567473 18
1743879163756 0.07977863555791168 19
1743879188445 0.0786348755358195 20
1743879212934 0.07549601394413384 21
1743879237295 0.07395048444363983 22
1743879261711 0.06891392423829137 23
1743879286274 0.069686742373698 24
1743879310862 0.06602464260761079 25
1743879335295 0.06553080926427376 26
1743879359805 0.0622414738500477 27
1743879384413 0.06030146211935068 28
1743879409305 0.06075723750426978 29
1743879433934 0.061241572871382266 30
1743879458533 0.05633995498361888 31
1743879482935 0.05684650069382407 32
1743879507320 0.05421399471592569 33
1743879531674 0.05479796895469194 34
1743879556102 0.05315203748738349 35
1743879580828 0.05345438125784712 36
1743879605367 0.05020795989749863 37
1743879629853 0.049431612190429026 38
1743879654423 0.04778116591818317 39
1743879679027 0.050008701338401025 40
1743879703438 0.047050175596495394 41
1743879727687 0.04675599992553063 42
1743879751836 0.04463427793579281 43
1743879775910 0.04434963137973838 44
1743879799863 0.04528744656350361 45
1743879823764 0.04272833824759958 46
1743879848125 0.04414555294386067 47
1743879872545 0.04031177418090764 48
1743879897148 0.041169994932104166 49
