1747675477572 0.2492057210258753 0
1747675492135 0.24115498530356105 1
1747675507037 0.2390696590060127 2
1747675522471 0.23849717381711696 3
1747675537708 0.23825161127790717 4
1747675552974 0.23811466135315543 5
1747675568287 0.2380900280250927 6
1747675583685 0.23813729792020308 7
1747675598952 0.238088101316112 8
1747675614405 0.23798777205211855 9
1747675630015 0.23805687868403297 10
1747675645460 0.23802070728764635 11
1747675660532 0.23779985558863265 12
1747675675908 0.23774969484657257 13
1747675690737 0.23781610104723808 14
1747675705948 0.23784248195485103 15
1747675721228 0.23779905955153735 16
1747675736461 0.23777339956004961 17
1747675751097 0.23766713596222463 18
1747675766158 0.23760043886643187 19
1747675781733 0.2375927959799518 20
1747675797150 0.23755465358705433 21
1747675812438 0.23746956225204394 22
1747675827829 0.23750429136033302 23
1747675842989 0.23746476573972414 24
1747675858242 0.23740310197663675 25
1747675872920 0.23737756242530672 26
1747675888174 0.23745584584111631 27
1747675903497 0.2373535367859963 28
1747675918676 0.23732797041678835 29
1747675934051 0.237381100517114 30
1747675949216 0.23731047023504928 31
1747675963465 0.2373523166089675 32
1747675978166 0.23728142693923038 33
1747675993332 0.23721823369259135 34
1747676008251 0.23721945274829634 35
1747676023597 0.23724642170885293 36
1747676038786 0.2371809969812689 37
1747676053943 0.23713572983119782 38
1747676069387 0.23717841334303752 39
1747676084709 0.23716297789339344 40
1747676099986 0.23713301080282848 41
1747676115193 0.23717729591066192 42
1747676129889 0.23712962944299207 43
1747676144340 0.2371055033148615 44
1747676159878 0.23709907998840232 45
1747676175263 0.2372175933277932 46
1747676190020 0.2371002722378899 47
1747676205289 0.2371472472184017 48
1747676220523 0.2370708991951595 49
