1747675477571 0.9146484732627869 0
1747675492134 0.914722740650177 1
1747675507035 0.9150041341781616 2
1747675522470 0.9151917695999146 3
1747675537707 0.9153676629066467 4
1747675552972 0.9150471687316895 5
1747675568286 0.9151409268379211 6
1747675583683 0.915195643901825 7
1747675598951 0.9150705933570862 8
1747675614403 0.9148907661437988 9
1747675630013 0.9151409268379211 10
1747675645459 0.915183961391449 11
1747675660530 0.9151800274848938 12
1747675675906 0.915195643901825 13
1747675690735 0.9151917695999146 14
1747675705946 0.915457546710968 15
1747675721226 0.9151135683059692 16
1747675736460 0.9151175022125244 17
1747675751096 0.915226936340332 18
1747675766155 0.915285587310791 19
1747675781731 0.9153285622596741 20
1747675797148 0.9153832793235779 21
1747675812436 0.9153481125831604 22
1747675827827 0.9152933955192566 23
1747675842988 0.915457546710968 24
1747675858240 0.9153794050216675 25
1747675872918 0.915355920791626 26
1747675888172 0.9154379963874817 27
1747675903496 0.9154106378555298 28
1747675918675 0.9154614806175232 29
1747675934049 0.9154301881790161 30
1747675949215 0.9152621030807495 31
1747675963464 0.9153676629066467 32
1747675978164 0.9154653549194336 33
1747675993330 0.9153520464897156 34
1747676008250 0.9153676629066467 35
1747676023595 0.9153832793235779 36
1747676038784 0.9153285622596741 37
1747676053941 0.9155044555664062 38
1747676069385 0.9153832793235779 39
1747676084708 0.9153637290000916 40
1747676099985 0.9154966473579407 41
1747676115191 0.9152542948722839 42
1747676129888 0.9153832793235779 43
1747676144338 0.9154614806175232 44
1747676159876 0.9153481125831604 45
1747676175261 0.9153754711151123 46
1747676190018 0.9153754711151123 47
1747676205288 0.9153910875320435 48
1747676220522 0.915516197681427 49
