1747770557219 0.2206395312240177 0
1747770557521 0.14534321923276766 1
1747770557873 0.15536217239279554 2
1747770558174 0.14038969209737837 3
1747770558496 0.1622468404716703 4
1747770558844 0.14519790061010365 5
1747770559143 0.11947843928573218 6
1747770559473 0.10058273445094779 7
1747770559849 0.10788078985059138 8
1747770560103 0.10276482007368201 9
1747770560309 0.11903874324417703 10
1747770560566 0.10097894380743887 11
1747770560834 0.09829376194618203 12
1747770561078 0.10131945370802227 13
1747770561321 0.10781410003817384 14
1747770561577 0.10296219757995195 15
1747770561848 0.09491584998573613 16
1747770562113 0.09582654315210788 17
1747770562322 0.10519620418461885 18
1747770562571 0.09788626598798864 19
1747770562831 0.09172872927552651 20
1747770563105 0.10300927946484949 21
1747770563362 0.09732169034248027 22
1747770563621 0.1417451954434878 23
1747770563944 0.1261161439818323 24
1747770564273 0.11727993618855745 25
1747770564590 0.11134356418226396 26
1747770564935 0.09704096953488793 27
1747770565292 0.08469170539105449 28
1747770565608 0.08425389183008287 29
1747770565956 0.1120761897231685 30
1747770566227 0.10949260026016365 31
1747770566507 0.07929011641321919 32
1747770566762 0.07921004525777411 33
1747770567015 0.10839261355118703 34
1747770567214 0.08897591724869523 35
1747770567449 0.09379561500247087 36
1747770567728 0.08763961740791093 37
1747770567941 0.09905452036361402 38
1747770568193 0.07337935016089707 39
1747770568487 0.09362621047940287 40
1747770568767 0.07963818940794677 41
1747770568970 0.06916976044386099 42
1747770569319 0.08026077219190629 43
1747770569529 0.08243231633780693 44
1747770569785 0.07809420348193599 45
1747770570137 0.08736912478762968 46
1747770570451 0.1043515764466667 47
1747770570780 0.09219559468174683 48
1747770571072 0.07412975393545274 49
