1747770557217 0.9272727370262146 0
1747770557519 0.9437500238418579 1
1747770557870 0.9431818127632141 2
1747770558172 0.949431836605072 3
1747770558494 0.9482954740524292 4
1747770558842 0.9471591114997864 5
1747770559140 0.9545454382896423 6
1747770559470 0.9624999761581421 7
1747770559846 0.9596590995788574 8
1747770560101 0.9624999761581421 9
1747770560307 0.9528409242630005 10
1747770560565 0.9642045497894287 11
1747770560832 0.9681817889213562 12
1747770561077 0.9624999761581421 13
1747770561319 0.9642045497894287 14
1747770561575 0.9636363387107849 15
1747770561846 0.9676136374473572 16
1747770562111 0.9613636136054993 17
1747770562321 0.9602272510528564 18
1747770562569 0.9664772748947144 19
1747770562829 0.9642045497894287 20
1747770563104 0.9659090638160706 21
1747770563360 0.9659090638160706 22
1747770563618 0.956818163394928 23
1747770563941 0.9613636136054993 24
1747770564271 0.9607954621315002 25
1747770564588 0.9590908885002136 26
1747770564932 0.9596590995788574 27
1747770565290 0.9710227251052856 28
1747770565605 0.9715909361839294 29
1747770565953 0.9613636136054993 30
1747770566225 0.9607954621315002 31
1747770566505 0.9721590876579285 32
1747770566760 0.9750000238418579 33
1747770567013 0.9596590995788574 34
1747770567213 0.9636363387107849 35
1747770567447 0.9676136374473572 36
1747770567726 0.9681817889213562 37
1747770567940 0.9613636136054993 38
1747770568191 0.9698863625526428 39
1747770568485 0.9664772748947144 40
1747770568766 0.9750000238418579 41
1747770568968 0.9727272987365723 42
1747770569317 0.9744318127632141 43
1747770569527 0.9704545736312866 44
1747770569782 0.9721590876579285 45
1747770570134 0.9676136374473572 46
1747770570448 0.9653409123420715 47
1747770570777 0.9676136374473572 48
1747770571070 0.9744318127632141 49
