1743842599568 0.22819552041258168 0
1743842623479 0.14803021947528758 1
1743842647353 0.11773839226962336 2
1743842671488 0.09637143683342346 3
1743842695748 0.08635269158850999 4
1743842719914 0.07482988799236615 5
1743842743917 0.06718356007983455 6
1743842767786 0.06059844294524502 7
1743842791907 0.0561726168409162 8
1743842816140 0.05159981365731895 9
1743842840280 0.04793413472704146 10
1743842864561 0.043744737209124904 11
1743842888777 0.04117854433267484 12
1743842912729 0.03780836647081558 13
1743842936969 0.03493364660478936 14
1743842961127 0.03532512694084872 15
1743842985404 0.029839723673721317 16
1743843009660 0.030544564608652847 17
1743843033924 0.026610275392843618 18
1743843057975 0.026862332068721927 19
1743843082077 0.02543879453225987 20
1743843106197 0.024387829787600353 21
1743843130257 0.022547665577015166 22
1743843154184 0.0227978928837827 23
1743843178364 0.023536435606057306 24
1743843202319 0.020883320847366573 25
1743843226408 0.019605574897521145 26
1743843250649 0.018594699044192108 27
1743843274671 0.018272970573609954 28
1743843298658 0.018014533143635093 29
1743843322679 0.014684210823088979 30
1743843346673 0.019379944702332126 31
1743843370526 0.016306265676452113 32
1743843394645 0.01650594973875295 33
1743843418557 0.013829546372502563 34
1743843442661 0.016523231527947276 35
1743843466716 0.012784911731199288 36
1743843490666 0.013295914622505747 37
1743843514442 0.016517535145509344 38
1743843538428 0.01320823705685294 39
1743843562565 0.015390987549400412 40
1743843586522 0.013772104888871595 41
1743843610381 0.011295560129499681 42
1743843633927 0.013457364939057725 43
1743843657924 0.01352867409752886 44
1743843681989 0.008358054163815923 45
1743843706148 0.014042491523368516 46
1743843730137 0.01361703220712093 47
1743843754514 0.013676390230532012 48
1743843778694 0.012738957362054075 49
