1743842599567 0.9327499866485596 0
1743842623479 0.9559333324432373 1
1743842647352 0.9650166630744934 2
1743842671487 0.9712833166122437 3
1743842695747 0.9738666415214539 4
1743842719913 0.9766166806221008 5
1743842743916 0.9791499972343445 6
1743842767785 0.98089998960495 7
1743842791906 0.9819666743278503 8
1743842816139 0.9833166599273682 9
1743842840279 0.984666645526886 10
1743842864559 0.98580002784729 11
1743842888776 0.9864833354949951 12
1743842912728 0.988099992275238 13
1743842936968 0.9880833625793457 14
1743842961126 0.98826664686203 15
1743842985403 0.989983320236206 16
1743843009659 0.9895166754722595 17
1743843033923 0.9910666942596436 18
1743843057974 0.9907500147819519 19
1743843082076 0.9915500283241272 20
1743843106196 0.9918833374977112 21
1743843130256 0.9921666383743286 22
1743843154183 0.9925333261489868 23
1743843178363 0.9921666383743286 24
1743843202318 0.9932000041007996 25
1743843226407 0.9930166602134705 26
1743843250648 0.9934166669845581 27
1743843274670 0.9938833117485046 28
1743843298657 0.9940833449363708 29
1743843322678 0.994949996471405 30
1743843346672 0.9932666420936584 31
1743843370524 0.9941666722297668 32
1743843394644 0.9943166375160217 33
1743843418556 0.9954833388328552 34
1743843442660 0.9944000244140625 35
1743843466715 0.9955000281333923 36
1743843490665 0.9954500198364258 37
1743843514441 0.9942833185195923 38
1743843538427 0.9951333403587341 39
1743843562564 0.9952499866485596 40
1743843586521 0.9950666427612305 41
1743843610380 0.9964166879653931 42
1743843633926 0.9951500296592712 43
1743843657923 0.9955333471298218 44
1743843681988 0.9972000122070312 45
1743843706147 0.995116651058197 46
1743843730136 0.9956333041191101 47
1743843754513 0.9951000213623047 48
1743843778693 0.9957333207130432 49
