1743760066769 0.7283833622932434 0
1743760091300 0.9131500124931335 1
1743760115591 0.9321333169937134 2
1743760139876 0.9429500102996826 3
1743760164190 0.9478166699409485 4
1743760188547 0.9526333212852478 5
1743760213060 0.9561833143234253 6
1743760237542 0.9582833051681519 7
1743760262050 0.9606999754905701 8
1743760286660 0.9615833163261414 9
1743760310806 0.9641333222389221 10
1743760335188 0.9650999903678894 11
1743760359526 0.9675999879837036 12
1743760383995 0.9679499864578247 13
1743760408253 0.9694166779518127 14
1743760432316 0.9711999893188477 15
1743760456709 0.9718166589736938 16
1743760481254 0.9720666408538818 17
1743760505704 0.9742666482925415 18
1743760530187 0.9756333231925964 19
1743760554582 0.9752166867256165 20
1743760578885 0.976016640663147 21
1743760603360 0.9765499830245972 22
1743760627871 0.9771333336830139 23
1743760652284 0.9781000018119812 24
1743760676791 0.9787499904632568 25
1743760701141 0.979116678237915 26
1743760725461 0.9796333312988281 27
1743760749837 0.9798499941825867 28
1743760775820 0.9812833070755005 29
1743760812228 0.9808333516120911 30
1743760848248 0.980400025844574 31
1743760884726 0.982200026512146 32
1743760922789 0.982366681098938 33
1743760959591 0.9831500053405762 34
1743760997481 0.9821500182151794 35
1743761028443 0.9829999804496765 36
1743761053164 0.9830999970436096 37
1743761077710 0.984416663646698 38
1743761102125 0.9849666953086853 39
1743761126517 0.9844499826431274 40
1743761150759 0.9845499992370605 41
1743761175046 0.9855499863624573 42
1743761199735 0.9847666621208191 43
1743761224044 0.9861999750137329 44
1743761248349 0.9852666854858398 45
1743761272684 0.9867333173751831 46
1743761296964 0.9868833422660828 47
1743761321263 0.9867166876792908 48
1743761345544 0.986549973487854 49
