1743760066770 0.8334022297889231 0
1743760091301 0.30233458331090746 1
1743760115592 0.2334955217681347 2
1743760139877 0.19677707354596063 3
1743760164191 0.17791149271345613 4
1743760188548 0.16093492640034696 5
1743760213061 0.14912038574602887 6
1743760237543 0.14069840780974854 7
1743760262051 0.1306941608446089 8
1743760286661 0.128474822665994 9
1743760310807 0.11932126080960341 10
1743760335189 0.11474001945164757 11
1743760359527 0.10797804856067353 12
1743760383996 0.10511226321536246 13
1743760408253 0.10079474130735566 14
1743760432317 0.09406305735564255 15
1743760456710 0.09297340086072803 16
1743760481255 0.08927843242494511 17
1743760505705 0.08417229798910786 18
1743760530188 0.08042633441799456 19
1743760554583 0.08029181943928947 20
1743760578886 0.07687397071080126 21
1743760603361 0.07404480667142625 22
1743760627872 0.07256672121546157 23
1743760652285 0.06982462489963097 24
1743760676792 0.06802215194429485 25
1743760701142 0.06479037177631404 26
1743760725462 0.06525538770415318 27
1743760749838 0.06329625833709086 28
1743760775821 0.05940082589503705 29
1743760812229 0.060383313007639244 30
1743760848249 0.06111687560656758 31
1743760884727 0.056626851275964514 32
1743760922790 0.05499552814461871 33
1743760959591 0.0531726520255813 34
1743760997482 0.05391533401486861 35
1743761028444 0.053142534870159984 36
1743761053165 0.05311241875814116 37
1743761077711 0.0481019081641508 38
1743761102126 0.046778403818470135 39
1743761126518 0.04879929154220899 40
1743761150760 0.04806689102975905 41
1743761175047 0.04429174823166247 42
1743761199736 0.046320321393376676 43
1743761224045 0.042519268294000094 44
1743761248350 0.044594640815757924 45
1743761272685 0.04150243687164767 46
1743761296965 0.04082641519608162 47
1743761321264 0.04007444285356391 48
1743761345545 0.04098726411506347 49
