1747771099137 0.17045454680919647 0
1747771099530 0.4068181812763214 1
1747771099867 0.5784090757369995 2
1747771100263 0.7397727370262146 3
1747771100548 0.8198863863945007 4
1747771101004 0.8278409242630005 5
1747771101331 0.8823863863945007 6
1747771101609 0.9119318127632141 7
1747771101901 0.9227272868156433 8
1747771102207 0.9448863863945007 9
1747771102451 0.949999988079071 10
1747771102748 0.9471591114997864 11
1747771102995 0.9392045736312866 12
1747771103285 0.9443181753158569 13
1747771103534 0.9482954740524292 14
1747771103830 0.956818163394928 15
1747771104079 0.9448863863945007 16
1747771104447 0.9573863744735718 17
1747771104784 0.9585227370262146 18
1747771105173 0.9619318246841431 19
1747771105462 0.9579545259475708 20
1747771105747 0.9579545259475708 21
1747771105980 0.9573863744735718 22
1747771106271 0.9659090638160706 23
1747771106506 0.9602272510528564 24
1747771106787 0.9528409242630005 25
1747771107018 0.9664772748947144 26
1747771107293 0.9704545736312866 27
1747771107523 0.949999988079071 28
1747771107801 0.9579545259475708 29
1747771108033 0.9573863744735718 30
1747771108324 0.9613636136054993 31
1747771108638 0.9630681872367859 32
1747771108876 0.9738636612892151 33
1747771109191 0.9670454263687134 34
1747771109523 0.9619318246841431 35
1747771109916 0.9744318127632141 36
1747771110265 0.9738636612892151 37
1747771110659 0.9693182110786438 38
1747771110990 0.9664772748947144 39
1747771111359 0.9721590876579285 40
1747771111726 0.9715909361839294 41
1747771111955 0.9698863625526428 42
1747771112235 0.9630681872367859 43
1747771112466 0.9579545259475708 44
1747771112750 0.9676136374473572 45
1747771112981 0.9727272987365723 46
1747771113269 0.9732954502105713 47
1747771113523 0.9721590876579285 48
1747771113826 0.9715909361839294 49
