1747603369715 0.9146758317947388 0
1747603419732 0.9146718978881836 1
1747603469430 0.9146718978881836 2
1747603520250 0.9147188067436218 3
1747603570204 0.9148164987564087 4
1747603620633 0.9150823354721069 5
1747603669905 0.9151604771614075 6
1747603713684 0.915226936340332 7
1747603757266 0.9151409268379211 8
1747603806546 0.91512531042099 9
1747603856359 0.9153403043746948 10
1747603907052 0.9152464866638184 11
1747603957458 0.9153285622596741 12
1747604007454 0.9152738451957703 13
1747604058381 0.9152777791023254 14
1747604108489 0.9154184460639954 15
1747604158747 0.9152777791023254 16
1747604208587 0.9152582287788391 17
1747604238192 0.9153403043746948 18
1747604291120 0.9154263138771057 19
1747604352397 0.9153207540512085 20
1747604402900 0.9154301881790161 21
1747604453437 0.9153832793235779 22
1747604504107 0.9153246879577637 23
1747604555625 0.9153012037277222 24
1747604607576 0.9154536724090576 25
1747604668347 0.9153285622596741 26
1747604788689 0.915414571762085 27
1747604839741 0.9153989553451538 28
1747604889677 0.9155357480049133 29
1747604940837 0.9153637290000916 30
1747604991850 0.9153637290000916 31
1747605043600 0.9153989553451538 32
1747605094196 0.9153637290000916 33
1747605144205 0.9153715372085571 34
1747605206671 0.9152777791023254 35
1747605362632 0.9154379963874817 36
1747605519642 0.9154341220855713 37
1747605677179 0.9154379963874817 38
1747605801697 0.9153910875320435 39
1747605852445 0.9154966473579407 40
1747605903072 0.9153715372085571 41
1747605953326 0.9153363704681396 42
1747606003651 0.9154536724090576 43
1747606054780 0.9153794050216675 44
1747606106058 0.915473222732544 45
1747606156425 0.9154653549194336 46
1747606207306 0.9154770970344543 47
1747606365134 0.9153285622596741 48
1747606522471 0.9154184460639954 49
