1747603369716 0.24407894822283033 0
1747603419733 0.239739480529209 1
1747603469431 0.23881755813999658 2
1747603520251 0.23817729395294887 3
1747603570205 0.2380664806784736 4
1747603620634 0.23775490842489566 5
1747603669906 0.23753352699210298 6
1747603713685 0.23751333728963878 7
1747603757267 0.23745525906808482 8
1747603806547 0.23745259348945139 9
1747603856360 0.2374199065492806 10
1747603907053 0.23730648950490763 11
1747603957459 0.23733529638133855 12
1747604007455 0.2372815596204438 13
1747604058382 0.2372330119232163 14
1747604108490 0.2371950778540369 15
1747604158748 0.23722733262267603 16
1747604208588 0.23721563938744625 17
1747604238193 0.2371759130002099 18
1747604291121 0.23719281011137697 19
1747604352398 0.23718026605706358 20
1747604402901 0.23718590877079257 21
1747604453438 0.23712064955958173 22
1747604504108 0.23709921931733574 23
1747604555626 0.2370761330555141 24
1747604607578 0.23704446881439326 25
1747604668348 0.23706336641341821 26
1747604788690 0.2370358860011497 27
1747604839741 0.23706617573982047 28
1747604889678 0.2369873788553371 29
1747604940838 0.23698902458385798 30
1747604991850 0.2370609053820114 31
1747605043601 0.23704369705221362 32
1747605094197 0.23694011315145677 33
1747605144206 0.23699260311328801 34
1747605206673 0.23703084563065516 35
1747605362633 0.23699638303903783 36
1747605519643 0.23703995906525324 37
1747605677181 0.23688683457840637 38
1747605801698 0.2369973932160761 39
1747605852446 0.2369910197924645 40
1747605903074 0.2370091145026458 41
1747605953327 0.23696167129725546 42
1747606003652 0.23699026620002886 43
1747606054780 0.23688680276380414 44
1747606106059 0.23697964344049874 45
1747606156427 0.23692032080920125 46
1747606207307 0.2369778762522439 47
1747606365134 0.23698206577676062 48
1747606522472 0.23690390779411213 49
