1747572124350 0.20493482053279877 0
1747572130007 0.13168099522590637 1
1747572135498 0.11237294226884842 2
1747572140992 0.11138105392456055 3
1747572146378 0.11182178556919098 4
1747572151868 0.11242229491472244 5
1747572157311 0.11242415755987167 6
1747572162897 0.11353479325771332 7
1747572168488 0.1140432134270668 8
1747572174091 0.11414479464292526 9
1747572179768 0.11410816013813019 10
1747572185336 0.11402909457683563 11
1747572190441 0.1139582172036171 12
1747572195410 0.1139761433005333 13
1747572200842 0.11366238445043564 14
1747572206483 0.11361907422542572 15
1747572212137 0.11370666325092316 16
1747572217681 0.11376924067735672 17
1747572223163 0.11345913261175156 18
1747572228167 0.11350835114717484 19
1747572233335 0.11374647170305252 20
1747572238168 0.11382070183753967 21
1747572243542 0.11379345506429672 22
1747572249193 0.11394327133893967 23
1747572254812 0.11387492716312408 24
1747572260426 0.11384166777133942 25
1747572266148 0.11410488188266754 26
1747572271883 0.1139560416340828 27
1747572277431 0.11401147395372391 28
1747572282622 0.11412010341882706 29
1747572287893 0.1142786368727684 30
1747572293282 0.11432424187660217 31
1747572298937 0.11430535465478897 32
1747572304538 0.1143045723438263 33
1747572309692 0.11452095955610275 34
1747572315262 0.1144104152917862 35
1747572320899 0.11438070982694626 36
1747572326456 0.11456891149282455 37
1747572331993 0.11448714882135391 38
1747572337086 0.11450551450252533 39
1747572342010 0.11452004313468933 40
1747572347518 0.11450862884521484 41
1747572353220 0.11453290283679962 42
1747572358828 0.11451774835586548 43
1747572364369 0.11458387225866318 44
1747572369969 0.11451128870248795 45
1747572375519 0.11447791755199432 46
1747572380669 0.11448101699352264 47
1747572385729 0.11455606669187546 48
1747572391126 0.11459371447563171 49
