1743820761613 0.2767114124768084 0
1743820794895 0.2672123361289935 1
1743820828571 0.2667767611899857 2
1743820862501 0.2553166663485348 3
1743820896688 0.22895644838110205 4
1743820931890 0.2908086809564982 5
1743820964919 56054.68778589374 6
1743820999367 0.29639017922223515 7
1743821032764 0.2803963049493366 8
1743821066642 0.26676342266779474 9
1743821100431 0.2579793521129174 10
1743821135352 0.25251849772017576 11
1743821168648 0.2552241914252056 12
1743821203159 0.24807265603994327 13
1743821236645 0.2447887775357697 14
1743821270312 0.24359874635411502 15
1743821303464 0.2384033756400055 16
1743821337113 0.2350100250939232 17
1743821369694 215143.1646461635 18
1743821403134 1.911134077135732 19
1743821436557 2.6447696759534707 20
1743821470302 66.26000491209008 21
1743821503621 62.41905379436171 22
1743821537413 0.42402826545283995 23
1743821571884 0.35163067121208913 24
1743821606078 0.32615918678019634 25
1743821639835 2.229267099065522 26
1743821672956 0.3414781221870603 27
1743821706815 8.224425672476134 28
1743821739569 0.3063585577134306 29
1743821773148 0.2697687161614474 30
1743821805797 0.2677423194732839 31
1743821840848 0.44306858470244215 32
1743821875023 0.40183256160651265 33
1743821909460 0.26762935635511165 34
1743821943038 0.2671377640800526 35
1743821977090 0.266384865047379 36
1743822011804 0.2682346019515774 37
1743822045020 0.26414105133722765 38
1743822079394 2633205.670476991 39
1743822113399 1962.1376114552197 40
1743822147091 51.05565311790239 41
1743822180918 21.863310856612614 42
1743822215045 12.39763053429133 43
1743822249528 8.499642919692649 44
1743822284228 14813.934951851912 45
1743822317051 2584.117858039376 46
1743822350713 11.682753052212487 47
1743822384343 4.342239324009132 48
1743822418169 24.529379697489823 49
