1743746888895 0.4503173642439474 0
1743746912546 0.30364953223431784 1
1743746936184 0.27233728950495295 2
1743746959675 0.2516858726758694 3
1743746983508 0.2358493923810552 4
1743747007335 0.22376133056378159 5
1743747031140 0.2129361423132615 6
1743747054791 0.20464733932149934 7
1743747078427 0.19421794840001072 8
1743747102149 0.1896091429516771 9
1743747125789 0.18339399498945785 10
1743747149265 0.17950605520458268 11
1743747172778 0.17587307314881206 12
1743747196527 0.1720481731176613 13
1743747220232 0.16902261108130343 14
1743747243638 0.16616612880960208 15
1743747267233 0.16159944182933456 16
1743747291044 0.15975143915420165 17
1743747314702 0.1564979971998911 18
1743747338163 0.15499436494974578 19
1743747361759 0.15164152731196634 20
1743747385300 0.1518809738119869 21
1743747408871 0.14951054085991392 22
1743747432610 0.14972044259489228 23
1743747456423 0.14580265114294116 24
1743747479914 0.1440471723567613 25
1743747503577 0.14437275179932874 26
1743747527363 0.14187831832642295 27
1743747550973 0.13941884571044996 28
1743747574583 0.13776293579727647 29
1743747597927 0.13780870879804258 30
1743747621418 0.13637257243076725 31
1743747645062 0.1348053793825278 32
1743747670124 0.13374904294531775 33
1743747702251 0.13344343407449044 34
1743747734478 0.1314019072510447 35
1743747766753 0.13058625537867052 36
1743747798828 0.13063229424429382 37
1743747830914 0.12985938750733883 38
1743747863160 0.12765067191234689 39
1743747895321 0.12715744888481298 40
1743747927404 0.1251283110579419 41
1743747954359 0.12460840640423577 42
1743747977774 0.123990180653942 43
1743748001423 0.12522076083653658 44
1743748024821 0.12363066286866467 45
1743748048540 0.12076824743998271 46
1743748072305 0.12232296573654185 47
1743748095961 0.12034539133991352 48
1743748119541 0.12203637722167722 49
