1747771304522 2481.2949252344188 0
1747771304715 868.3832595417699 1
1747771304907 350.66809558487455 2
1747771305102 154.96441721431032 3
1747771305294 117.9467654957685 4
1747771305487 54.16636800844849 5
1747771305756 24.026659789518305 6
1747771306023 12.531155844306726 7
1747771306292 7.9973537912680985 8
1747771306558 6.611824889799623 9
1747771306825 5.701988496022571 10
1747771307088 5.293176998513713 11
1747771307355 5.204253889085723 12
1747771307624 4.863510284982674 13
1747771307888 5.234656250958734 14
1747771308103 4.856441189671643 15
1747771308294 4.398722943145277 16
1747771308492 4.090100911152341 17
1747771308698 3.7254045885600147 18
1747771308900 3.7144533718263326 19
1747771309102 3.47626389955155 20
1747771309308 3.1169009251351554 21
1747771309509 2.7212920283438486 22
1747771309712 2.086724358961779 23
1747771309919 1.6203724532241952 24
1747771310122 1.3158043634948164 25
1747771310327 1.0177891983718586 26
1747771310528 0.7660213455719314 27
1747771310736 0.7100059509465877 28
1747771310938 0.7294480464999696 29
1747771311138 0.7364295041734167 30
1747771311341 0.6283035643276941 31
1747771311542 0.6217343408863129 32
1747771311756 0.5176134688701531 33
1747771312023 0.6078369231332823 34
1747771312292 0.4941933990899589 35
1747771312563 0.5590789485707454 36
1747771312837 0.7691779504162172 37
1747771313108 0.557208513545895 38
1747771313376 0.40170756508314526 39
1747771313647 0.3745625425647664 40
1747771313919 0.5126103343133532 41
1747771314193 0.4552453746501152 42
1747771314377 0.4099290659623286 43
1747771314576 0.34627457761042724 44
1747771314775 0.40267681899107666 45
1747771314980 0.35678335331434596 46
1747771315206 0.4285768162136065 47
1747771315438 0.4179975894776316 48
1747771315642 0.5115350949364478 49
