1747771304520 34.89230728149414 0
1747771304713 21.535612106323242 1
1747771304906 13.782964706420898 2
1747771305100 9.53746223449707 3
1747771305293 8.207376480102539 4
1747771305485 5.617154598236084 5
1747771305753 3.6671247482299805 6
1747771306021 2.5137481689453125 7
1747771306290 1.8658407926559448 8
1747771306556 1.6326484680175781 9
1747771306822 1.4658875465393066 10
1747771307086 1.3604352474212646 11
1747771307353 1.332027792930603 12
1747771307622 1.2825264930725098 13
1747771307886 1.3343390226364136 14
1747771308102 1.2953428030014038 15
1747771308292 1.2127588987350464 16
1747771308490 1.1582876443862915 17
1747771308696 1.066548466682434 18
1747771308899 1.1114920377731323 19
1747771309101 1.081437110900879 20
1747771309307 1.0429574251174927 21
1747771309508 1.034294605255127 22
1747771309710 0.9315744638442993 23
1747771309917 0.8403788805007935 24
1747771310120 0.8263999819755554 25
1747771310325 0.7445123195648193 26
1747771310527 0.6329478025436401 27
1747771310734 0.6213622689247131 28
1747771310937 0.6415823698043823 29
1747771311136 0.6503244042396545 30
1747771311339 0.6142870187759399 31
1747771311540 0.607213020324707 32
1747771311753 0.5523244142532349 33
1747771312021 0.6005826592445374 34
1747771312290 0.5413685441017151 35
1747771312560 0.5716480016708374 36
1747771312834 0.674515426158905 37
1747771313106 0.5721902251243591 38
1747771313374 0.47977113723754883 39
1747771313644 0.46486228704452515 40
1747771313916 0.5451699495315552 41
1747771314191 0.5152075886726379 42
1747771314376 0.48557165265083313 43
1747771314575 0.44428005814552307 44
1747771314774 0.48906785249710083 45
1747771314978 0.45448893308639526 46
1747771315204 0.49751734733581543 47
1747771315437 0.49597278237342834 48
1747771315640 0.546719491481781 49
