1743952728917 0.3152304540329665 0
1743952753706 0.23091299435239546 1
1743952778749 0.2207362434462408 2
1743952803689 0.21238649724689312 3
1743952828749 0.20685752300119553 4
1743952853624 0.20231180066453844 5
1743952878414 0.1981561713794455 6
1743952903214 0.19383096915503217 7
1743952927971 0.1912184277671612 8
1743952952870 0.1881021584107402 9
1743952977890 0.18558681874674118 10
1743953002647 0.18294297709953905 11
1743953027584 0.18305185536056565 12
1743953052517 0.17857085332849373 13
1743953077360 0.1738791670348545 14
1743953102024 0.16968873646124977 15
1743953126723 0.16616294398213832 16
1743953151623 0.1622199640962571 17
1743953176394 0.1587971600559451 18
1743953201280 0.15533245391585332 19
1743953226162 0.15218686903560497 20
1743953251450 0.15547933541168674 21
1743953276336 0.1487964153135381 22
1743953301290 0.1452202756823291 23
1743953326065 0.1426845487241733 24
1743953351387 0.14047641542299705 25
1743953376302 0.15076649670911707 26
1743953401271 6116987.829669746 27
1743953426403 2.131277360439839 28
1743953451279 0.6762573545232803 29
1743953475894 0.42204745336637944 30
1743953500678 0.3619090193711241 31
1743953525417 0.32726674367853337 32
1743953550320 0.3033958726588663 33
1743953575077 0.2876209560449102 34
1743953599898 0.2766509094358343 35
1743953624072 0.269691543914649 36
1743953648727 0.26430225092378506 37
1743953672893 0.25899156076602303 38
1743953697479 0.25421042449162734 39
1743953722072 0.24882783639023365 40
1743953747007 0.2419621392027849 41
1743953772047 0.23363678764437393 42
1743953797119 0.2253717869695434 43
1743953821945 0.21834107312969375 44
1743953846740 0.2122089360261223 45
1743953871668 0.2062558427581442 46
1743953896498 0.2006907488049608 47
1743953921623 0.1938074852144464 48
1743953946474 0.18809055490474078 49
