1747659547567 0.914273202419281 0
1747659561948 0.9146836400032043 1
1747659576303 0.9146718978881836 2
1747659590633 0.9149220585823059 3
1747659604808 0.9149064421653748 4
1747659618973 0.914824366569519 5
1747659633035 0.9148595333099365 6
1747659647153 0.9149220585823059 7
1747659661426 0.9149416089057922 8
1747659675807 0.9152113199234009 9
1747659689914 0.9151331186294556 10
1747659703941 0.9153246879577637 11
1747659717765 0.9153363704681396 12
1747659731583 0.9151448607444763 13
1747659745560 0.9152660369873047 14
1747659759363 0.9152386784553528 15
1747659773583 0.9149845838546753 16
1747659787697 0.9153246879577637 17
1747659802844 0.9153363704681396 18
1747659817612 0.9153012037277222 19
1747659832100 0.9152973294258118 20
1747659846718 0.915355920791626 21
1747659862089 0.9153324961662292 22
1747659876251 0.9153872132301331 23
1747659890776 0.9153794050216675 24
1747659905060 0.915355920791626 25
1747659920139 0.9154653549194336 26
1747659934553 0.915355920791626 27
1747659950179 0.9153168201446533 28
1747659964218 0.9154223799705505 29
1747659979450 0.9153794050216675 30
1747659994477 0.9152230620384216 31
1747660008959 0.9155240058898926 32
1747660023490 0.9155318140983582 33
1747660038568 0.9155474305152893 34
1747660053835 0.9155943393707275 35
1747660068365 0.9155083894729614 36
1747660081971 0.9154341220855713 37
1747660096092 0.9154223799705505 38
1747660110239 0.9154028296470642 39
1747660124256 0.9153989553451538 40
1747660138455 0.9154966473579407 41
1747660152838 0.9155005812644958 42
1747660166769 0.9154341220855713 43
1747660180614 0.9155474305152893 44
1747660194770 0.9156216979026794 45
1747660208803 0.9156022071838379 46
1747660222944 0.9156256318092346 47
1747660237204 0.9155591726303101 48
1747660251513 0.9155318140983582 49
