1747770388554 4634.3471196797145 0
1747770388662 4559.783733659563 1
1747770388776 4474.1321870378 2
1747770388886 4267.217242450818 3
1747770388992 3861.3778091501836 4
1747770389098 3541.628633520465 5
1747770389206 2969.263520995011 6
1747770389316 2066.872354459306 7
1747770389431 1459.438219208934 8
1747770389547 1113.9650691302568 9
1747770389664 991.708454630233 10
1747770389783 962.3080487302796 11
1747770389898 950.2174748629411 12
1747770390018 939.636446476312 13
1747770390135 941.8103941831963 14
1747770390254 938.3049368356815 15
1747770390365 936.0231710141118 16
1747770390469 927.6531265291503 17
1747770390579 928.6217455399238 18
1747770390692 927.4698536668083 19
1747770390827 923.0105484398957 20
1747770390986 914.6928739004841 21
1747770391148 916.2433617994154 22
1747770391308 915.6971131938936 23
1747770391471 906.8068421914043 24
1747770391631 904.5463625898836 25
1747770391792 896.7343304024811 26
1747770391955 892.8152265147371 27
1747770392070 880.7561930471437 28
1747770392173 864.7794663801967 29
1747770392280 857.2617320960568 30
1747770392390 829.5628323165953 31
1747770392497 804.2555659784606 32
1747770392606 771.6385682918979 33
1747770392720 737.7454450750911 34
1747770392831 698.4447675142216 35
1747770392948 677.2339401312872 36
1747770393064 653.7040716329518 37
1747770393182 637.3700727239888 38
1747770393296 626.2716710942912 39
1747770393412 610.0973568025496 40
1747770393530 603.9045869204966 41
1747770393643 586.5393699424734 42
1747770393763 569.4856016795404 43
1747770393878 553.415720808793 44
1747770393996 525.9798353153441 45
1747770394111 429.7071615730791 46
1747770394224 396.4032447632163 47
1747770394340 389.71413801948313 48
1747770394452 382.67341507154794 49
