1747771043010 160.37786737158916 0
1747771043217 126.3270127153966 1
1747771043423 76.15622868386858 2
1747771043633 38.32413159767919 3
1747771043837 25.525957628463637 4
1747771044047 18.823765882621853 5
1747771044252 14.616705728156832 6
1747771044456 10.88561692162287 7
1747771044591 8.081260833164752 8
1747771044736 7.077384792513051 9
1747771044887 6.450305777283546 10
1747771045038 6.217443374363792 11
1747771045191 5.511688271103926 12
1747771045345 5.258961463846272 13
1747771045497 5.029233513670021 14
1747771045652 4.741064225394956 15
1747771045806 4.3340146530483254 16
1747771045961 3.8831385536469054 17
1747771046113 3.420530299884141 18
1747771046264 2.7442285294977364 19
1747771046419 2.132712671058996 20
1747771046572 1.7067351907891843 21
1747771046727 1.3935885082851007 22
1747771046878 1.0545807198258124 23
1747771047032 0.9388101163312008 24
1747771047183 0.8505395711484688 25
1747771047337 0.8512776631250747 26
1747771047490 0.7833042472670568 27
1747771047643 0.7916552353779692 28
1747771047802 0.6428553587974115 29
1747771047963 0.558320279208782 30
1747771048119 0.8140878899528785 31
1747771048315 0.7686761249123412 32
1747771048523 0.5836742055232035 33
1747771048734 0.4445075420567889 34
1747771048945 0.5428225656533451 35
1747771049155 0.38959622602879834 36
1747771049368 0.3832276581108664 37
1747771049577 0.4540238148352035 38
1747771049790 0.409726900076953 39
1747771050000 0.4553020459178435 40
1747771050210 0.5262021548852582 41
1747771050422 0.4644361675409617 42
1747771050631 0.4500378274799912 43
1747771050779 0.36178608181106425 44
1747771050920 0.34310986686129435 45
1747771051064 0.39664640243838367 46
1747771051237 0.3206438412206992 47
1747771051411 0.32475071669377914 48
1747771051565 0.391998573348851 49
