1747715655004 0.9006355404853821 0
1747715671262 0.9151370525360107 1
1747715686851 0.9151448607444763 2
1747715702611 0.9153051376342773 3
1747715718767 0.9153363704681396 4
1747715735004 0.9153872132301331 5
1747715751458 0.9152973294258118 6
1747715767476 0.9151604771614075 7
1747715783695 0.915414571762085 8
1747715799896 0.9153324961662292 9
1747715816883 0.915226936340332 10
1747715833272 0.9152035117149353 11
1747715849018 0.9153207540512085 12
1747715864560 0.9153285622596741 13
1747715879950 0.9153168201446533 14
1747715896052 0.9152230620384216 15
1747715911941 0.9152816534042358 16
1747715927879 0.9153285622596741 17
1747715944387 0.915168285369873 18
1747715959235 0.915285587310791 19
1747715975589 0.9152582287788391 20
1747715991280 0.9153168201446533 21
1747716007136 0.9153090119361877 22
1747716023484 0.9152582287788391 23
1747716039929 0.9152308702468872 24
1747716055909 0.9153168201446533 25
1747716072286 0.9153676629066467 26
1747716088679 0.9153598546981812 27
1747716105661 0.9152894616127014 28
1747716122067 0.915226936340332 29
1747716138283 0.9153598546981812 30
1747716154826 0.9153950214385986 31
1747716171550 0.9152308702468872 32
1747716188028 0.9155240058898926 33
1747716204778 0.9152347445487976 34
1747716221111 0.9154927134513855 35
1747716237490 0.9153207540512085 36
1747716254250 0.9153012037277222 37
1747716270623 0.9152191281318665 38
1747716287268 0.9153872132301331 39
1747716303984 0.9153715372085571 40
1747716319958 0.9152816534042358 41
1747716336210 0.9152582287788391 42
1747716352456 0.9153989553451538 43
1747716368951 0.9152504205703735 44
1747716385303 0.9153207540512085 45
1747716401039 0.9153715372085571 46
1747716417420 0.9154184460639954 47
1747716434216 0.9153676629066467 48
1747716450729 0.9154692888259888 49
