1747715655005 0.26206158475407343 0
1747715671263 0.23891516984640457 1
1747715686852 0.23837211727349336 2
1747715702611 0.23807842021947798 3
1747715718767 0.2381212657496611 4
1747715735005 0.23782250369607053 5
1747715751459 0.23770127356983928 6
1747715767477 0.2376585781005211 7
1747715783695 0.23759367204512727 8
1747715799896 0.2374020101163481 9
1747715816883 0.23742564204475344 10
1747715833273 0.23739270648431865 11
1747715849018 0.23723495675229583 12
1747715864561 0.23727479338507615 13
1747715879951 0.2371108970668275 14
1747715896053 0.23725644651912614 15
1747715911941 0.23710515392706755 16
1747715927880 0.23693567397416743 17
1747715944388 0.23693652750434752 18
1747715959235 0.23677881606624332 19
1747715975589 0.23692426973458688 20
1747715991281 0.23675946614439033 21
1747716007136 0.23675648597599597 22
1747716023485 0.23675828374845762 23
1747716039930 0.23667258240025954 24
1747716055911 0.23671778892302933 25
1747716072287 0.23669417926150996 26
1747716088680 0.23662690118925012 27
1747716105661 0.23658771155655006 28
1747716122068 0.2365233864135129 29
1747716138284 0.2366432776387821 30
1747716154827 0.23656376936112752 31
1747716171551 0.23656472125899206 32
1747716188029 0.23652806583219851 33
1747716204780 0.23655943906623758 34
1747716221112 0.23649252213901067 35
1747716237491 0.23642048074648225 36
1747716254251 0.23639656890386324 37
1747716270624 0.23643577087672854 38
1747716287269 0.23644370785954366 39
1747716303984 0.23633535537139289 40
1747716319960 0.23644324989144563 41
1747716336212 0.23636993509823864 42
1747716352457 0.2362445900123082 43
1747716368952 0.23635197090162083 44
1747716385304 0.23629088424897782 45
1747716401040 0.2362786175861543 46
1747716417421 0.2362365810647218 47
1747716434217 0.23621950243302864 48
1747716450730 0.23622545807416856 49
