1743899839533 0.8848333358764648 0
1743899864386 0.953166663646698 1
1743899889026 0.9642000198364258 2
1743899913561 0.9706500172615051 3
1743899938467 0.9741833209991455 4
1743899962940 0.9780666828155518 5
1743899987559 0.9793333411216736 6
1743900012443 0.9815999865531921 7
1743900037291 0.9831500053405762 8
1743900062354 0.9852666854858398 9
1743900086951 0.9851666688919067 10
1743900111970 0.9865000247955322 11
1743900137028 0.9877166748046875 12
1743900161976 0.9876499772071838 13
1743900186711 0.9896666407585144 14
1743900211385 0.9891999959945679 15
1743900236634 0.989633321762085 16
1743900261252 0.9903666377067566 17
1743900286215 0.9905833601951599 18
1743900310951 0.9926333427429199 19
1743900335996 0.9911333322525024 20
1743900360674 0.9922500252723694 21
1743900385518 0.9920499920845032 22
1743900410247 0.9919000267982483 23
1743900434970 0.9930833578109741 24
1743900459651 0.9939166903495789 25
1743900484433 0.9923999905586243 26
1743900509365 0.9936500191688538 27
1743900534120 0.9933833479881287 28
1743900558974 0.9944499731063843 29
1743900584219 0.994350016117096 30
1743900609425 0.9936666488647461 31
1743900634126 0.9938666820526123 32
1743900658601 0.9952666759490967 33
1743900683025 0.9945999979972839 34
1743900707473 0.9950166940689087 35
1743900731750 0.9947500228881836 36
1743900756043 0.9956499934196472 37
1743900780319 0.9940333366394043 38
1743900804887 0.9956333041191101 39
1743900829757 0.9954000115394592 40
1743900854936 0.9948999881744385 41
1743900879976 0.9973333477973938 42
1743900905204 0.9947666525840759 43
1743900930108 0.9955833554267883 44
1743900954801 0.9954833388328552 45
1743900979675 0.9956166744232178 46
1743901004265 0.9957166910171509 47
1743901029011 0.9962499737739563 48
1743901053688 0.9959499835968018 49
