1747770728646 0.08181817829608917 0
1747770728907 0.18125000596046448 1
1747770729167 0.14715908467769623 2
1747770729382 0.16988636553287506 3
1747770729625 0.19090908765792847 4
1747770729843 0.20624999701976776 5
1747770730095 0.2874999940395355 6
1747770730319 0.3323863744735718 7
1747770730572 0.3744318187236786 8
1747770730788 0.427840918302536 9
1747770731027 0.478409081697464 10
1747770731241 0.5017045736312866 11
1747770731495 0.6000000238418579 12
1747770731717 0.6392045617103577 13
1747770731969 0.6857954263687134 14
1747770732197 0.6937500238418579 15
1747770732440 0.7079545259475708 16
1747770732716 0.7511363625526428 17
1747770733038 0.7653409242630005 18
1747770733334 0.7869318127632141 19
1747770733658 0.7971590757369995 20
1747770733958 0.8079545497894287 21
1747770734252 0.8272727131843567 22
1747770734580 0.8352272510528564 23
1747770734874 0.8386363387107849 24
1747770735138 0.8420454263687134 25
1747770735337 0.8352272510528564 26
1747770735582 0.8471590876579285 27
1747770735798 0.8528409004211426 28
1747770736053 0.862500011920929 29
1747770736272 0.8664772510528564 30
1747770736528 0.8573863506317139 31
1747770736747 0.8659090995788574 32
1747770737001 0.8602272868156433 33
1747770737220 0.8664772510528564 34
1747770737475 0.8619318008422852 35
1747770737698 0.8721590638160706 36
1747770737945 0.8727272748947144 37
1747770738152 0.8755682110786438 38
1747770738402 0.8721590638160706 39
1747770738617 0.8789772987365723 40
1747770738920 0.8761363625526428 41
1747770739224 0.8806818127632141 42
1747770739585 0.8818181753158569 43
1747770739913 0.8829545378684998 44
1747770740273 0.8863636255264282 45
1747770740580 0.8829545378684998 46
1747770740922 0.893750011920929 47
1747770741204 0.8892045617103577 48
1747770741469 0.8903409242630005 49
