1747770728648 3.1092773183009013 0
1747770728908 2.90436144168326 1
1747770729168 2.797816449798106 2
1747770729384 2.7157320861428107 3
1747770729626 2.624535899530922 4
1747770729844 2.536137818422585 5
1747770730097 2.4237202258676334 6
1747770730320 2.254401456614986 7
1747770730573 2.111549815404828 8
1747770730789 1.995065939124011 9
1747770731029 1.8722865473988641 10
1747770731242 1.7061089342350961 11
1747770731497 1.5265436954359863 12
1747770731718 1.3803300388072572 13
1747770731970 1.1955381216184187 14
1747770732199 1.0701270182728542 15
1747770732441 0.9772684274806658 16
1747770732718 0.8288542283226615 17
1747770733040 0.7183201924331815 18
1747770733336 0.6461323712427757 19
1747770733660 0.6059620998837458 20
1747770733960 0.5722158159228468 21
1747770734254 0.5377908729056314 22
1747770734582 0.5100053322549477 23
1747770734876 0.49102807806687193 24
1747770735140 0.47477781174114153 25
1747770735338 0.46342844288226587 26
1747770735583 0.437741945314427 27
1747770735799 0.42886525702696476 28
1747770736054 0.4125378010774023 29
1747770736274 0.40075696053401977 30
1747770736529 0.39700695115568785 31
1747770736748 0.3761612430505366 32
1747770737002 0.37817736576235206 33
1747770737221 0.37271224773080336 34
1747770737476 0.3636251856091639 35
1747770737699 0.3491561843154689 36
1747770737946 0.3482611643524475 37
1747770738153 0.33597016051045736 38
1747770738403 0.3339621254720467 39
1747770738618 0.3298392641840301 40
1747770738921 0.3227819349979747 41
1747770739226 0.31956020394009604 42
1747770739587 0.3130171547159947 43
1747770739915 0.31357178878564934 44
1747770740275 0.3034306627229431 45
1747770740582 0.2998281257825265 46
1747770740924 0.28871693667798554 47
1747770741205 0.291087110111014 48
1747770741470 0.28123838705091536 49
