1743843822911 0.8660500049591064 0
1743843847160 0.9345499873161316 1
1743843871279 0.9517833590507507 2
1743843895073 0.9613833427429199 3
1743843919259 0.9659166932106018 4
1743843943614 0.9704833626747131 5
1743843967914 0.9735333323478699 6
1743843991925 0.9754499793052673 7
1743844016150 0.9781333208084106 8
1743844040294 0.978600025177002 9
1743844064395 0.9806666374206543 10
1743844088527 0.9817833304405212 11
1743844112815 0.9830499887466431 12
1743844136966 0.984250009059906 13
1743844161088 0.9849500060081482 14
1743844185296 0.9857166409492493 15
1743844209514 0.9866166710853577 16
1743844233611 0.9873166680335999 17
1743844257546 0.9877833127975464 18
1743844281681 0.9876333475112915 19
1743844305370 0.9894000291824341 20
1743844329459 0.9895833134651184 21
1743844353727 0.9893166422843933 22
1743844377675 0.9906499981880188 23
1743844401543 0.9906166791915894 24
1743844425518 0.991683304309845 25
1743844449732 0.9921166896820068 26
1743844473815 0.9919000267982483 27
1743844497956 0.9918500185012817 28
1743844521999 0.9922500252723694 29
1743844545959 0.9929166436195374 30
1743844569789 0.9929999709129333 31
1743844593642 0.9927166700363159 32
1743844617394 0.9942666888237 33
1743844641365 0.9935500025749207 34
1743844665298 0.9937833547592163 35
1743844689160 0.9941499829292297 36
1743844713287 0.9939000010490417 37
1743844737491 0.9941166639328003 38
1743844761648 0.9933500289916992 39
1743844785734 0.9945833086967468 40
1743844809736 0.9940166473388672 41
1743844833556 0.9949333071708679 42
1743844857628 0.9941999912261963 43
1743844881616 0.9952333569526672 44
1743844905538 0.9942499995231628 45
1743844929650 0.9953666925430298 46
1743844953577 0.9950000047683716 47
1743844977619 0.9936166405677795 48
1743845001629 0.996233344078064 49
