1747632759810 0.2785419289872139 0
1747632769437 0.057351985331984504 1
1747632779841 0.036596820244473756 2
1747632790271 0.02250438809951023 3
1747632800129 0.014788637879489542 4
1747632810590 0.010229449326885718 5
1747632821010 0.007876382518051107 6
1747632830594 0.006724246649462199 7
1747632841068 0.0063512806644247105 8
1747632851310 0.005816517551405272 9
1747632861111 0.00508578573124716 10
1747632871317 0.004853358689054906 11
1747632881066 0.003751373768968916 12
1747632891221 0.0032508477968190004 13
1747632901652 0.0029185438982569072 14
1747632911717 0.0024428544706353436 15
1747632922265 0.0021474621106521946 16
1747632932934 0.0023976853428952912 17
1747632942864 0.002146921863933087 18
1747632953472 0.001910573030322486 19
1747632963896 0.0020665843663229613 20
1747632973902 0.0019515371359579764 21
1747632984818 0.0020292984627678116 22
1747632995243 0.0016994766850692122 23
1747633005061 0.0014870181767513986 24
1747633015539 0.0015264960999958176 25
1747633025861 0.0014984920743203163 26
1747633035780 0.0013757729707953457 27
1747633045791 0.0012635588339292736 28
1747633056185 0.0014142499615687172 29
1747633065925 0.0012815558996024676 30
1747633076633 0.0014462480492860588 31
1747633087104 0.0013154861333130941 32
1747633096723 0.0012646805815374627 33
1747633106896 0.0012577964365980674 34
1747633116889 0.0012679580622201533 35
1747633126950 0.0012016541608689906 36
1747633137402 0.0012454799013373468 37
1747633147399 0.001157010485517704 38
1747633157815 0.0012353842862451367 39
1747633168279 0.0013208946937987996 40
1747633177906 0.0010231236123057822 41
1747633188603 0.0011123531232694022 42
1747633199218 0.0011804548715643817 43
1747633209137 0.0011105068986204376 44
1747633219418 0.0010932300464012801 45
1747633229770 0.0009865078557661504 46
1747633239959 0.0011815700677359087 47
1747633250100 0.001013302757411112 48
1747633260669 0.0010868718083049045 49
