1747585325932 0.11381704360246658 0
1747585332916 0.10692664235830307 1
1747585339958 0.10428120940923691 2
1747585346890 0.09944717586040497 3
1747585353240 0.09845935553312302 4
1747585360186 0.09937694668769836 5
1747585367136 0.10012272745370865 6
1747585374405 0.0999479740858078 7
1747585381296 0.10011019557714462 8
1747585388106 0.10221613943576813 9
1747585394985 0.10317737609148026 10
1747585401846 0.10252009332180023 11
1747585408660 0.10296519845724106 12
1747585415428 0.10030606389045715 13
1747585422574 0.09671128541231155 14
1747585429697 0.0930745080113411 15
1747585436779 0.09206628799438477 16
1747585443661 0.09192211925983429 17
1747585450547 0.09273967146873474 18
1747585457408 0.0930168628692627 19
1747585464224 0.09364861994981766 20
1747585471063 0.09297285228967667 21
1747585477900 0.09354427456855774 22
1747585485070 0.0936187133193016 23
1747585492140 0.09370832145214081 24
1747585499166 0.09410304576158524 25
1747585505956 0.0940043106675148 26
1747585512799 0.09366428107023239 27
1747585519105 0.09422196447849274 28
1747585525806 0.0937885195016861 29
1747585532883 0.0941246822476387 30
1747585539938 0.0944145992398262 31
1747585547093 0.09419842064380646 32
1747585554124 0.08912987262010574 33
1747585560986 0.0837356448173523 34
1747585567935 0.08189193159341812 35
1747585574865 0.08051872253417969 36
1747585581930 0.07990327477455139 37
1747585588935 0.0797775462269783 38
1747585596164 0.07999132573604584 39
1747585603320 0.07998629659414291 40
1747585610258 0.07962222397327423 41
1747585617157 0.07960833609104156 42
1747585624175 0.0788881927728653 43
1747585631092 0.07832514494657516 44
1747585638085 0.07802479714155197 45
1747585645602 0.07809804379940033 46
1747585652974 0.07803614437580109 47
1747585660002 0.07820413261651993 48
1747585666701 0.07804983109235764 49
