1747770449659 4627.715034323591 0
1747770449810 4569.934553697733 1
1747770449960 4476.595405282572 2
1747770450111 4279.885532821335 3
1747770450263 3876.6792789781744 4
1747770450423 3548.651817523843 5
1747770450635 2986.4212213433757 6
1747770450846 2072.471598296725 7
1747770451059 1454.7574599578659 8
1747770451271 1115.4067874723094 9
1747770451484 989.2989403792925 10
1747770451696 965.5400052412723 11
1747770451904 951.1960496390818 12
1747770452110 947.5325169587293 13
1747770452343 941.7526498669855 14
1747770452560 939.763342826807 15
1747770452777 936.5552056624463 16
1747770452950 930.3731268478342 17
1747770453098 926.1836410300272 18
1747770453255 924.0034651024835 19
1747770453416 919.3278053963858 20
1747770453575 921.4474183469998 21
1747770453737 917.1097564716691 22
1747770453893 912.116220666163 23
1747770454051 913.0900249573232 24
1747770454209 905.5431097727895 25
1747770454371 895.9563539697326 26
1747770454528 894.6128609207129 27
1747770454682 884.6766082793208 28
1747770454819 866.7461900089203 29
1747770454962 852.9073905554712 30
1747770455104 830.5228989326813 31
1747770455247 810.9937974005587 32
1747770455391 775.4713669088287 33
1747770455534 737.4811638410946 34
1747770455676 688.0441225710548 35
1747770455819 666.6260572949894 36
1747770455962 646.1837939818415 37
1747770456104 631.6561546839664 38
1747770456247 621.2793234560052 39
1747770456390 607.5389523912929 40
1747770456537 594.6931486920596 41
1747770456734 579.0563396289882 42
1747770456948 557.5809235369941 43
1747770457161 540.8914390562933 44
1747770457373 521.0945927732843 45
1747770457589 495.0737022233957 46
1747770457803 424.06438835748764 47
1747770457955 404.6826288176613 48
1747770458091 398.5181170188668 49
