1747584935812 1.3039667229927472 0
1747584942270 0.07359551815697842 1
1747584949367 0.0671613276167208 2
1747584956071 0.0647055295929583 3
1747584963052 0.06252068175175204 4
1747584969810 0.05968621475502272 5
1747584976593 0.05810296194331225 6
1747584983564 0.055876119144204296 7
1747584990410 0.0522070471331256 8
1747584997385 0.04839722134635815 9
1747585004184 0.046061917384066786 10
1747585011321 0.045140438101465286 11
1747585018579 0.044740635842507044 12
1747585025433 0.04389979106286426 13
1747585032360 0.04295240978602396 14
1747585039208 0.04205455521350012 15
1747585046071 0.038855407050232785 16
1747585052881 0.03447249949361482 17
1747585059900 0.03180134402608445 18
1747585066876 0.028716418122784162 19
1747585073995 0.028060021726749578 20
1747585081328 0.027597141758806672 21
1747585088679 0.0270818639648119 22
1747585095538 0.026726772304432656 23
1747585102484 0.02666145548448061 24
1747585109648 0.026614569234979735 25
1747585116640 0.02660189677598467 26
1747585123857 0.026576023892667465 27
1747585130988 0.026556868200244676 28
1747585138339 0.026506530138888363 29
1747585145640 0.02650095415388833 30
1747585152717 0.02647738841403756 31
1747585159962 0.02644905493478494 32
1747585167189 0.026459953226444944 33
1747585174268 0.0264265400214032 34
1747585181303 0.026410780586964895 35
1747585188599 0.026306000259448438 36
1747585195900 0.025214715034349272 37
1747585203203 0.024069141473101414 38
1747585210046 0.023474683139476326 39
1747585216976 0.022557966634200018 40
1747585223676 0.022202547649381826 41
1747585230472 0.022142697297328394 42
1747585237455 0.022107690358396676 43
1747585244468 0.022071315246467875 44
1747585251268 0.022049684023462413 45
1747585258046 0.022064606740540473 46
1747585265109 0.02207178779216699 47
1747585272394 0.02203558294327914 48
1747585279387 0.022026555612098608 49
