1747595509090 0.08699692040681839 0
1747595518083 0.02195199579000473 1
1747595526704 0.014307797886431217 2
1747595535264 0.011532798409461975 3
1747595544155 0.011082802899181843 4
1747595552670 0.010678342543542385 5
1747595561252 0.010434298776090145 6
1747595570067 0.010090642608702183 7
1747595578667 0.009503326378762722 8
1747595587690 0.009367711842060089 9
1747595596062 0.009123723953962326 10
1747595604503 0.009293475188314915 11
1747595613266 0.008925315923988819 12
1747595622024 0.009074167348444462 13
1747595631990 0.008561506867408752 14
1747595640362 0.008584748953580856 15
1747595649038 0.00849845726042986 16
1747595658148 0.008376837708055973 17
1747595666704 0.008238556794822216 18
1747595675503 0.007913666777312756 19
1747595684604 0.008007640019059181 20
1747595693222 0.0078019676730036736 21
1747595702173 0.007559670135378838 22
1747595711104 0.007325475569814444 23
1747595720165 0.007057467475533485 24
1747595728953 0.006965187378227711 25
1747595737426 0.0068124127574265 26
1747595746221 0.006942051462829113 27
1747595754887 0.00680358475074172 28
1747595763572 0.0064012338407337666 29
1747595772574 0.006591570097953081 30
1747595781361 0.0065247537568211555 31
1747595790381 0.006480753887444735 32
1747595798952 0.006221860647201538 33
1747595807605 0.006275044288486242 34
1747595816608 0.006325893569737673 35
1747595825194 0.006094031501561403 36
1747595833916 0.005952863022685051 37
1747595842896 0.006109200417995453 38
1747595851290 0.00601033354178071 39
1747595860004 0.005959740839898586 40
1747595869027 0.0056730820797383785 41
1747595877508 0.005775813013315201 42
1747595886627 0.0056653451174497604 43
1747595895307 0.005689785350114107 44
1747595904119 0.005721167661249638 45
1747595912952 0.0055970000103116035 46
1747595921455 0.005435893777757883 47
1747595930488 0.00548990024253726 48
1747595938967 0.005396439228206873 49
