1747648302530 0.24276803777267814 0
1747648316303 0.23925838262208368 1
1747648330117 0.23856536593468905 2
1747648343897 0.2380425855171443 3
1747648357881 0.23778972109090338 4
1747648371789 0.23778161995590053 5
1747648385724 0.23753000987431683 6
1747648399786 0.23737528215208276 7
1747648413576 0.23718696006688525 8
1747648427659 0.23702761825336474 9
1747648441549 0.2370346496528834 10
1747648454967 0.23708377629848384 11
1747648469043 0.2369020061426604 12
1747648483111 0.23685218414658157 13
1747648497294 0.2368011280596775 14
1747648511396 0.23685448635522804 15
1747648525386 0.23671429182637177 16
1747648539283 0.23661574743525515 17
1747648552831 0.23653066011429175 18
1747648566865 0.2366556751791623 19
1747648580916 0.23657672874190983 20
1747648594874 0.23653679154472085 21
1747648608843 0.2364754669503408 22
1747648622975 0.2364179892764845 23
1747648636632 0.23645555435920823 24
1747648650498 0.2363863006248941 25
1747648664286 0.23645674263939273 26
1747648678134 0.23634129375410362 27
1747648691491 0.23631600218199725 28
1747648705351 0.23631625398682474 29
1747648719354 0.23622605016763473 30
1747648733221 0.23621248840260115 31
1747648746933 0.23624058978734613 32
1747648761231 0.2362810308690973 33
1747648775394 0.2361834583928012 34
1747648789449 0.23611877418620195 35
1747648803498 0.23611634287883915 36
1747648817080 0.23609858449594817 37
1747648831199 0.23611283791204554 38
1747648845291 0.23605999973520922 39
1747648859205 0.23600478134739408 40
1747648873001 0.23596399393641054 41
1747648886628 0.23597919714575474 42
1747648900659 0.23598317080832762 43
1747648914835 0.2359200410722447 44
1747648928983 0.23589918690970868 45
1747648942821 0.2359424978494474 46
1747648956560 0.23586741787831636 47
1747648970350 0.23594396237682552 48
1747648984174 0.23581246087674312 49
