1747648302529 0.9146601557731628 0
1747648316302 0.9146718978881836 1
1747648330116 0.9146718978881836 2
1747648343896 0.9146914482116699 3
1747648357881 0.9147188067436218 4
1747648371787 0.9146992564201355 5
1747648385723 0.9151995778083801 6
1747648399785 0.9152073860168457 7
1747648413575 0.9151526689529419 8
1747648427658 0.9152738451957703 9
1747648441548 0.9152308702468872 10
1747648454966 0.9152542948722839 11
1747648469042 0.9153950214385986 12
1747648483110 0.9152894616127014 13
1747648497293 0.9153754711151123 14
1747648511396 0.9154223799705505 15
1747648525385 0.9153754711151123 16
1747648539282 0.9155787229537964 17
1747648552830 0.9155396223068237 18
1747648566864 0.915473222732544 19
1747648580915 0.9153872132301331 20
1747648594874 0.915473222732544 21
1747648608842 0.9154301881790161 22
1747648622972 0.9156256318092346 23
1747648636631 0.9155982732772827 24
1747648650497 0.9154028296470642 25
1747648664286 0.9153598546981812 26
1747648678133 0.9155279397964478 27
1747648691490 0.9155200719833374 28
1747648705350 0.9154419302940369 29
1747648719353 0.9155044555664062 30
1747648733219 0.9154966473579407 31
1747648746932 0.9156022071838379 32
1747648761230 0.9155279397964478 33
1747648775393 0.9155591726303101 34
1747648789448 0.9154849052429199 35
1747648803497 0.9155552983283997 36
1747648817079 0.9155787229537964 37
1747648831198 0.9154810309410095 38
1747648845290 0.9154301881790161 39
1747648859204 0.9155982732772827 40
1747648872999 0.9155357480049133 41
1747648886627 0.915586531162262 42
1747648900658 0.9155005812644958 43
1747648914834 0.9154849052429199 44
1747648928982 0.9156920909881592 45
1747648942820 0.9155279397964478 46
1747648956559 0.9156725406646729 47
1747648970349 0.9154888391494751 48
1747648984173 0.9155083894729614 49
