1747771389854 0.40284091234207153 0
1747771390126 0.7528409361839294 1
1747771390337 0.8522727489471436 2
1747771390551 0.8653408885002136 3
1747771390767 0.8971590995788574 4
1747771390983 0.9272727370262146 5
1747771391200 0.9448863863945007 6
1747771391417 0.9517045617103577 7
1747771391633 0.9409090876579285 8
1747771391850 0.9545454382896423 9
1747771392067 0.9488636255264282 10
1747771392285 0.9534090757369995 11
1747771392502 0.956818163394928 12
1747771392721 0.9619318246841431 13
1747771392971 0.9596590995788574 14
1747771393203 0.9573863744735718 15
1747771393436 0.9596590995788574 16
1747771393669 0.9653409123420715 17
1747771393945 0.9482954740524292 18
1747771394258 0.9539772868156433 19
1747771394570 0.956818163394928 20
1747771394881 0.9642045497894287 21
1747771395143 0.9573863744735718 22
1747771395365 0.9642045497894287 23
1747771395593 0.9670454263687134 24
1747771395822 0.9642045497894287 25
1747771396052 0.9676136374473572 26
1747771396283 0.9630681872367859 27
1747771396514 0.9602272510528564 28
1747771396746 0.9664772748947144 29
1747771396977 0.9607954621315002 30
1747771397209 0.9613636136054993 31
1747771397442 0.9647727012634277 32
1747771397674 0.9704545736312866 33
1747771397905 0.9704545736312866 34
1747771398137 0.9732954502105713 35
1747771398369 0.9664772748947144 36
1747771398601 0.9670454263687134 37
1747771398864 0.9636363387107849 38
1747771399178 0.9704545736312866 39
1747771399493 0.96875 40
1747771399809 0.9676136374473572 41
1747771400123 0.9630681872367859 42
1747771400436 0.956818163394928 43
1747771400750 0.9693182110786438 44
1747771401062 0.9732954502105713 45
1747771401333 0.9659090638160706 46
1747771401555 0.9681817889213562 47
1747771401784 0.9653409123420715 48
1747771402014 0.9710227251052856 49
