1747645394023 0.10642650371909854 0
1747645409562 0.05098785823386147 1
1747645424881 0.02483025548952144 2
1747645440533 0.014126783019223857 3
1747645456212 0.008258600442519018 4
1747645471742 0.007104122695657248 5
1747645487394 0.006201705164261333 6
1747645502824 0.0052437534814815225 7
1747645518105 0.004698184935952254 8
1747645533631 0.003841158904264702 9
1747645549190 0.0036405780507752896 10
1747645564927 0.0023592879210079334 11
1747645578922 0.0024642226273149928 12
1747645589314 0.0021988310815370055 13
1747645598933 0.0020112732211336314 14
1747645609560 0.00213390058832897 15
1747645620070 0.0017981303120012684 16
1747645630256 0.0016830806436677836 17
1747645640752 0.0017570145953235273 18
1747645651127 0.0014818732344184702 19
1747645661172 0.0016984297352262761 20
1747645671755 0.001491280599146843 21
1747645682188 0.0015018135622982358 22
1747645692053 0.0015944815252332668 23
1747645702448 0.0013420217021856582 24
1747645712862 0.0014427928092404373 25
1747645722813 0.001360940810083949 26
1747645733461 0.0013138089235747129 27
1747645744216 0.0013750896976628406 28
1747645754683 0.001214496127412055 29
1747645765408 0.0013111839207570817 30
1747645775769 0.0011826161410819908 31
1747645785839 0.001200539919460742 32
1747645796523 0.0012367093962452685 33
1747645807197 0.0011606815728868992 34
1747645817298 0.0012077956889269186 35
1747645827794 0.001136375098477511 36
1747645838326 0.0011797001612814711 37
1747645848887 0.0011570895656610493 38
1747645859494 0.0009611636574246422 39
1747645870047 0.0014391885483175885 40
1747645880348 0.0010891039415198262 41
1747645890385 0.0016384963152409975 42
1747645900761 0.0009663789406964896 43
1747645910873 0.0015788589228366106 44
1747645921482 0.0011138457931750834 45
1747645932166 0.0008879662831076338 46
1747645942042 0.0008548517465859774 47
1747645952491 0.0010776350010498375 48
1747645963244 0.0008549891361870829 49
