1747645394021 0.12102331966161728 0
1747645409561 0.08007919788360596 1
1747645424879 0.05576402321457863 2
1747645440532 0.03976251929998398 3
1747645456210 0.030449895188212395 4
1747645471741 0.027627523988485336 5
1747645487393 0.025117063894867897 6
1747645502823 0.022772977128624916 7
1747645518103 0.022198542952537537 8
1747645533630 0.019765790551900864 9
1747645549189 0.019699594005942345 10
1747645564926 0.01728937402367592 11
1747645578921 0.01677568070590496 12
1747645589313 0.015918312594294548 13
1747645598931 0.015168054029345512 14
1747645609559 0.014830749481916428 15
1747645620068 0.013921084813773632 16
1747645630254 0.013720951043069363 17
1747645640751 0.013778521679341793 18
1747645651125 0.012942731380462646 19
1747645661170 0.01319810189306736 20
1747645671753 0.012503384612500668 21
1747645682186 0.012430944480001926 22
1747645692051 0.012495661154389381 23
1747645702447 0.01147843524813652 24
1747645712860 0.011940260417759418 25
1747645722812 0.011791002005338669 26
1747645733460 0.011229757219552994 27
1747645744215 0.011553888209164143 28
1747645754682 0.010857094079256058 29
1747645765407 0.010875361040234566 30
1747645775767 0.011036837473511696 31
1747645785838 0.010865404270589352 32
1747645796522 0.010903880931437016 33
1747645807196 0.010233832523226738 34
1747645817296 0.010619592852890491 35
1747645827793 0.010256492532789707 36
1747645838325 0.01052186917513609 37
1747645848885 0.010221048258244991 38
1747645859493 0.009739586152136326 39
1747645870046 0.011732601560652256 40
1747645880346 0.010508297011256218 41
1747645890384 0.010710202157497406 42
1747645900759 0.00973004475235939 43
1747645910872 0.011253227479755878 44
1747645921481 0.010528848506510258 45
1747645932165 0.00899170059710741 46
1747645942041 0.008866350166499615 47
1747645952490 0.009650920517742634 48
1747645963242 0.008787271566689014 49
