1747770935990 51.07798767089844 0
1747770936186 50.22727966308594 1
1747770936365 46.54707336425781 2
1747770936540 39.159873962402344 3
1747770936716 32.87771987915039 4
1747770936893 25.750377655029297 5
1747770937070 22.581817626953125 6
1747770937249 21.460599899291992 7
1747770937428 21.124563217163086 8
1747770937623 21.137298583984375 9
1747770937872 21.133073806762695 10
1747770938124 21.155244827270508 11
1747770938393 21.184864044189453 12
1747770938663 21.24501609802246 13
1747770938926 21.251482009887695 14
1747770939186 21.312915802001953 15
1747770939437 21.2994327545166 16
1747770939685 21.29474639892578 17
1747770939935 21.275331497192383 18
1747770940136 21.344295501708984 19
1747770940303 21.31055450439453 20
1747770940474 21.35850715637207 21
1747770940652 21.333141326904297 22
1747770940837 21.314685821533203 23
1747770941022 21.378398895263672 24
1747770941208 21.256887435913086 25
1747770941395 21.2701358795166 26
1747770941583 21.297618865966797 27
1747770941768 21.26426887512207 28
1747770941956 21.332828521728516 29
1747770942149 21.24457359313965 30
1747770942332 21.242469787597656 31
1747770942514 21.258155822753906 32
1747770942699 21.25452423095703 33
1747770942881 20.995088577270508 34
1747770943056 20.460254669189453 35
1747770943236 19.872894287109375 36
1747770943420 18.576433181762695 37
1747770943604 16.47159767150879 38
1747770943794 15.224778175354004 39
1747770944043 14.872146606445312 40
1747770944294 14.758736610412598 41
1747770944548 14.696354866027832 42
1747770944804 14.676610946655273 43
1747770945059 14.580286979675293 44
1747770945316 14.576142311096191 45
1747770945573 14.573749542236328 46
1747770945833 14.545536994934082 47
1747770946086 14.5341796875 48
1747770946310 14.470987319946289 49
