1747770935992 4677.7039165439355 0
1747770936187 4600.3380918129815 1
1747770936366 4189.4232125004 2
1747770936542 3119.8659551219534 3
1747770936717 1963.8599293373397 4
1747770936894 1333.687882015032 5
1747770937071 1042.9569044154555 6
1747770937251 951.3817756565921 7
1747770937430 931.1323520704881 8
1747770937625 923.6551908157052 9
1747770937874 928.7151216940076 10
1747770938126 924.1288846640491 11
1747770938395 925.8067638641116 12
1747770938664 922.0115265357563 13
1747770938928 916.2280768330985 14
1747770939188 916.0643968404814 15
1747770939439 922.5510724412452 16
1747770939687 922.3642266499385 17
1747770939937 920.1985462530887 18
1747770940137 919.4567961919503 19
1747770940304 922.2661593724106 20
1747770940476 920.4693596404599 21
1747770940653 924.9245755639668 22
1747770940838 919.2748739631252 23
1747770941023 918.9046170892004 24
1747770941209 914.7287892806871 25
1747770941396 918.2505425894915 26
1747770941584 914.4949497412028 27
1747770941769 914.4840104207194 28
1747770941957 913.967470503023 29
1747770942150 913.3770903114654 30
1747770942333 909.6313396897157 31
1747770942516 913.5832581773918 32
1747770942700 909.3401720188671 33
1747770942882 887.388570733431 34
1747770943058 830.0739468082011 35
1747770943238 765.8593011937537 36
1747770943421 630.7194694210696 37
1747770943605 500.96980052080227 38
1747770943796 447.63977193055956 39
1747770944045 429.6003662066012 40
1747770944296 425.26856079349085 41
1747770944549 421.8008395772862 42
1747770944806 420.22907386264006 43
1747770945061 418.5390729066052 44
1747770945317 417.22970848729466 45
1747770945575 414.6213971989504 46
1747770945836 415.4363176733447 47
1747770946088 414.6739234488538 48
1747770946311 412.2870358001805 49
