1747573813013 0.0002199917969502493 0
1747573818762 0.0001606907209721846 1
1747573824562 0.0001506504780158441 2
1747573830315 0.00012957005243840664 3
1747573836102 0.00013468870280571417 4
1747573841505 0.00014214606309996598 5
1747573846778 0.00011002004983948107 6
1747573852310 0.0001325128566708577 7
1747573858161 0.00011801603226193712 8
1747573863808 0.00015642511949427723 9
1747573869300 0.00011290031026177458 10
1747573874881 0.00015312201458575546 11
1747573880558 0.00010223804653814493 12
1747573885898 0.00010254032463489379 13
1747573891052 0.00010514175727660197 14
1747573896668 0.00010167415766944566 15
1747573902537 0.0001003881081486316 16
1747573908273 8.938695859580485e-05 17
1747573914024 9.898121627568511e-05 18
1747573919756 9.08418857242274e-05 19
1747573925192 9.045369449977268e-05 20
1747573930258 9.75158663656116e-05 21
1747573935339 8.774167773775837e-05 22
1747573940967 0.00012057690289562523 23
1747573946649 8.67343693643669e-05 24
1747573952242 8.51566038779551e-05 25
1747573957790 9.37599702002121e-05 26
1747573963576 7.931657726103828e-05 27
1747573969346 8.660535311767142e-05 28
1747573974975 8.28712768957626e-05 29
1747573980113 7.524861865602105e-05 30
1747573985362 7.251817131742859e-05 31
1747573990994 0.00013860210734269312 32
1747573996553 7.482231303930223e-05 33
1747574002716 7.358969463596246e-05 34
1747574008429 7.399677109336135e-05 35
1747574013981 7.636342242013967e-05 36
1747574019531 7.458046135076973e-05 37
1747574025061 7.6412380613679e-05 38
1747574030065 6.628850225854076e-05 39
1747574035190 7.00775448071815e-05 40
1747574040657 7.162426110824556e-05 41
1747574046192 6.099812602677702e-05 42
1747574051858 6.860511867476587e-05 43
1747574057436 7.204096052436157e-05 44
1747574063039 6.823669975247717e-05 45
1747574068646 6.460710385865104e-05 46
1747574073932 6.672282539740132e-05 47
1747574079131 6.143588265454671e-05 48
1747574084530 6.208065554421885e-05 49
