1747573813011 0.005584211554378271 0
1747573818760 0.004810318350791931 1
1747573824560 0.004784710705280304 2
1747573830313 0.004534962587058544 3
1747573836101 0.0045224823988974094 4
1747573841503 0.004542076960206032 5
1747573846776 0.004222190473228693 6
1747573852309 0.004401756916195154 7
1747573858159 0.0043506561778485775 8
1747573863807 0.004294953308999538 9
1747573869299 0.0042120348662137985 10
1747573874880 0.004184151068329811 11
1747573880556 0.004105585161596537 12
1747573885896 0.003950837999582291 13
1747573891051 0.003949937876313925 14
1747573896666 0.0038496660999953747 15
1747573902535 0.003881489858031273 16
1747573908271 0.003757267026230693 17
1747573914023 0.003737138584256172 18
1747573919755 0.003674875944852829 19
1747573925191 0.0036160701420158148 20
1747573930256 0.0036292909644544125 21
1747573935338 0.0035111599136143923 22
1747573940966 0.003692769445478916 23
1747573946648 0.003686546813696623 24
1747573952240 0.003500978695228696 25
1747573957789 0.0033961692824959755 26
1747573963574 0.003442044137045741 27
1747573969345 0.0035434768069535494 28
1747573974973 0.003355777356773615 29
1747573980111 0.00338100572116673 30
1747573985360 0.0033120946027338505 31
1747573990993 0.003475816687569022 32
1747573996552 0.003415221581235528 33
1747574002714 0.0032890799921005964 34
1747574008428 0.003333142725750804 35
1747574013979 0.003234622534364462 36
1747574019530 0.003284671576693654 37
1747574025058 0.0033197407610714436 38
1747574030062 0.0030913816299289465 39
1747574035189 0.003277239855378866 40
1747574040656 0.00327483587898314 41
1747574046189 0.002951801987364888 42
1747574051856 0.0031415584962815046 43
1747574057434 0.003178446087986231 44
1747574063038 0.0030924761667847633 45
1747574068645 0.0031266422010958195 46
1747574073930 0.0031108874827623367 47
1747574079130 0.0029815691523253918 48
1747574084528 0.003056570189073682 49
