1747569895955 0.1600957065820694 0
1747569901572 0.15943560004234314 1
1747569907532 0.1576477736234665 2
1747569913152 0.15487420558929443 3
1747569918655 0.15158255398273468 4
1747569923959 0.14251770079135895 5
1747569928959 0.13048674166202545 6
1747569934447 0.12460401654243469 7
1747569940135 0.12307721376419067 8
1747569945851 0.12193083763122559 9
1747569951498 0.12088241428136826 10
1747569957119 0.12041967362165451 11
1747569962808 0.12035287171602249 12
1747569968208 0.12030196189880371 13
1747569973352 0.12025044113397598 14
1747569978979 0.12026361376047134 15
1747569984442 0.12025638669729233 16
1747569990118 0.12018653750419617 17
1747569995829 0.12011180818080902 18
1747570001397 0.12001191079616547 19
1747570007122 0.11994658410549164 20
1747570012889 0.11979882419109344 21
1747570018601 0.1197952851653099 22
1747570023666 0.11966565251350403 23
1747570028896 0.11957478523254395 24
1747570034220 0.11952723562717438 25
1747570039857 0.11947432905435562 26
1747570045457 0.11935260146856308 27
1747570051010 0.1192503497004509 28
1747570056750 0.11895349621772766 29
1747570062455 0.11866878718137741 30
1747570068260 0.11844787001609802 31
1747570073920 0.11792722344398499 32
1747570079606 0.11748234182596207 33
1747570085159 0.11699824035167694 34
1747570090704 0.1166783794760704 35
1747570096490 0.1165376827120781 36
1747570102183 0.11645213514566422 37
1747570108004 0.1164000853896141 38
1747570113652 0.11647996306419373 39
1747570119258 0.11644604057073593 40
1747570125052 0.11635611206293106 41
1747570130250 0.11633463203907013 42
1747570135396 0.11628233641386032 43
1747570141087 0.11632528901100159 44
1747570146837 0.11631029099225998 45
1747570152400 0.11627434939146042 46
1747570158043 0.11631909757852554 47
1747570163592 0.11618568003177643 48
1747570168588 0.11621826887130737 49
