1747770432339 4628.557855250877 0
1747770432536 4576.130843489557 1
1747770432730 4464.618825787762 2
1747770432929 4277.729122095217 3
1747770433125 3871.671714885684 4
1747770433324 3546.1614201155176 5
1747770433521 2977.4094370509833 6
1747770433720 2077.6783542683397 7
1747770433915 1457.4530999906785 8
1747770434115 1114.5795407481453 9
1747770434286 990.1393531283727 10
1747770434417 958.0310083608508 11
1747770434559 955.218613878411 12
1747770434700 945.937273360389 13
1747770434844 945.1808178189718 14
1747770434989 934.5581690821339 15
1747770435134 933.84121062336 16
1747770435278 934.8123090632934 17
1747770435424 927.8168013816123 18
1747770435570 923.1827195053439 19
1747770435714 925.0239641995704 20
1747770435859 920.5784780420139 21
1747770436005 912.4783702796859 22
1747770436149 914.9810047506501 23
1747770436290 908.2422038661788 24
1747770436432 902.8985874206836 25
1747770436570 898.7698420470339 26
1747770436710 891.877262435384 27
1747770436852 878.2890841739497 28
1747770436999 866.5066954437335 29
1747770437145 850.8151897975838 30
1747770437295 827.7300550077113 31
1747770437442 804.7235437300917 32
1747770437589 765.3614883446941 33
1747770437736 726.903691292495 34
1747770437884 697.7957038815624 35
1747770438059 670.5136432988883 36
1747770438260 649.7195130180781 37
1747770438467 635.313915485258 38
1747770438673 627.1769462229657 39
1747770438881 610.2955989132666 40
1747770439087 603.0407744171542 41
1747770439291 584.920401307236 42
1747770439494 567.006779882189 43
1747770439695 549.0750211885272 44
1747770439893 517.990895888393 45
1747770440091 421.094011653428 46
1747770440292 396.5567730439478 47
1747770440482 386.9564288539921 48
1747770440616 382.5448097691543 49
