1747770432338 50.83717346191406 0
1747770432535 50.33388900756836 1
1747770432729 49.477760314941406 2
1747770432928 47.76654815673828 3
1747770433124 43.94578552246094 4
1747770433323 40.00811004638672 5
1747770433520 34.2891731262207 6
1747770433719 27.144699096679688 7
1747770433914 23.766033172607422 8
1747770434114 22.189661026000977 9
1747770434285 21.76573944091797 10
1747770434416 21.563655853271484 11
1747770434558 21.47666358947754 12
1747770434699 21.3865966796875 13
1747770434843 21.312053680419922 14
1747770434988 21.289525985717773 15
1747770435133 21.267091751098633 16
1747770435277 21.199872970581055 17
1747770435423 21.230497360229492 18
1747770435569 21.223392486572266 19
1747770435713 21.107120513916016 20
1747770435858 21.109577178955078 21
1747770436004 21.080963134765625 22
1747770436148 21.025312423706055 23
1747770436289 20.99236297607422 24
1747770436431 20.98077392578125 25
1747770436569 20.900068283081055 26
1747770436709 20.859949111938477 27
1747770436851 20.803707122802734 28
1747770436998 20.64362335205078 29
1747770437144 20.479928970336914 30
1747770437294 20.196264266967773 31
1747770437441 19.786062240600586 32
1747770437588 19.286651611328125 33
1747770437735 18.756053924560547 34
1747770437883 18.18674659729004 35
1747770438058 17.77709197998047 36
1747770438259 17.495450973510742 37
1747770438465 17.290699005126953 38
1747770438672 17.173606872558594 39
1747770438880 17.09991455078125 40
1747770439086 17.106046676635742 41
1747770439289 17.011398315429688 42
1747770439493 16.814355850219727 43
1747770439693 16.69009017944336 44
1747770439892 16.42889976501465 45
1747770440089 15.126323699951172 46
1747770440290 14.560714721679688 47
1747770440481 14.37752914428711 48
1747770440615 14.252659797668457 49
