1747581902382 0.05279342457652092 0
1747581907879 0.006249928381294012 1
1747581913487 0.005728813353925943 2
1747581919035 0.005459548439830542 3
1747581924700 0.00537139130756259 4
1747581930511 0.005090005695819855 5
1747581936328 0.004955717362463474 6
1747581941570 0.0049169245176017284 7
1747581947060 0.0047991001047194 8
1747581952737 0.00456067081540823 9
1747581958323 0.004446012433618307 10
1747581963747 0.004380726721137762 11
1747581968916 0.004481408279389143 12
1747581974421 0.004263079725205898 13
1747581980120 0.00431418139487505 14
1747581985708 0.004151522647589445 15
1747581991312 0.004072427749633789 16
1747581996932 0.0041381437331438065 17
1747582002712 0.003978475462645292 18
1747582008492 0.004026390612125397 19
1747582014310 0.004034724552184343 20
1747582019813 0.003881104290485382 21
1747582025067 0.0038192293141037226 22
1747582030590 0.0037857256829738617 23
1747582036415 0.0038133186753839254 24
1747582042261 0.003732070093974471 25
1747582047944 0.003802534658461809 26
1747582053466 0.0037149861454963684 27
1747582059074 0.0037147679831832647 28
1747582064763 0.0036154501140117645 29
1747582070413 0.0035623577423393726 30
1747582075902 0.0036558781284838915 31
1747582081252 0.003659456968307495 32
1747582086804 0.003572724526748061 33
1747582092344 0.0035884438548237085 34
1747582097996 0.0035412609577178955 35
1747582103703 0.0033820432145148516 36
1747582109512 0.0034886416979134083 37
1747582115240 0.0035809974651783705 38
1747582120949 0.003373246407136321 39
1747582126698 0.00336852902546525 40
1747582132368 0.0033725472167134285 41
1747582137798 0.003331329906359315 42
1747582143216 0.003320786403492093 43
1747582148861 0.003351254155859351 44
1747582154630 0.0034362426958978176 45
1747582160199 0.0033592907711863518 46
1747582165784 0.0033337848726660013 47
1747582171384 0.00329328584484756 48
1747582176963 0.0032912534661591053 49
