1747581902383 0.0729190104613365 0
1747581907881 0.00025871729262379113 1
1747581913488 0.00023304557424679 2
1747581919036 0.00018464707105771263 3
1747581924701 0.00021092683723956428 4
1747581930512 0.0001742270113443459 5
1747581936330 0.0001784510319607354 6
1747581941571 0.00015379964346508513 7
1747581947061 0.00015107018854333592 8
1747581952738 0.0001375524517018082 9
1747581958325 0.0001322989101627733 10
1747581963748 0.0001282619740715451 11
1747581968917 0.00013889332483708853 12
1747581974422 0.0001326236265120553 13
1747581980121 0.0001230656086546625 14
1747581985709 0.00012116798282427987 15
1747581991313 0.00011329569741643415 16
1747581996933 0.00011615333140091485 17
1747582002713 0.00011496140360183129 18
1747582008493 0.0001132521097624096 19
1747582014311 0.00012012170351230631 20
1747582019814 0.00010668568473735898 21
1747582025068 0.00010287758489198653 22
1747582030591 0.00010126867639584825 23
1747582036416 0.00010582086943413131 24
1747582042262 0.00011135658684436966 25
1747582047945 0.00010444997537993596 26
1747582053467 9.682483762987795e-05 27
1747582059075 0.00010097338305282473 28
1747582064764 9.371795938089551e-05 29
1747582070414 9.48933022412739e-05 30
1747582075903 0.00010080874649076753 31
1747582081253 0.00010320600304574516 32
1747582086805 9.074027356370149e-05 33
1747582092345 9.271304786528542e-05 34
1747582097997 9.076399373385818e-05 35
1747582103704 8.585822362212294e-05 36
1747582109513 8.467087144217846e-05 37
1747582115241 8.906695264746149e-05 38
1747582120950 8.080601906954084e-05 39
1747582126699 8.65731329332905e-05 40
1747582132371 8.59573467689684e-05 41
1747582137799 7.878341067502179e-05 42
1747582143217 7.997322582472946e-05 43
1747582148862 7.844229928032816e-05 44
1747582154631 8.371974505199837e-05 45
1747582160200 7.771770450995473e-05 46
1747582165784 8.112837852764029e-05 47
1747582171385 7.474773729105149e-05 48
1747582176964 7.503482989303435e-05 49
