1747770798560 nan 0
1747770798738 nan 1
1747770798913 nan 2
1747770799091 nan 3
1747770799273 nan 4
1747770799450 nan 5
1747770799632 nan 6
1747770799814 nan 7
1747770799990 nan 8
1747770800178 nan 9
1747770800368 nan 10
1747770800533 nan 11
1747770800702 nan 12
1747770800894 nan 13
1747770801147 nan 14
1747770801405 nan 15
1747770801661 nan 16
1747770801907 nan 17
1747770802157 nan 18
1747770802407 nan 19
1747770802654 nan 20
1747770802901 nan 21
1747770803150 nan 22
1747770803367 nan 23
1747770803532 nan 24
1747770803704 nan 25
1747770803890 nan 26
1747770804071 nan 27
1747770804255 nan 28
1747770804464 nan 29
1747770804661 nan 30
1747770804857 nan 31
1747770805044 nan 32
1747770805234 nan 33
1747770805419 nan 34
1747770805606 nan 35
1747770805793 nan 36
1747770805979 nan 37
1747770806168 nan 38
1747770806357 nan 39
1747770806543 nan 40
1747770806728 nan 41
1747770806912 nan 42
1747770807112 nan 43
1747770807363 nan 44
1747770807616 nan 45
1747770807868 nan 46
1747770808122 nan 47
1747770808380 nan 48
1747770808636 nan 49
