1747770798559 nan 0
1747770798737 nan 1
1747770798912 nan 2
1747770799090 nan 3
1747770799272 nan 4
1747770799449 nan 5
1747770799631 nan 6
1747770799813 nan 7
1747770799989 nan 8
1747770800177 nan 9
1747770800367 nan 10
1747770800532 nan 11
1747770800701 nan 12
1747770800893 nan 13
1747770801145 nan 14
1747770801403 nan 15
1747770801659 nan 16
1747770801905 nan 17
1747770802156 nan 18
1747770802406 nan 19
1747770802652 nan 20
1747770802900 nan 21
1747770803148 nan 22
1747770803366 nan 23
1747770803531 nan 24
1747770803703 nan 25
1747770803889 nan 26
1747770804070 nan 27
1747770804254 nan 28
1747770804463 nan 29
1747770804660 nan 30
1747770804856 nan 31
1747770805043 nan 32
1747770805233 nan 33
1747770805418 nan 34
1747770805604 nan 35
1747770805792 nan 36
1747770805978 nan 37
1747770806167 nan 38
1747770806356 nan 39
1747770806541 nan 40
1747770806727 nan 41
1747770806910 nan 42
1747770807111 nan 43
1747770807361 nan 44
1747770807614 nan 45
1747770807866 nan 46
1747770808121 nan 47
1747770808378 nan 48
1747770808634 nan 49
