1747567297074 0.47404447197914124 0
1747567302177 0.12986329197883606 1
1747567307624 0.12468771636486053 2
1747567313021 0.11915917694568634 3
1747567318454 0.11266285926103592 4
1747567323725 0.10934630781412125 5
1747567328897 0.10954194515943527 6
1747567334274 0.1096612885594368 7
1747567339802 0.10899048298597336 8
1747567344793 0.11057478189468384 9
1747567350201 0.11020355671644211 10
1747567355234 0.11039374023675919 11
1747567360771 0.11064250767230988 12
1747567366234 0.11086057871580124 13
1747567371685 0.11099391430616379 14
1747567376651 0.11125942319631577 15
1747567381581 0.1114172637462616 16
1747567386974 0.11163348704576492 17
1747567391889 0.11182840913534164 18
1747567397432 0.1118365004658699 19
1747567402810 0.11188236624002457 20
1747567408147 0.11215059459209442 21
1747567413466 0.11254972964525223 22
1747567418650 0.11266875267028809 23
1747567423971 0.11267516762018204 24
1747567429443 0.11262493580579758 25
1747567435100 0.11274499446153641 26
1747567440771 0.11291218549013138 27
1747567446301 0.11306679993867874 28
1747567451859 0.11304818093776703 29
1747567457398 0.11318699270486832 30
1747567462940 0.1131741851568222 31
1747567468078 0.11313757300376892 32
1747567473213 0.11299978941679001 33
1747567478757 0.11351149529218674 34
1747567484447 0.11350841820240021 35
1747567489789 0.11326944082975388 36
1747567495173 0.11350605636835098 37
1747567501127 0.11351694166660309 38
1747567507908 0.11353456974029541 39
1747567513676 0.11356150358915329 40
1747567518733 0.11359556764364243 41
1747567523646 0.1135701909661293 42
1747567528849 0.11363321542739868 43
1747567534252 0.11363063752651215 44
1747567539783 0.11354006081819534 45
1747567545376 0.11359851807355881 46
1747567551057 0.11369405686855316 47
1747567556581 0.113751120865345 48
1747567562030 0.11375400424003601 49
