1747567297076 4.499563159473417 0
1747567302178 0.07255983231771651 1
1747567307625 0.06652501757558357 2
1747567313022 0.06256208990085638 3
1747567318455 0.06027519641743241 4
1747567323727 0.059293878830981785 5
1747567328899 0.05882162930058807 6
1747567334275 0.058464813210647226 7
1747567339803 0.05825679158468004 8
1747567344794 0.057871468337790805 9
1747567350202 0.05766147689533521 10
1747567355235 0.05753307666832953 11
1747567360773 0.05742154887934699 12
1747567366235 0.05736240983907615 13
1747567371686 0.05729862110907245 14
1747567376653 0.057235541225525814 15
1747567381582 0.05718742344331112 16
1747567386975 0.05713744385149505 17
1747567391890 0.05710448154293383 18
1747567397433 0.057071914250756924 19
1747567402811 0.057054175447283015 20
1747567408149 0.05702639546409791 21
1747567413468 0.056976945443869595 22
1747567418651 0.05697633454047004 23
1747567423972 0.056933592925140386 24
1747567429444 0.056946260960237756 25
1747567435101 0.05692759651400235 26
1747567440773 0.05690651269930376 27
1747567446302 0.0568982370440211 28
1747567451860 0.056880672795179214 29
1747567457400 0.056871661981784505 30
1747567462942 0.05685669482771832 31
1747567468082 0.05685650831385287 32
1747567473214 0.05686589248360483 33
1747567478759 0.05683042939860733 34
1747567484448 0.05682828487213934 35
1747567489790 0.056837761134231383 36
1747567495175 0.056815535720278074 37
1747567501128 0.05680941014438226 38
1747567507909 0.05681521528331399 39
1747567513677 0.05679941383327874 40
1747567518737 0.05679703207930841 41
1747567523648 0.05679965836243333 42
1747567528851 0.05678501013538786 43
1747567534254 0.0567890230969083 44
1747567539785 0.05678207669698512 45
1747567545378 0.05678561664818851 46
1747567551059 0.056770281188070267 47
1747567556583 0.05677022902857228 48
1747567562032 0.05676454137060396 49
