1747610723146 0.40356919169425964 0
1747610732814 0.14878222346305847 1
1747610741853 0.12543202936649323 2
1747610751727 0.11580057442188263 3
1747610760960 0.11911091208457947 4
1747610770500 0.12090513855218887 5
1747610779972 0.12444237619638443 6
1747610789716 0.12508524954319 7
1747610799178 0.12638849020004272 8
1747610808682 0.12805700302124023 9
1747610818180 0.12920230627059937 10
1747610827403 0.1299963891506195 11
1747610837041 0.13138553500175476 12
1747610846380 0.13260675966739655 13
1747610855977 0.13235095143318176 14
1747610865510 0.13327984511852264 15
1747610874621 0.13326403498649597 16
1747610884567 0.1339125633239746 17
1747610893651 0.13431760668754578 18
1747610903526 0.12318392097949982 19
1747610912476 0.11314117163419724 20
1747610922613 0.10701310634613037 21
1747610931653 0.10318664461374283 22
1747610940398 0.1027955487370491 23
1747610950115 0.10240089148283005 24
1747610959199 0.1009141132235527 25
1747610969101 0.09976928681135178 26
1747610978294 0.09928982704877853 27
1747610987835 0.09916042536497116 28
1747610997320 0.09736361354589462 29
1747611006606 0.09554758667945862 30
1747611016554 0.09398426860570908 31
1747611025643 0.09304418414831161 32
1747611035609 0.09241975098848343 33
1747611044645 0.0919446274638176 34
1747611054448 0.09193316847085953 35
1747611063740 0.09240132570266724 36
1747611073136 0.09199433773756027 37
1747611082926 0.0918339192867279 38
1747611092448 0.09168033301830292 39
1747611101834 0.0907304659485817 40
1747611110866 0.09007666260004044 41
1747611120586 0.0897589698433876 42
1747611130029 0.08947228640317917 43
1747611139016 0.08910313993692398 44
1747611148783 0.08888572454452515 45
1747611158087 0.0884193405508995 46
1747611167862 0.08800625056028366 47
1747611176950 0.08779305219650269 48
1747611186505 0.0873660072684288 49
