1747770416026 4630.720207904155 0
1747770416157 4568.176941827214 1
1747770416283 4470.083904623646 2
1747770416409 4281.354475452635 3
1747770416535 3866.8573558661183 4
1747770416661 3534.6427118008846 5
1747770416794 2968.8001758517717 6
1747770416925 2063.601461085676 7
1747770417097 1449.4340619243608 8
1747770417269 1111.20163241372 9
1747770417435 983.9563038854579 10
1747770417597 960.5300425089208 11
1747770417758 948.687790160728 12
1747770417922 950.3860328577467 13
1747770418083 944.6273871540501 14
1747770418245 934.2761055409089 15
1747770418414 928.3491077299793 16
1747770418583 929.787662197008 17
1747770418754 929.8363799460083 18
1747770418923 922.860793625688 19
1747770419087 918.1287003037088 20
1747770419229 920.0878918318716 21
1747770419396 917.9354203400554 22
1747770419588 909.1335450893878 23
1747770419780 903.2811726574638 24
1747770419970 907.6012813520786 25
1747770420154 893.0301059437901 26
1747770420388 891.3070756810848 27
1747770420572 881.3126952261485 28
1747770420759 866.6289265121851 29
1747770420944 855.9102766620898 30
1747770421134 829.7500559924299 31
1747770421343 806.1551759070095 32
1747770421534 768.69140178021 33
1747770421720 734.4966807839519 34
1747770421874 700.990851919231 35
1747770421992 679.3390642038397 36
1747770422122 648.1940772177217 37
1747770422256 639.2480241258171 38
1747770422394 625.5354836599635 39
1747770422531 615.9662567038855 40
1747770422672 602.1487774535866 41
1747770422815 591.3927802225024 42
1747770422954 567.6921669547197 43
1747770423090 550.6493785189558 44
1747770423227 522.6362295730521 45
1747770423355 427.86355547742386 46
1747770423484 396.9348772985879 47
1747770423612 388.34072431378934 48
1747770423744 383.7249284258954 49
