1747770416025 50.8349494934082 0
1747770416156 50.329307556152344 1
1747770416282 49.46884536743164 2
1747770416408 47.75544357299805 3
1747770416534 43.89265441894531 4
1747770416660 40.012916564941406 5
1747770416793 34.269100189208984 6
1747770416924 27.11258316040039 7
1747770417096 23.720333099365234 8
1747770417268 22.17617416381836 9
1747770417434 21.707883834838867 10
1747770417596 21.592453002929688 11
1747770417757 21.462905883789062 12
1747770417921 21.378507614135742 13
1747770418082 21.309762954711914 14
1747770418244 21.318099975585938 15
1747770418413 21.28754234313965 16
1747770418582 21.209001541137695 17
1747770418753 21.187456130981445 18
1747770418922 21.18202781677246 19
1747770419086 21.147035598754883 20
1747770419228 21.105201721191406 21
1747770419394 21.07820701599121 22
1747770419587 21.034334182739258 23
1747770419778 20.999357223510742 24
1747770419968 20.940670013427734 25
1747770420152 20.904874801635742 26
1747770420385 20.847442626953125 27
1747770420571 20.731351852416992 28
1747770420758 20.61978530883789 29
1747770420943 20.457075119018555 30
1747770421133 20.259273529052734 31
1747770421341 19.845088958740234 32
1747770421532 19.28179168701172 33
1747770421719 18.77547264099121 34
1747770421873 18.2571964263916 35
1747770421992 17.832372665405273 36
1747770422121 17.499526977539062 37
1747770422254 17.321313858032227 38
1747770422393 17.164966583251953 39
1747770422530 17.11564064025879 40
1747770422671 17.119428634643555 41
1747770422814 17.022613525390625 42
1747770422953 16.85417366027832 43
1747770423089 16.709148406982422 44
1747770423226 16.493803024291992 45
1747770423354 15.247289657592773 46
1747770423483 14.557966232299805 47
1747770423611 14.392190933227539 48
1747770423743 14.274053573608398 49
