1747724152215 0.9004713892936707 0
1747724168516 0.9153832793235779 1
1747724184942 0.9151057600975037 2
1747724201456 0.9151722192764282 3
1747724217773 0.9152621030807495 4
1747724233484 0.9151917695999146 5
1747724249174 0.9152816534042358 6
1747724265462 0.9152816534042358 7
1747724281459 0.9153129458427429 8
1747724297322 0.9152542948722839 9
1747724312655 0.9151135683059692 10
1747724328833 0.9152699112892151 11
1747724344237 0.9153754711151123 12
1747724359878 0.9153715372085571 13
1747724375652 0.9153989553451538 14
1747724392453 0.9153950214385986 15
1747724408823 0.9153285622596741 16
1747724425627 0.9153794050216675 17
1747724442086 0.9152894616127014 18
1747724457426 0.9153989553451538 19
1747724474302 0.9154536724090576 20
1747724489915 0.9153246879577637 21
1747724506249 0.9153520464897156 22
1747724522065 0.9154263138771057 23
1747724538614 0.9154614806175232 24
1747724553941 0.9155240058898926 25
1747724570188 0.915414571762085 26
1747724586103 0.9153520464897156 27
1747724602419 0.9154067635536194 28
1747724619022 0.9154301881790161 29
1747724635522 0.9152504205703735 30
1747724651843 0.9154419302940369 31
1747724668933 0.9154223799705505 32
1747724685338 0.9153910875320435 33
1747724701182 0.9152777791023254 34
1747724716623 0.9153872132301331 35
1747724732749 0.9153129458427429 36
1747724748771 0.9154379963874817 37
1747724764616 0.9154536724090576 38
1747724781024 0.9153832793235779 39
1747724796865 0.9152582287788391 40
1747724813564 0.9153051376342773 41
1747724829735 0.9153363704681396 42
1747724846123 0.9153910875320435 43
1747724862597 0.9153285622596741 44
1747724879325 0.9152894616127014 45
1747724895907 0.9154106378555298 46
1747724912775 0.9154614806175232 47
1747724929227 0.9153285622596741 48
1747724945667 0.9154379963874817 49
