1747724152215 0.2632704306527588 0
1747724168517 0.23898386152337306 1
1747724184943 0.23812270276300776 2
1747724201457 0.23797042863868215 3
1747724217774 0.2378132469322366 4
1747724233485 0.23770175587338696 5
1747724249175 0.237615619027088 6
1747724265463 0.23761424133320322 7
1747724281460 0.2375268687403319 8
1747724297323 0.23750205310443834 9
1747724312657 0.23727506227813053 10
1747724328835 0.2373297518963267 11
1747724344237 0.2372777203603882 12
1747724359879 0.23719323446858115 13
1747724375653 0.23725580624384976 14
1747724392453 0.23703934320297398 15
1747724408824 0.23703347639474662 16
1747724425628 0.23703048775547012 17
1747724442086 0.23694579771673252 18
1747724457427 0.23684296624430712 19
1747724474303 0.23678226831002747 20
1747724489915 0.2369080904763919 21
1747724506250 0.23683555319942945 22
1747724522065 0.23675500028958305 23
1747724538614 0.23673549351977266 24
1747724553941 0.2366389572411536 25
1747724570188 0.23672478130876767 26
1747724586104 0.2366920922518702 27
1747724602420 0.2366670226562784 28
1747724619023 0.23667182505453777 29
1747724635523 0.23658263039067942 30
1747724651843 0.23651540963282136 31
1747724668934 0.2366395751653459 32
1747724685339 0.23650004873839434 33
1747724701183 0.23648614253617062 34
1747724716623 0.2364966222872628 35
1747724732750 0.2364238279236869 36
1747724748772 0.23641993590299204 37
1747724764617 0.23643398480679692 38
1747724781025 0.2364394764031263 39
1747724796866 0.2363400127338252 40
1747724813564 0.23638445874451283 41
1747724829736 0.23645903581839472 42
1747724846124 0.2363315191726316 43
1747724862599 0.23637236461018332 44
1747724879325 0.23635545611900868 45
1747724895908 0.23614759718163716 46
1747724912776 0.23616896020398118 47
1747724929228 0.2362704268268439 48
1747724945667 0.2362142714431046 49
