1747634835105 0.11702611297369003 0
1747634844765 0.08271826803684235 1
1747634854733 0.06621896475553513 2
1747634865279 0.0441783182322979 3
1747634875445 0.03448102995753288 4
1747634885862 0.027173278853297234 5
1747634896364 0.02516511082649231 6
1747634906581 0.023813148960471153 7
1747634916891 0.02126435935497284 8
1747634927483 0.02014751359820366 9
1747634937682 0.019882861524820328 10
1747634948067 0.018467368558049202 11
1747634958574 0.018199000507593155 12
1747634968672 0.017571205273270607 13
1747634979048 0.015858937054872513 14
1747634989655 0.015324791893362999 15
1747634999905 0.01514040119946003 16
1747635010220 0.01524959597736597 17
1747635020528 0.01312151551246643 18
1747635030615 0.01434305403381586 19
1747635041087 0.014134880155324936 20
1747635051595 0.01378429215401411 21
1747635061446 0.013623667880892754 22
1747635071319 0.012616169638931751 23
1747635081379 0.012769836001098156 24
1747635091827 0.012487669475376606 25
1747635101704 0.011116856709122658 26
1747635111552 0.011420391499996185 27
1747635121735 0.011202222667634487 28
1747635132122 0.01175728626549244 29
1747635142703 0.011124548502266407 30
1747635153002 0.010949338786303997 31
1747635163164 0.010778043419122696 32
1747635173758 0.010510982014238834 33
1747635184351 0.01059742271900177 34
1747635194491 0.01027763169258833 35
1747635204919 0.009902979247272015 36
1747635214918 0.009731299243867397 37
1747635225128 0.010016991756856441 38
1747635235634 0.010137067176401615 39
1747635246239 0.009518296457827091 40
1747635256542 0.00983775220811367 41
1747635266916 0.009602314792573452 42
1747635276876 0.008646059781312943 43
1747635287039 0.009772027842700481 44
1747635297696 0.009403874166309834 45
1747635307956 0.008462582714855671 46
1747635318154 0.009461959823966026 47
1747635328728 0.009703864343464375 48
1747635338808 0.008077913895249367 49
