1747770133080 27.78992462158203 0
1747770133221 18.964284896850586 1
1747770133360 16.407487869262695 2
1747770133527 13.947879791259766 3
1747770133703 11.564811706542969 4
1747770133847 9.748680114746094 5
1747770133992 8.323955535888672 6
1747770134134 7.152906894683838 7
1747770134279 6.131097793579102 8
1747770134465 5.364469528198242 9
1747770134616 4.664268493652344 10
1747770134721 3.9864301681518555 11
1747770134830 3.3984599113464355 12
1747770134946 2.8551642894744873 13
1747770135053 2.4141156673431396 14
1747770135159 2.0699992179870605 15
1747770135274 1.8179571628570557 16
1747770135390 1.6241576671600342 17
1747770135501 1.491092324256897 18
1747770135611 1.3866254091262817 19
1747770135727 1.29562509059906 20
1747770135844 1.2263456583023071 21
1747770135960 1.15884530544281 22
1747770136074 1.0976232290267944 23
1747770136208 1.0450457334518433 24
1747770136328 0.9865723252296448 25
1747770136442 0.9279016256332397 26
1747770136556 0.8812414407730103 27
1747770136668 0.8284768462181091 28
1747770136781 0.7829816341400146 29
1747770136894 0.7447137832641602 30
1747770137018 0.6996492743492126 31
1747770137137 0.6592143774032593 32
1747770137253 0.6212208271026611 33
1747770137370 0.5865430235862732 34
1747770137487 0.5576071739196777 35
1747770137603 0.522806704044342 36
1747770137715 0.4958565831184387 37
1747770137826 0.46208032965660095 38
1747770137939 0.44224315881729126 39
1747770138057 0.41809943318367004 40
1747770138172 0.3915906548500061 41
1747770138287 0.37095898389816284 42
1747770138406 0.35254406929016113 43
1747770138555 0.3341490924358368 44
1747770138695 0.32041165232658386 45
1747770138839 0.30779412388801575 46
1747770138978 0.2950606048107147 47
1747770139119 0.282484233379364 48
1747770139267 0.27353960275650024 49
