1747770133082 1738.0606499307246 0
1747770133223 793.8460258610413 1
1747770133361 537.3034347609891 2
1747770133529 390.0925038894191 3
1747770133705 270.13661152086 4
1747770133849 188.2069773419382 5
1747770133993 134.06531409190936 6
1747770134136 97.4896390380593 7
1747770134281 72.71420281567582 8
1747770134467 56.07475895439668 9
1747770134617 42.678889633950156 10
1747770134722 31.47415194373166 11
1747770134831 22.519124658119175 12
1747770134947 16.09172198303497 13
1747770135054 11.50670454787699 14
1747770135161 8.473233376820513 15
1747770135276 6.604112326511763 16
1747770135392 5.467431592626317 17
1747770135503 4.716567955097299 18
1747770135612 4.164996242043158 19
1747770135728 3.783484718321151 20
1747770135846 3.446902129812084 21
1747770135962 3.121192789195559 22
1747770136075 2.856546870170692 23
1747770136210 2.586608808398233 24
1747770136330 2.3392232392064436 25
1747770136444 2.109340943321447 26
1747770136557 1.9065858641665778 27
1747770136670 1.6941764402091055 28
1747770136783 1.5095917670932708 29
1747770136895 1.3647744670157498 30
1747770137020 1.2053976749412494 31
1747770137139 1.0638966510743872 32
1747770137254 0.9431531233232953 33
1747770137372 0.8324444405066186 34
1747770137488 0.7538126776779753 35
1747770137604 0.6548568429498454 36
1747770137716 0.5869582493306159 37
1747770137827 0.5187190470203779 38
1747770137940 0.46895674615211125 39
1747770138058 0.4180659946644867 40
1747770138174 0.3733745398041685 41
1747770138288 0.3427150615066516 42
1747770138407 0.30747761021176334 43
1747770138557 0.28971031807858855 44
1747770138697 0.26421635494136597 45
1747770138840 0.2509014330566835 46
1747770138980 0.23538638351775482 47
1747770139121 0.22035704986871546 48
1747770139269 0.20828544111575073 49
