1747705911867 0.24623376015044895 0
1747705927423 0.23956971708340427 1
1747705943439 0.23863861843838968 2
1747705959092 0.23834364281150705 3
1747705974578 0.23785592880590248 4
1747705989757 0.23767713327312015 5
1747706005163 0.23776544212787556 6
1747706020375 0.23760000210548418 7
1747706035585 0.2373964645436944 8
1747706050840 0.23719166767076427 9
1747706066152 0.2371938622166838 10
1747706081564 0.2371520019008449 11
1747706096800 0.23711446290470606 12
1747706112138 0.23695892951136596 13
1747706127698 0.23675900289776827 14
1747706143298 0.23685180025737382 15
1747706158962 0.23658223687115038 16
1747706174776 0.23662150574408553 17
1747706190311 0.23650594910040496 18
1747706205732 0.23646155426485352 19
1747706221000 0.23625674971221625 20
1747706236519 0.23632400034969647 21
1747706252004 0.23633956867701783 22
1747706267660 0.2360736198278506 23
1747706283246 0.23611401628680792 24
1747706298705 0.2360088132022729 25
1747706314124 0.23601110999231603 26
1747706329323 0.23601787784688685 27
1747706344742 0.23586544036253704 28
1747706359987 0.23585067447088023 29
1747706375880 0.23579908153267232 30
1747706391490 0.235715278560879 31
1747706407201 0.23578418988607636 32
1747706422882 0.23559163152848817 33
1747706438353 0.2354357072936254 34
1747706453777 0.23546559359223668 35
1747706469090 0.23548841584996544 36
1747706484473 0.23537758177189283 37
1747706499782 0.23523275528002283 38
1747706515073 0.23524405170801874 39
1747706530748 0.2351844153568154 40
1747706546531 0.23504629776203373 41
1747706562053 0.2350939652850021 42
1747706577662 0.23497479005730876 43
1747706592902 0.23482257887598523 44
1747706608160 0.23485192065266916 45
1747706623555 0.23472455201176615 46
1747706639146 0.23462332764201782 47
1747706654627 0.23481438055618 48
1747706670111 0.23461585847745348 49
