1747649001554 0.24766276211453692 0
1747649015397 0.24009950721492807 1
1747649029176 0.2389389879691741 2
1747649042558 0.2385347590505983 3
1747649056353 0.23833924922707111 4
1747649070060 0.23802723002731738 5
1747649083341 0.23786115940647132 6
1747649097367 0.2376578922278076 7
1747649110923 0.2374169825142937 8
1747649124904 0.2373791034313628 9
1747649138931 0.2372433996398366 10
1747649152887 0.2371220733839704 11
1747649166726 0.23714239728383932 12
1747649180520 0.237046602518353 13
1747649194699 0.2369289641919265 14
1747649208837 0.23686296954153957 15
1747649222721 0.23691066696384683 16
1747649236591 0.23698263421260388 17
1747649249981 0.23693956711640743 18
1747649263742 0.23674856477992734 19
1747649277330 0.2367026435019833 20
1747649291333 0.23668886053161425 21
1747649304795 0.23664631460554708 22
1747649318678 0.23667127848044808 23
1747649332795 0.23656312914069033 24
1747649346869 0.23652496431611078 25
1747649360826 0.23638402891751564 26
1747649374699 0.23646042086300556 27
1747649388631 0.2364588113386835 28
1747649402489 0.23637653296797628 29
1747649416585 0.23649771941947412 30
1747649430554 0.23639119537344627 31
1747649444519 0.23636077189434554 32
1747649458627 0.236334695176459 33
1747649472639 0.23632261221442935 34
1747649486626 0.23631672464013184 35
1747649500492 0.2362904400874963 36
1747649514441 0.23618855272820108 37
1747649528047 0.23632536773110918 38
1747649542194 0.23622404926810564 39
1747649556098 0.23611631270887737 40
1747649570198 0.23612045247122943 41
1747649584442 0.2362435121617483 42
1747649598472 0.23617750189757725 43
1747649611946 0.23595096107476632 44
1747649625744 0.236077415928288 45
1747649639849 0.2360100580406196 46
1747649653948 0.23601982594183363 47
1747649667510 0.23594733521803551 48
1747649681603 0.23596702302596612 49
