1743917768220 0.2509702040534125 0
1743917792902 0.1882962810080462 1
1743917817483 0.16839100390857625 2
1743917842133 0.15330601320302156 3
1743917866877 0.13966612339622317 4
1743917891486 0.12661287149987027 5
1743917916257 0.1151286377547138 6
1743917941085 0.10635880960113771 7
1743917965888 0.09913856315152678 8
1743917990707 0.0936067420690966 9
1743918015380 0.08966064745433364 10
1743918040066 0.08648508930109404 11
1743918064933 0.08401368064878108 12
1743918089746 0.0818587652413181 13
1743918114569 0.07966805277918942 14
1743918139269 0.0781902634532022 15
1743918163960 0.07628129200568416 16
1743918188759 0.07476252542257271 17
1743918213563 0.07302688215557682 18
1743918238437 0.07166388970264352 19
1743918263370 0.0706830796610297 20
1743918288251 0.069390843896133 21
1743918312972 0.06834222673172498 22
1743918337878 0.06748741609063547 23
1743918362697 0.06656927665673872 24
1743918387329 0.06569056412015335 25
1743918411706 0.06498112865971584 26
1743918435931 0.06496781706033226 27
1743918460382 0.06389697913302178 28
1743918484695 0.06306503082819319 29
1743918509441 0.06257293157396512 30
1743918534174 0.061679007066788576 31
1743918558640 0.06126281500732061 32
1743918583291 0.060877041715191565 33
1743918607903 0.06039820173033792 34
1743918632515 0.059779855765927245 35
1743918657281 0.05957470594827556 36
1743918681858 0.05937302495297451 37
1743918706524 0.05901566463509175 38
1743918731076 0.05842480245051112 39
1743918755600 0.057626744014931855 40
1743918780331 0.0581982883030239 41
1743918805086 0.05725788951475668 42
1743918829562 0.057299453343234705 43
1743918854168 0.05684040386231255 44
1743918878777 0.05664933571758684 45
1743918903249 0.05635877014014703 46
1743918928055 0.0560827153432064 47
1743918952717 0.055660498205310736 48
1743918976986 0.0555590109605778 49
