1747603249740 0.09543827176094055 0
1747603258491 0.030481988564133644 1
1747603267040 0.017755044624209404 2
1747603276086 0.015258239582180977 3
1747603284975 0.01424443069845438 4
1747603293567 0.013872516341507435 5
1747603302738 0.0131209846585989 6
1747603311161 0.01175940316170454 7
1747603319648 0.012621008791029453 8
1747603328744 0.011300122365355492 9
1747603337279 0.011129196733236313 10
1747603346128 0.010965853929519653 11
1747603354715 0.010513661429286003 12
1747603363550 0.010748010128736496 13
1747603372176 0.010258873924612999 14
1747603380629 0.010001842863857746 15
1747603389570 0.009701648727059364 16
1747603398247 0.009573695249855518 17
1747603406851 0.009382583200931549 18
1747603415882 0.009251059032976627 19
1747603424392 0.00873673614114523 20
1747603432957 0.008618088439106941 21
1747603441908 0.008897374384105206 22
1747603450258 0.008610724471509457 23
1747603459237 0.008617389015853405 24
1747603467950 0.00867492239922285 25
1747603476563 0.008440176025032997 26
1747603485692 0.008105207234621048 27
1747603494198 0.007949368096888065 28
1747603503147 0.008030415512621403 29
1747603512085 0.007854343391954899 30
1747603520540 0.007739875931292772 31
1747603529065 0.007717575412243605 32
1747603537910 0.007518196478486061 33
1747603546673 0.00754214683547616 34
1747603555423 0.007491658441722393 35
1747603563827 0.007334685884416103 36
1747603572919 0.007245962042361498 37
1747603581735 0.007068257313221693 38
1747603590379 0.00718559930101037 39
1747603599188 0.007275374140590429 40
1747603607557 0.0068811518140137196 41
1747603616394 0.006784966681152582 42
1747603625159 0.006916804704815149 43
1747603633611 0.006372539326548576 44
1747603642529 0.0065199024975299835 45
1747603651375 0.006783149670809507 46
1747603659965 0.006477952469140291 47
1747603669188 0.006398990284651518 48
1747603677547 0.00640599662438035 49
