1743990042700 0.4246706662125774 0
1743990068957 0.16434486187423542 1
1743990094989 0.12475906190050341 2
1743990120832 0.1032780207269389 3
1743990147003 0.08781513333278018 4
1743990173243 0.07755453402859133 5
1743990199325 0.07086236599626249 6
1743990225254 0.06281306311289733 7
1743990251406 0.058199825370375206 8
1743990277691 0.05263011072703556 9
1743990303896 0.051968259030779965 10
1743990329878 0.047634198531991155 11
1743990355884 0.04301150412887453 12
1743990381926 0.04073314037866133 13
1743990408016 0.03698687420787743 14
1743990434032 0.037044395015246014 15
1743990459918 0.036006833116016775 16
1743990485873 0.03126428911845743 17
1743990511628 0.031221763169034033 18
1743990537696 0.030341503022627923 19
1743990563450 0.030096970070016497 20
1743990589304 0.028061301765390248 21
1743990615241 0.028316145274290636 22
1743990641192 0.024674258103124614 23
1743990667131 0.024551816926194958 24
1743990693276 0.029129014056952545 25
1743990719532 0.03307000648299238 26
1743990745748 0.02519937501885385 27
1743990771686 0.025381400992208543 28
1743990797802 0.01948775601755522 29
1743990823854 0.019426119175355944 30
1743990849888 0.024907773438644042 31
1743990876041 0.02222183604490334 32
1743990902359 0.0258846007172247 33
1743990928636 0.01683404513637593 34
1743990954989 0.018910343458006025 35
1743990981243 0.018114958876792576 36
1743991007574 0.022713459893316915 37
1743991033934 0.016114975662634968 38
1743991060242 0.023438004076082118 39
1743991086436 0.020621178983770656 40
1743991112702 0.01496917487940103 41
1743991138902 0.0129558066043253 42
1743991165076 0.019643563888505747 43
1743991191360 0.015314553674007914 44
1743991217645 0.018510301887995666 45
1743991243721 0.013319919105736495 46
1743991269613 0.013265385309415468 47
1743991295421 0.014254487049587958 48
1743991321224 0.014884094266621914 49
