1743990042698 0.8657000064849854 0
1743990068955 0.9516500234603882 1
1743990094988 0.9638166427612305 2
1743990120830 0.9695666432380676 3
1743990147001 0.9744166731834412 4
1743990173241 0.9765499830245972 5
1743990199323 0.9790499806404114 6
1743990225252 0.9823166728019714 7
1743990251404 0.9821166396141052 8
1743990277689 0.9844499826431274 9
1743990303894 0.9846000075340271 10
1743990329876 0.9857833385467529 11
1743990355882 0.9876333475112915 12
1743990381924 0.988183319568634 13
1743990408015 0.9888499975204468 14
1743990434030 0.9888333082199097 15
1743990459916 0.989383339881897 16
1743990485871 0.991100013256073 17
1743990511627 0.9904833436012268 18
1743990537694 0.9910333156585693 19
1743990563448 0.9910333156585693 20
1743990589303 0.9912833571434021 21
1743990615239 0.9918833374977112 22
1743990641191 0.9929500222206116 23
1743990667129 0.9929166436195374 24
1743990693274 0.9917833209037781 25
1743990719531 0.9906166791915894 26
1743990745747 0.9930999875068665 27
1743990771685 0.9929999709129333 28
1743990797800 0.9942666888237 29
1743990823853 0.9942833185195923 30
1743990849886 0.9934999942779541 31
1743990876040 0.9933333396911621 32
1743990902357 0.993233323097229 33
1743990928634 0.9951333403587341 34
1743990954988 0.9942499995231628 35
1743990981241 0.9946500062942505 36
1743991007572 0.9942499995231628 37
1743991033932 0.9952499866485596 38
1743991060240 0.9942166805267334 39
1743991086434 0.9942166805267334 40
1743991112701 0.9957666397094727 41
1743991138900 0.9963333606719971 42
1743991165074 0.9949666857719421 43
1743991191359 0.9959166646003723 44
1743991217643 0.9951333403587341 45
1743991243719 0.9965999722480774 46
1743991269611 0.9964333176612854 47
1743991295419 0.9960833191871643 48
1743991321223 0.996150016784668 49
