1743787509619 0.3319374918937683 0
1743787534403 0.3183954358100891 1
1743787559252 0.3187292218208313 2
1743787584270 0.3188195824623108 3
1743787609360 0.3150026798248291 4
1743787634414 0.28074076771736145 5
1743787659286 0.26366138458251953 6
1743787684211 0.24946971237659454 7
1743787709051 0.23659610748291016 8
1743787733647 0.22849266231060028 9
1743787758458 0.29223382472991943 10
1743787783314 0.2412293553352356 11
1743787808138 0.2316528856754303 12
1743787833122 0.2267322540283203 13
1743787858264 0.22348715364933014 14
1743787883325 0.22086776793003082 15
1743787908268 0.21886292099952698 16
1743787933272 0.217101588845253 17
1743787958130 0.21522393822669983 18
1743787983304 0.21373865008354187 19
1743788008411 0.21147623658180237 20
1743788033403 0.209757462143898 21
1743788058207 0.20716598629951477 22
1743788083173 0.2050991952419281 23
1743788107953 0.20315350592136383 24
1743788133034 0.20063592493534088 25
1743788158069 0.1982908993959427 26
1743788183095 0.19636806845664978 27
1743788208197 0.19425293803215027 28
1743788233223 0.1922384351491928 29
1743788258157 0.19023078680038452 30
1743788283039 0.18771126866340637 31
1743788308076 0.18569371104240417 32
1743788333447 0.1834726631641388 33
1743788358527 0.18163055181503296 34
1743788383277 0.17999154329299927 35
1743788408055 0.1780276745557785 36
1743788432929 0.17634616792201996 37
1743788457591 0.17479321360588074 38
1743788483297 0.17348255217075348 39
1743788509350 0.17190207540988922 40
1743788535358 0.17070457339286804 41
1743788561454 0.16956990957260132 42
1743788587508 0.16797930002212524 43
1743788613553 0.16707159578800201 44
1743788639568 0.16607829928398132 45
1743788665075 0.1646469235420227 46
1743788690923 0.1639043688774109 47
1743788716255 0.1629369854927063 48
1743788741255 0.16209623217582703 49
