1747666087449 0.9140034914016724 0
1747666101464 0.9151409268379211 1
1747666115320 0.9150471687316895 2
1747666129576 0.9149572253227234 3
1747666143878 0.9151331186294556 4
1747666157878 0.915054976940155 5
1747666172111 0.91512531042099 6
1747666186625 0.9149220585823059 7
1747666201343 0.9153129458427429 8
1747666215556 0.9153012037277222 9
1747666229498 0.9151604771614075 10
1747666243724 0.9152113199234009 11
1747666257816 0.9151331186294556 12
1747666272180 0.9152542948722839 13
1747666286624 0.9152542948722839 14
1747666300972 0.9153520464897156 15
1747666315381 0.9152386784553528 16
1747666330360 0.9151800274848938 17
1747666345142 0.9153285622596741 18
1747666360190 0.9152777791023254 19
1747666374615 0.915183961391449 20
1747666388653 0.9153872132301331 21
1747666402934 0.9153285622596741 22
1747666417371 0.915355920791626 23
1747666431525 0.9152894616127014 24
1747666446207 0.9153754711151123 25
1747666460928 0.9153910875320435 26
1747666475081 0.9152621030807495 27
1747666489193 0.9154106378555298 28
1747666502926 0.9154458045959473 29
1747666516851 0.9153989553451538 30
1747666530839 0.9153168201446533 31
1747666545079 0.9154341220855713 32
1747666558553 0.915285587310791 33
1747666572418 0.9153324961662292 34
1747666586469 0.9153363704681396 35
1747666600530 0.9153403043746948 36
1747666614481 0.9154536724090576 37
1747666628714 0.9154379963874817 38
1747666642414 0.9152973294258118 39
1747666656258 0.9154692888259888 40
1747666670407 0.9153794050216675 41
1747666684461 0.9153520464897156 42
1747666698396 0.9153051376342773 43
1747666712740 0.9153910875320435 44
1747666727147 0.9153481125831604 45
1747666741150 0.9153520464897156 46
1747666755097 0.9156022071838379 47
1747666769154 0.9154106378555298 48
1747666783329 0.9152621030807495 49
