1747739217131 0.24721516845293318 0
1747739234279 0.23940436085197234 1
1747739251585 0.23861870242407418 2
1747739268705 0.23837045546669922 3
1747739285513 0.23806351515548177 4
1747739302785 0.237934126384188 5
1747739319865 0.23774733704800885 6
1747739337360 0.23757819802484473 7
1747739354537 0.23741173729818751 8
1747739372144 0.23731821804212028 9
1747739389152 0.23727766809640907 10
1747739406455 0.23723304634989986 11
1747739423808 0.23703184021317977 12
1747739441044 0.23710566889427515 13
1747739458099 0.23680510838232766 14
1747739475646 0.23684988353112604 15
1747739492617 0.23671429728337864 16
1747739510158 0.2366346744249946 17
1747739527304 0.23672680540482743 18
1747739544827 0.23652277760490076 19
1747739561851 0.2364556905572394 20
1747739579485 0.23652857979313166 21
1747739596530 0.2364492064310897 22
1747739613922 0.23642962365528533 23
1747739631207 0.236278082249746 24
1747739648727 0.23622664847984012 25
1747739665989 0.23620330886921714 26
1747739683875 0.23613298577211947 27
1747739700912 0.23616260667131075 28
1747739718281 0.23605646166501268 29
1747739735703 0.2359763109454546 30
1747739753217 0.23589102714642404 31
1747739770460 0.23589720978815476 32
1747739788826 0.2359356675663336 33
1747739805884 0.2358202739867617 34
1747739823307 0.23574131474925972 35
1747739840328 0.2355105263251535 36
1747739857936 0.23561965977194213 37
1747739875149 0.2355102173684464 38
1747739892586 0.23549284966906606 39
1747739909393 0.2355904741469215 40
1747739926419 0.2352778664728831 41
1747739943500 0.23532420062761503 42
1747739960219 0.2352088134614684 43
1747739977224 0.23534538531380483 44
1747739994104 0.2352182014121888 45
1747740011362 0.23501877628936782 46
1747740028358 0.23509362355197988 47
1747740045452 0.23492357972475825 48
1747740062748 0.234910687218249 49
