1747739217130 0.9144530296325684 0
1747739234278 0.9151722192764282 1
1747739251583 0.9152191281318665 2
1747739268704 0.9151448607444763 3
1747739285511 0.9151213765144348 4
1747739302784 0.9151175022125244 5
1747739319864 0.9152894616127014 6
1747739337359 0.9152777791023254 7
1747739354536 0.9151878356933594 8
1747739372142 0.9153324961662292 9
1747739389151 0.9153168201446533 10
1747739406453 0.9152660369873047 11
1747739423806 0.9153090119361877 12
1747739441043 0.9151995778083801 13
1747739458097 0.9153598546981812 14
1747739475644 0.9154301881790161 15
1747739492616 0.9153168201446533 16
1747739510157 0.9154067635536194 17
1747739527303 0.9154419302940369 18
1747739544826 0.9153872132301331 19
1747739561849 0.9153715372085571 20
1747739579484 0.9154301881790161 21
1747739596529 0.915473222732544 22
1747739613920 0.9154301881790161 23
1747739631205 0.915473222732544 24
1747739648725 0.9153794050216675 25
1747739665988 0.9155982732772827 26
1747739683874 0.9154692888259888 27
1747739700911 0.9154067635536194 28
1747739718279 0.9154770970344543 29
1747739735702 0.9155591726303101 30
1747739753216 0.9155200719833374 31
1747739770459 0.9156334400177002 32
1747739788824 0.9154653549194336 33
1747739805883 0.9153051376342773 34
1747739823306 0.9156491160392761 35
1747739840327 0.9156998991966248 36
1747739857935 0.9157272577285767 37
1747739875147 0.9156491160392761 38
1747739892585 0.9157546162605286 39
1747739909392 0.9156334400177002 40
1747739926417 0.9158757925033569 41
1747739943499 0.9157116413116455 42
1747739960218 0.9158718585968018 43
1747739977223 0.915805459022522 44
1747739994102 0.9156569242477417 45
1747740011360 0.915746808052063 46
1747740028357 0.9157428741455078 47
1747740045450 0.9158914089202881 48
1747740062746 0.9158523678779602 49
