1743929415870 1.092828451617358 0
1743929441265 0.3385948344856156 1
1743929466436 0.24714335943874954 2
1743929491709 0.19786563941510585 3
1743929516807 0.16857513281213637 4
1743929542168 0.14911735612684976 5
1743929567348 0.1340040962733297 6
1743929592650 0.12236300777882837 7
1743929617613 0.11157341109437337 8
1743929642992 0.10073959552844713 9
1743929668509 0.09236934775445818 10
1743929693615 0.08904590221834675 11
1743929718822 0.08051657607007442 12
1743929744048 0.0791111799669105 13
1743929769154 0.07129798069905462 14
1743929794262 0.06978743498629641 15
1743929819395 0.06450475230207747 16
1743929844596 0.06162653825097926 17
1743929869678 0.06159521539300824 18
1743929894943 0.05360963939181812 19
1743929920113 0.0556706324139198 20
1743929945298 0.05034166763801323 21
1743929970615 0.05101709391734326 22
1743929995946 0.04850240569202074 23
1743930021121 0.04530277053819193 24
1743930046258 0.04346324753949085 25
1743930071339 0.044341805762287884 26
1743930096591 0.04342158335549968 27
1743930121875 0.040056377911655984 28
1743930147199 0.0403012139449475 29
1743930172414 0.03799450800015362 30
1743930197498 0.0370295104231334 31
1743930222835 0.035940758386370404 32
1743930248338 0.034770604041678504 33
1743930273407 0.034196116597566335 34
1743930298545 0.03410021181447448 35
1743930323548 0.02872355400360792 36
1743930348693 0.03345955561792666 37
1743930374063 0.030294779920315845 38
1743930399301 0.02856802740578704 39
1743930424606 0.02952023674412129 40
1743930449954 0.028314496005725255 41
1743930475046 0.02765093695248431 42
1743930500498 0.026794828156443334 43
1743930525553 0.02504130522142411 44
1743930550656 0.029316567707915034 45
1743930575893 0.023064100535923004 46
1743930601200 0.022911609049078397 47
1743930626471 0.028575509515461894 48
1743930651557 0.02301461251807144 49
