1747572397130 0.7319466318344346 0
1747572402860 0.0040512973329581885 1
1747572408512 0.00012317435744064973 2
1747572414181 9.970232626149715e-05 3
1747572419719 0.00013741830345831747 4
1747572425356 0.00010569702034489655 5
1747572430611 9.298589920401538e-05 6
1747572435724 9.255224213146206e-05 7
1747572440944 8.806823412103834e-05 8
1747572446438 8.41789395577464e-05 9
1747572451886 8.781619278311186e-05 10
1747572457459 7.650972882033085e-05 11
1747572463180 8.044466868513251e-05 12
1747572468963 7.18330622862871e-05 13
1747572474416 8.212897058824913e-05 14
1747572479611 8.159665066947871e-05 15
1747572485012 8.102555694772968e-05 16
1747572490786 6.860027575121974e-05 17
1747572496455 6.855070588847487e-05 18
1747572502262 6.949512484243463e-05 19
1747572507920 6.842487496348966e-05 20
1747572513466 6.913452246445286e-05 21
1747572519013 8.411311536912505e-05 22
1747572524391 5.777871047474752e-05 23
1747572529764 7.001665943565387e-05 24
1747572535488 6.264341648285886e-05 25
1747572541223 6.406697380023798e-05 26
1747572546998 6.756396075536489e-05 27
1747572552628 6.742863177950858e-05 28
1747572558272 6.641642132347392e-05 29
1747572564104 7.219651243820789e-05 30
1747572569815 5.41132733396623e-05 31
1747572575724 5.753488067846342e-05 32
1747572580829 6.255672954982352e-05 33
1747572586525 5.2570996169000696e-05 34
1747572592043 6.060848372325142e-05 35
1747572597669 5.91147260922701e-05 36
1747572603368 6.332940754969364e-05 37
1747572608939 5.0105797643880513e-05 38
1747572614129 6.578136972646057e-05 39
1747572619187 5.150838643791608e-05 40
1747572624628 5.6264305433243715e-05 41
1747572630294 5.735272603492331e-05 42
1747572635991 5.6423166870801836e-05 43
1747572641770 5.3495501444402225e-05 44
1747572647277 5.6693004904414745e-05 45
1747572653098 5.483110646060543e-05 46
1747572658406 5.3136275733310344e-05 47
1747572663459 5.188607295754047e-05 48
1747572668900 5.833216131469688e-05 49
