1743938130336 0.2778319364335496 0
1743938154402 0.26693738193408356 1
1743938178437 0.2637044994691584 2
1743938202849 0.23300158306587368 3
1743938227338 0.21107766893789864 4
1743938251908 0.1931626775672262 5
1743938276627 0.1807569698127791 6
1743938301074 0.17184161935716957 7
1743938325497 0.16409833097812113 8
1743938349801 0.1578642151149695 9
1743938373884 3.1191261009584736 10
1743938398110 0.15642635594890952 11
1743938422219 0.14971828970519763 12
1743938446257 0.14579980251964048 13
1743938470310 0.1427973578477001 14
1743938494476 0.14016739931323283 15
1743938518760 0.13742106640336146 16
1743938542899 0.13495551284367532 17
1743938567265 0.13226625273490072 18
1743938591793 0.1299460869668467 19
1743938616082 0.12750657645754784 20
1743938640583 0.12523224431787167 21
1743938665170 0.12274090438932853 22
1743938689642 0.12082306539705759 23
1743938713975 0.11862025214906918 24
1743938738421 0.1165693444406063 25
1743938762716 0.11472372651703258 26
1743938786993 0.11300017894952122 27
1743938811313 0.11096421322746497 28
1743938835821 0.10910918716014628 29
1743938860221 0.10745151838118491 30
1743938884615 0.10581202506145138 31
1743938908971 0.10474288543641991 32
1743938933581 0.10336295854127214 33
1743938957750 0.101889436105381 34
1743938982012 0.10074700627699983 35
1743939006272 0.09970143957938919 36
1743939030503 0.09900348312722433 37
1743939054707 0.09796324433929098 38
1743939079041 0.11171328703101471 39
1743939103446 0.0973699418725186 40
1743939127567 0.09558807448016804 41
1743939151629 0.0946320661132887 42
1743939175934 0.09371776989665079 43
1743939200108 0.09349230316203477 44
1743939224114 0.09244802307852538 45
1743939248384 0.0920586822968388 46
1743939272704 0.0916100733431376 47
1743939297166 0.09075795031422408 48
1743939321513 0.09052337575082402 49
