1743938130334 0.32992100715637207 0
1743938154400 0.31880635023117065 1
1743938178435 0.3148971498012543 2
1743938202847 0.2794031798839569 3
1743938227337 0.2619602680206299 4
1743938251907 0.24668963253498077 5
1743938276626 0.2354920506477356 6
1743938301073 0.2282315045595169 7
1743938325495 0.2216957062482834 8
1743938349800 0.21702688932418823 9
1743938373883 0.23155352473258972 10
1743938398109 0.21691741049289703 11
1743938422217 0.20996147394180298 12
1743938446255 0.20572450757026672 13
1743938470308 0.20273952186107635 14
1743938494474 0.20045559108257294 15
1743938518759 0.19785061478614807 16
1743938542897 0.19576919078826904 17
1743938567263 0.19369946420192719 18
1743938591792 0.1916322112083435 19
1743938616080 0.18964557349681854 20
1743938640581 0.1879478543996811 21
1743938665169 0.18579572439193726 22
1743938689641 0.1844187080860138 23
1743938713973 0.18246868252754211 24
1743938738419 0.18062222003936768 25
1743938762715 0.17901740968227386 26
1743938786991 0.1778007447719574 27
1743938811312 0.17576035857200623 28
1743938835820 0.1742555797100067 29
1743938860219 0.17254196107387543 30
1743938884613 0.17114049196243286 31
1743938908969 0.17013293504714966 32
1743938933580 0.16887377202510834 33
1743938957748 0.16736578941345215 34
1743938982010 0.16650639474391937 35
1743939006270 0.16534759104251862 36
1743939030501 0.1645287126302719 37
1743939054705 0.1635851114988327 38
1743939079039 0.17427438497543335 39
1743939103444 0.1631355583667755 40
1743939127566 0.16137880086898804 41
1743939151627 0.16018825769424438 42
1743939175933 0.15923556685447693 43
1743939200106 0.15928204357624054 44
1743939224112 0.15810714662075043 45
1743939248382 0.15770217776298523 46
1743939272702 0.15729621052742004 47
1743939297165 0.15637797117233276 48
1743939321511 0.1561920940876007 49
