1747770586304 0.20036332662145168 0
1747770586551 0.14346163449949434 1
1747770586866 0.1454172000059196 2
1747770587236 0.1320101448124969 3
1747770587522 0.13783761931884103 4
1747770587748 0.1178183070396527 5
1747770588003 0.11838546822484751 6
1747770588240 0.15703453562058498 7
1747770588548 0.12045813436322127 8
1747770588897 0.1663442227097754 9
1747770589229 0.13187453561502055 10
1747770589600 0.10672474096430044 11
1747770589911 0.10470032262943312 12
1747770590272 0.08986861661835703 13
1747770590595 0.10392798815586617 14
1747770590900 0.09009776234493581 15
1747770591107 0.10697078648095312 16
1747770591363 0.10456018471038507 17
1747770591670 0.1003503923568667 18
1747770591894 0.09382573884297563 19
1747770592169 0.08492737740352584 20
1747770592455 0.10311355196409751 21
1747770592693 0.10733944257540938 22
1747770592967 0.0993951192068375 23
1747770593256 0.09863365723130813 24
1747770593493 0.09298093915571735 25
1747770593762 0.09013869669392933 26
1747770593996 0.10039527826588421 27
1747770594263 0.08104528782877488 28
1747770594548 0.08663893066467987 29
1747770594879 0.09108389877401978 30
1747770595215 0.0892329419207214 31
1747770595530 0.0961343499158568 32
1747770595839 0.07797166911816518 33
1747770596054 0.08422945112733903 34
1747770596281 0.07705813406186894 35
1747770596540 0.07469935523949238 36
1747770596777 0.07419723056547037 37
1747770597045 0.09566964558904943 38
1747770597276 0.11032375513977964 39
1747770597538 0.08876226966781751 40
1747770597836 0.0802263906864138 41
1747770598067 0.06600404505638531 42
1747770598329 0.06253302528731065 43
1747770598604 0.07352380948252168 44
1747770598832 0.07131275135860031 45
1747770599084 0.07244773474240977 46
1747770599298 0.06924498467156712 47
1747770599564 0.06717132537039092 48
1747770599903 0.0699494975256587 49
