1743903951797 0.11048198936157448 0
1743903976219 0.08887531366621208 1
1743904000955 0.07527001269204461 2
1743904026034 0.06822185791009362 3
1743904051212 0.06154367416930929 4
1743904076374 0.05447050403960244 5
1743904101779 0.04900637212037873 6
1743904127163 0.04458620546062709 7
1743904152408 0.04114329809292936 8
1743904177540 0.037165888047281104 9
1743904202579 0.03276679991258051 10
1743904227187 0.03086893263957883 11
1743904252085 0.0298784429151054 12
1743904276804 0.025703336588274107 13
1743904301481 0.024509272116876552 14
1743904326314 0.02419513032507019 15
1743904351093 0.020672651667522687 16
1743904375794 0.02057669247349715 17
1743904400867 0.02060992872836561 18
1743904426033 0.018883694144725665 19
1743904450915 0.017830097019553844 20
1743904475788 0.014333353203336103 21
1743904500896 0.015807028258597908 22
1743904526074 0.012537894316232591 23
1743904550808 0.015745321520390092 24
1743904575323 0.014910396988495828 25
1743904600096 0.014573462215771089 26
1743904624648 0.011935205232611025 27
1743904649461 0.012291074437836703 28
1743904673993 0.010632240366092675 29
1743904698587 0.011714316300621998 30
1743904723295 0.015236492019186844 31
1743904748150 0.007355415441593367 32
1743904772938 0.012988988349241939 33
1743904797583 0.01084554925921979 34
1743904822086 0.008707569365431779 35
1743904846636 0.0072512033390546874 36
1743904871301 0.013830179669065799 37
1743904896025 0.006840505290618789 38
1743904920648 0.011452340367811762 39
1743904945294 0.007157702516506535 40
1743904969891 0.011084139255371784 41
1743904994493 0.009656465186794314 42
1743905019236 0.003990729590660415 43
1743905043785 0.011267480588406958 44
1743905068172 0.010245946524836031 45
1743905092663 0.006309687906123341 46
1743905117339 0.009214697421149751 47
1743905141807 0.005802256817883117 48
1743905166617 0.0071876065837563185 49
