1747770007034 47.066341400146484 0
1747770007192 45.20795440673828 1
1747770007344 42.263916015625 2
1747770007497 38.192100524902344 3
1747770007651 34.06343460083008 4
1747770007814 30.872011184692383 5
1747770007956 27.732152938842773 6
1747770008065 25.08657455444336 7
1747770008186 23.558685302734375 8
1747770008326 22.317359924316406 9
1747770008445 19.863698959350586 10
1747770008571 19.061975479125977 11
1747770008698 18.422534942626953 12
1747770008825 17.758716583251953 13
1747770008956 17.04819679260254 14
1747770009095 16.36463165283203 15
1747770009226 15.741130828857422 16
1747770009351 15.167695999145508 17
1747770009459 14.69688892364502 18
1747770009574 14.285737991333008 19
1747770009686 13.928565979003906 20
1747770009803 13.641562461853027 21
1747770009953 13.353939056396484 22
1747770010081 13.111651420593262 23
1747770010209 12.878178596496582 24
1747770010344 12.648795127868652 25
1747770010481 12.423779487609863 26
1747770010613 12.192436218261719 27
1747770010737 11.967738151550293 28
1747770010863 11.751938819885254 29
1747770010986 11.544487953186035 30
1747770011132 11.32339096069336 31
1747770011257 11.128570556640625 32
1747770011380 10.917681694030762 33
1747770011499 10.72675895690918 34
1747770011620 10.540637016296387 35
1747770011769 10.366881370544434 36
1747770011953 10.214330673217773 37
1747770012124 10.058412551879883 38
1747770012290 9.91027545928955 39
1747770012451 9.758708953857422 40
1747770012624 9.650969505310059 41
1747770012802 9.490107536315918 42
1747770012983 9.356396675109863 43
1747770013152 9.22710132598877 44
1747770013313 9.08042049407959 45
1747770013477 8.929951667785645 46
1747770013679 8.700540542602539 47
1747770013864 8.409628868103027 48
1747770014037 8.097248077392578 49
