1747620837644 0.09243540621545902 0
1747620848448 0.06478741870825355 1
1747620859173 0.054256754084510174 2
1747620869820 0.045708840481101486 3
1747620880277 0.03778243588181653 4
1747620891183 0.03209556146742844 5
1747620902389 0.0242262900610616 6
1747620913162 0.01555170880920315 7
1747620923233 0.010003392409057378 8
1747620933605 0.008343841120447646 9
1747620944563 0.008277172857335416 10
1747620955586 0.00776812320209783 11
1747620966355 0.006825322909272871 12
1747620976696 0.005983016146817056 13
1747620986972 0.0058497133308420745 14
1747620997303 0.004617916558152801 15
1747621007966 0.003387176906646846 16
1747621018646 0.0033898488912567967 17
1747621028896 0.0029654521235135275 18
1747621039718 0.0028416015108156355 19
1747621049876 0.002582383006604324 20
1747621061119 0.0027856377565074588 21
1747621071723 0.002673290684493549 22
1747621082128 0.0023763350733192632 23
1747621092557 0.0024712050760927018 24
1747621103324 0.0023098964258795756 25
1747621114336 0.0022256526192867116 26
1747621124731 0.0024000223737714547 27
1747621135474 0.0024192257904989967 28
1747621146128 0.002416835305826903 29
1747621156962 0.0021114004828238914 30
1747621167757 0.002122238920473171 31
1747621178021 0.002130366016045417 32
1747621188427 0.0020987227662479344 33
1747621198776 0.0021968432536227933 34
1747621209298 0.002262746754321746 35
1747621219277 0.0023496318059053087 36
1747621230204 0.002533327788834097 37
1747621240367 0.00228387114535376 38
1747621251100 0.0021747192772763172 39
1747621262229 0.002139112799337108 40
1747621272683 0.001972634621858064 41
1747621282889 0.0020479927359996286 42
1747621293654 0.0020179965410802294 43
1747621304661 0.0021139939457881355 44
1747621315277 0.0018429948692181726 45
1747621325874 0.0017990283349529558 46
1747621336345 0.0018674617865143818 47
1747621347325 0.0018448069382831567 48
1747621357778 0.0017921136233375948 49
