1747620837642 0.13436928391456604 0
1747620848447 0.09433653950691223 1
1747620859172 0.08050534129142761 2
1747620869818 0.07193256914615631 3
1747620880276 0.06272556632757187 4
1747620891182 0.056978680193424225 5
1747620902387 0.051660291850566864 6
1747620913160 0.044025324285030365 7
1747620923231 0.036390285938978195 8
1747620933604 0.0313594713807106 9
1747620944562 0.028998013585805893 10
1747620955584 0.02726471982896328 11
1747620966353 0.024951450526714325 12
1747620976695 0.023137399926781654 13
1747620986971 0.021693453192710876 14
1747620997302 0.024145618081092834 15
1747621007964 0.021695781499147415 16
1747621018644 0.020590972155332565 17
1747621028894 0.019094698131084442 18
1747621039717 0.018751347437500954 19
1747621049875 0.01719006896018982 20
1747621061118 0.016991419717669487 21
1747621071721 0.01707746647298336 22
1747621082126 0.015742704272270203 23
1747621092555 0.015500662848353386 24
1747621103322 0.014752063900232315 25
1747621114335 0.014330792240798473 26
1747621124729 0.014497771859169006 27
1747621135472 0.014480589888989925 28
1747621146127 0.013844736851751804 29
1747621156960 0.013137721456587315 30
1747621167755 0.013443014584481716 31
1747621178019 0.013357800431549549 32
1747621188426 0.01295315008610487 33
1747621198775 0.013253520242869854 34
1747621209296 0.013168617151677608 35
1747621219275 0.01328882947564125 36
1747621230202 0.013075770810246468 37
1747621240365 0.012302706949412823 38
1747621251099 0.01211322657763958 39
1747621262228 0.012572773732244968 40
1747621272682 0.011780563741922379 41
1747621282887 0.012009666301310062 42
1747621293653 0.011995123699307442 43
1747621304660 0.011994653381407261 44
1747621315276 0.011658468283712864 45
1747621325872 0.011721132323145866 46
1747621336344 0.011164444498717785 47
1747621347323 0.01154717430472374 48
1747621357777 0.011286186054348946 49
