1743706242826 0.2362940064072748 0
1743706264142 0.22422575466441114 1
1743706285426 0.2174131953785358 2
1743706306811 0.2136603802126682 3
1743706328035 0.20993406070450707 4
1743706349448 0.20718582026651658 5
1743706370552 0.2047463152202939 6
1743706391837 0.20285165495823582 7
1743706413066 0.20105683210484523 8
1743706434463 0.19948139071443607 9
1743706455705 0.1979193616025039 10
1743706477056 0.19649872028086693 11
1743706498178 0.19512519613155244 12
1743706519324 0.19401864945106115 13
1743706540560 0.19292752110497627 14
1743706561664 0.1915844323243887 15
1743706582754 0.19020301630200118 16
1743706604178 0.18910711977951214 17
1743706625551 0.18817801451459282 18
1743706646774 0.18706905024548642 19
1743706668104 0.18623835462271468 20
1743706689493 0.18556409918131675 21
1743706710725 0.18477789471300118 22
1743706731937 0.18405606097918406 23
1743706753030 0.18327757307980402 24
1743706774281 0.18255646967224604 25
1743706795397 0.18197844810530986 26
1743706816673 0.18151534410712825 27
1743706837990 0.1809024472280253 28
1743706859164 0.1804014483059452 29
1743706880360 0.17993994864767968 30
1743706901633 0.17946838443039898 31
1743706922932 0.17893660896724387 32
1743706944167 0.17842646719853872 33
1743706965469 0.17790470761488933 34
1743706986715 0.17733358857322573 35
1743707007958 0.17701725461626433 36
1743707029141 0.17646679306711135 37
1743707050522 0.17679418949798487 38
1743707072008 0.1755241289140906 39
1743707093515 0.17516313252410423 40
1743707114981 0.17471807780108187 41
1743707136475 0.1742160690715375 42
1743707157659 0.1737316114485642 43
1743707178724 0.173304002635313 44
1743707199850 0.17295756102237395 45
1743707221019 0.17246172628702106 46
1743707242073 0.17204822835719016 47
1743707263133 0.17159860895911813 48
1743707284402 0.17120621240131792 49
