1743869623367 0.38536720151311266 0
1743869647581 0.33797122509483923 1
1743869671594 0.321373677606738 2
1743869695593 0.29710336194332576 3
1743869719394 0.27389721979637804 4
1743869743364 0.2565584658405588 5
1743869767143 0.24447307647004551 6
1743869791155 0.2410111422283333 7
1743869815223 0.22611836258941104 8
1743869839203 0.2124748116376569 9
1743869863343 0.20151855933903265 10
1743869887307 0.1998367033803532 11
1743869911413 0.17878151678924564 12
1743869935226 0.1751552339561692 13
1743869959220 0.16544798600031974 14
1743869983339 0.1626453040411366 15
1743870007494 0.15137824460614374 16
1743870031695 0.14853032571656088 17
1743870055928 0.1396550716703234 18
1743870080049 0.14043709181709754 19
1743870104295 0.12925579552820646 20
1743870128509 0.1257172221984801 21
1743870152621 0.11808638882442592 22
1743870176928 0.1174585110384881 23
1743870201940 0.11253109786233807 24
1743870226475 0.10638577377495166 25
1743870250413 0.1024931309837937 26
1743870274365 0.0981083680791177 27
1743870298392 0.09890954174415457 28
1743870322731 0.08716615970328756 29
1743870347100 0.09195576152301925 30
1743870371458 0.09391191505508441 31
1743870395922 0.07932571766565048 32
1743870420172 0.07692343698720323 33
1743870444560 0.08065536860634732 34
1743870468857 0.07237028430872726 35
1743870493169 0.07454686234632675 36
1743870517103 0.06536299100192769 37
1743870541106 0.07615318184609081 38
1743870565548 0.06243073977308746 39
1743870589917 0.060492843180671586 40
1743870614198 0.060134791274797685 41
1743870638463 0.06314595671820764 42
1743870662313 0.058278384761301434 43
1743870686318 0.057186989802749215 44
1743870710199 0.055807310746201114 45
1743870734368 0.05452766012102215 46
1743870758638 0.050253573525896655 47
1743870782512 0.04906650519689531 48
1743870806815 0.05211026169639741 49
