1743869623366 0.9343666434288025 0
1743869647580 0.9364833235740662 1
1743869671592 0.9373499751091003 2
1743869695592 0.9387999773025513 3
1743869719393 0.9420999884605408 4
1743869743363 0.941433310508728 5
1743869767142 0.9418833255767822 6
1743869791154 0.944266676902771 7
1743869815222 0.9459499716758728 8
1743869839202 0.9471499919891357 9
1743869863342 0.947433352470398 10
1743869887306 0.948283314704895 11
1743869911412 0.9521833062171936 12
1743869935225 0.9531000256538391 13
1743869959219 0.9557666778564453 14
1743869983338 0.9553499817848206 15
1743870007493 0.9593999981880188 16
1743870031694 0.9594333171844482 17
1743870055927 0.9618833065032959 18
1743870080048 0.961733341217041 19
1743870104294 0.9651666879653931 20
1743870128508 0.9653499722480774 21
1743870152620 0.9667166471481323 22
1743870176927 0.9674500226974487 23
1743870201939 0.9694833159446716 24
1743870226474 0.9706833362579346 25
1743870250412 0.9712333083152771 26
1743870274364 0.9725000262260437 27
1743870298391 0.9724666476249695 28
1743870322730 0.975516676902771 29
1743870347099 0.974049985408783 30
1743870371457 0.9736166596412659 31
1743870395921 0.9775833487510681 32
1743870420171 0.9784500002861023 33
1743870444559 0.9773833155632019 34
1743870468856 0.979283332824707 35
1743870493168 0.9788833260536194 36
1743870517102 0.9819333553314209 37
1743870541105 0.9795500040054321 38
1743870565547 0.9832166433334351 39
1743870589915 0.9829999804496765 40
1743870614197 0.9831500053405762 41
1743870638462 0.9826833605766296 42
1743870662312 0.9836333394050598 43
1743870686317 0.9836333394050598 44
1743870710198 0.9845166802406311 45
1743870734367 0.9849166870117188 46
1743870758637 0.9862333536148071 47
1743870782510 0.9865333437919617 48
1743870806814 0.9857000112533569 49
