1747669904194 0.9150705933570862 0
1747669918370 0.9151213765144348 1
1747669932460 0.9150432348251343 2
1747669946721 0.9150471687316895 3
1747669960658 0.9150784015655518 4
1747669974536 0.9152973294258118 5
1747669988463 0.9152699112892151 6
1747670002707 0.9151644110679626 7
1747670017045 0.9153794050216675 8
1747670031112 0.9153051376342773 9
1747670044681 0.9151096940040588 10
1747670058651 0.9150510430335999 11
1747670072694 0.9150627851486206 12
1747670087001 0.9151370525360107 13
1747670100964 0.9151644110679626 14
1747670114788 0.915183961391449 15
1747670128987 0.915195643901825 16
1747670143192 0.9153324961662292 17
1747670157388 0.9152660369873047 18
1747670171942 0.9152308702468872 19
1747670186146 0.9152973294258118 20
1747670199811 0.9153090119361877 21
1747670213838 0.9153598546981812 22
1747670227856 0.9153481125831604 23
1747670241917 0.9152464866638184 24
1747670255838 0.9153168201446533 25
1747670269539 0.9152660369873047 26
1747670283520 0.9151917695999146 27
1747670297832 0.9151761531829834 28
1747670312227 0.9152151942253113 29
1747670325920 0.9152973294258118 30
1747670339881 0.9154536724090576 31
1747670354038 0.9152621030807495 32
1747670368454 0.9153285622596741 33
1747670382749 0.9152191281318665 34
1747670396909 0.9153637290000916 35
1747670410799 0.9153012037277222 36
1747670424993 0.9153012037277222 37
1747670439339 0.9153363704681396 38
1747670453663 0.9153754711151123 39
1747670467644 0.9155122637748718 40
1747670481717 0.9155435562133789 41
1747670495462 0.9154497385025024 42
1747670509479 0.9154536724090576 43
1747670523723 0.9154497385025024 44
1747670537889 0.9155005812644958 45
1747670552310 0.9154419302940369 46
1747670566661 0.9153129458427429 47
1747670580504 0.9152894616127014 48
1747670594208 0.9154379963874817 49
