1747771167817 2.9666557582778585 0
1747771170043 2.4926980156065537 1
1747771171348 2.049992477723014 2
1747771171980 1.158053525511894 3
1747771172375 0.4934941517515142 4
1747771172718 0.2480470689728169 5
1747771172966 0.17472713955465835 6
1747771173267 0.16291965507564865 7
1747771173518 0.14801928844579107 8
1747771173823 0.14159829073868274 9
1747771174090 0.1288735797484543 10
1747771174424 0.11608729404083992 11
1747771174700 0.10189460882715592 12
1747771175032 0.09945366379428655 13
1747771175288 0.1014893168679861 14
1747771175594 0.09519294433362883 15
1747771175862 0.09024576213664118 16
1747771176200 0.08021140755798604 17
1747771176558 0.08433131880316522 18
1747771176980 0.08544746546197032 19
1747771177358 0.096957943379584 20
1747771177784 0.07890887094312189 21
1747771178170 0.08178312458930101 22
1747771178622 0.07729942643100451 23
1747771178909 0.07384432009828042 24
1747771179222 0.07344407496598007 25
1747771179477 0.0742966016179237 26
1747771179792 0.0984974614175789 27
1747771180058 0.07375493742992387 28
1747771180378 0.06856662874790907 29
1747771180647 0.06405025254652157 30
1747771180968 0.06757482689668488 31
1747771181237 0.06089915211667988 32
1747771181556 0.06858788148634344 33
1747771181831 0.0704649998668762 34
1747771182154 0.07058193299439786 35
1747771182431 0.08164880579059576 36
1747771182837 0.06971394985826038 37
1747771183248 0.06415500172871982 38
1747771183707 0.061895411279177914 39
1747771184113 0.05673725115507176 40
1747771184514 0.05598029541941318 41
1747771184921 0.05592210249547109 42
1747771185298 0.06291245728777746 43
1747771185692 0.05784640463118035 44
1747771186086 0.056797021166945065 45
1747771186491 0.08477148657695519 46
1747771186892 0.0806522800770583 47
1747771187292 0.06852034065934878 48
1747771187694 0.05862206937259553 49
