1747771192211 675.9035675277304 0
1747771192460 178.69846935462627 1
1747771192729 114.03597697293357 2
1747771192978 39.48524618770856 3
1747771193137 14.847326290672354 4
1747771193286 8.926719162553074 5
1747771193429 6.562777439807564 6
1747771193563 5.5280431119696845 7
1747771193700 4.983743642338688 8
1747771193837 4.5803415383470725 9
1747771193977 4.320705332702664 10
1747771194112 4.122693296819929 11
1747771194248 3.5619114963722365 12
1747771194387 3.1115448144514053 13
1747771194524 3.4974044442882506 14
1747771194663 2.900880248808704 15
1747771194803 2.1012734517863394 16
1747771194979 1.8091331265849289 17
1747771195171 2.373350113091876 18
1747771195366 1.4318769233713626 19
1747771195558 1.0276704010064635 20
1747771195751 1.2998176968770152 21
1747771195944 0.8184391818745914 22
1747771196137 0.8377199036137234 23
1747771196330 0.5437008406081565 24
1747771196531 0.7823872745015125 25
1747771196724 0.6846410187721496 26
1747771196917 0.5382036463232329 27
1747771197107 0.553576844282993 28
1747771197298 0.5693709003550481 29
1747771197449 0.4461674060493958 30
1747771197579 0.5193602203818507 31
1747771197715 0.4226111607162554 32
1747771197851 0.508424031614443 33
1747771197988 0.6717321408795768 34
1747771198127 1.571442311484714 35
1747771198269 0.4757442013763974 36
1747771198417 0.3767739817790345 37
1747771198561 0.35461939941700715 38
1747771198707 0.48712493968875414 39
1747771198860 0.6167007187521049 40
1747771199012 0.3689350605522478 41
1747771199160 1.1441442203309327 42
1747771199308 0.5973254140855004 43
1747771199458 0.4781516602789458 44
1747771199605 1.2152953510084672 45
1747771199755 0.8326434723039154 46
1747771199902 0.3876893282245507 47
1747771200052 0.3422074687157083 48
1747771200204 0.36619514284836513 49
