1747770915221 4683.380147360041 0
1747770915474 4581.058209478967 1
1747770915730 4184.230066721373 2
1747770915982 3103.507374136273 3
1747770916238 1973.8881020415708 4
1747770916472 1324.3087333688459 5
1747770916685 1038.906228668297 6
1747770916905 955.6080919489908 7
1747770917134 930.6698423834202 8
1747770917352 927.8486058689222 9
1747770917581 925.3383442666112 10
1747770917801 923.6539647371607 11
1747770918025 918.5405553426299 12
1747770918251 924.3829999657776 13
1747770918484 924.5219996896188 14
1747770918695 918.8450290215743 15
1747770918913 920.3421473317958 16
1747770919127 926.2285186815473 17
1747770919298 920.5124811544075 18
1747770919466 917.6946250302402 19
1747770919642 915.8609467123205 20
1747770919816 915.9423427419839 21
1747770919993 921.251801120034 22
1747770920167 922.477824532484 23
1747770920400 918.415914372937 24
1747770920636 915.9018925587603 25
1747770920870 922.9763029825518 26
1747770921120 925.4789350483019 27
1747770921359 914.0570920866102 28
1747770921593 920.460317927779 29
1747770921830 914.3652179772928 30
1747770922065 912.3750901429811 31
1747770922301 914.506895253061 32
1747770922542 912.6854636507096 33
1747770922730 917.5272251019379 34
1747770922877 912.7683056635984 35
1747770923033 906.3483541768104 36
1747770923191 884.0432912383867 37
1747770923350 846.6514882733456 38
1747770923511 793.6032809803895 39
1747770923666 714.0815359129016 40
1747770923824 606.7176882631667 41
1747770923980 501.59930437460747 42
1747770924138 449.7675353077449 43
1747770924297 431.5103740045493 44
1747770924456 422.4971389160833 45
1747770924617 417.5030190010692 46
1747770924777 417.7380060356153 47
1747770924955 417.7135139013722 48
1747770925138 417.30461224911824 49
