1743860618319 0.38592061573249875 0
1743860642197 0.1660093625055769 1
1743860666111 0.1184443560842015 2
1743860690504 0.0955394177265309 3
1743860714794 0.0797114453801559 4
1743860739070 0.07053034622532928 5
1743860763097 0.06328196668024358 6
1743860787288 0.05399090623801823 7
1743860811240 0.052815060472871884 8
1743860835063 0.04601288669265674 9
1743860859174 0.04142813522191502 10
1743860883283 0.039653738257866826 11
1743860907216 0.035538240291867605 12
1743860931336 0.03237993034665042 13
1743860955250 0.032845268431991946 14
1743860979097 0.029484605341891658 15
1743861002795 0.02725563858352207 16
1743861026850 0.02544459110633141 17
1743861051154 0.023045591499371673 18
1743861075373 0.02105303603309899 19
1743861099552 0.02422765797502484 20
1743861123459 0.02145325941218301 21
1743861147285 0.021889831644892756 22
1743861171148 0.01756809918732537 23
1743861194875 0.019514384035455436 24
1743861218714 0.019716762881644125 25
1743861242533 0.019598549693865177 26
1743861266396 0.015149582870854883 27
1743861290624 0.017118981545429377 28
1743861314812 0.01617774194219304 29
1743861338700 0.01788058884132499 30
1743861362837 0.014556907174263563 31
1743861386915 0.013582741360555423 32
1743861410636 0.015890468470971173 33
1743861434514 0.01413823602163459 34
1743861458570 0.013562217555907145 35
1743861482436 0.01811227834842985 36
1743861506183 0.01567380860123334 37
1743861530113 0.013672287901184434 38
1743861554121 0.011865876897421251 39
1743861577767 0.012421609580519608 40
1743861601636 0.013676890684395657 41
1743861625311 0.012136175918681134 42
1743861649094 0.011683837441014536 43
1743861672924 0.014202703600034243 44
1743861696576 0.012371192922470553 45
1743861720444 0.013279390396502364 46
1743861744074 0.011664467878611678 47
1743861768257 0.012992559010794992 48
1743861792252 0.011250047946125597 49
