1743759661192 0.37730494141578674 0
1743759683716 0.3026098906993866 1
1743759706447 0.28383493423461914 2
1743759728823 0.26900458335876465 3
1743759752009 0.2606448233127594 4
1743759774695 0.25340360403060913 5
1743759797343 0.24805259704589844 6
1743759820145 0.24381659924983978 7
1743759842869 0.23979711532592773 8
1743759865644 0.2360919713973999 9
1743759888677 0.23228180408477783 10
1743759911329 0.2289113998413086 11
1743759934166 0.22550936043262482 12
1743759957331 0.22264009714126587 13
1743759980198 0.2199355661869049 14
1743760002893 0.21774853765964508 15
1743760025754 0.21574360132217407 16
1743760048503 0.21388274431228638 17
1743760070859 0.21229740977287292 18
1743760093125 0.21074402332305908 19
1743760115505 0.2095925211906433 20
1743760137789 0.20823511481285095 21
1743760160070 0.2070160061120987 22
1743760182507 0.20644356310367584 23
1743760204838 0.2053314596414566 24
1743760227356 0.20483939349651337 25
1743760249580 0.20424598455429077 26
1743760271942 0.20399197936058044 27
1743760294280 0.20338061451911926 28
1743760316828 0.20283350348472595 29
1743760339268 0.2022247165441513 30
1743760361800 0.2017110288143158 31
1743760384284 0.20136471092700958 32
1743760406797 0.20073682069778442 33
1743760429168 0.20083698630332947 34
1743760451756 0.20004858076572418 35
1743760474246 0.19983771443367004 36
1743760496672 0.19952543079853058 37
1743760519159 0.1990613043308258 38
1743760541666 0.19897224009037018 39
1743760564154 0.19856137037277222 40
1743760586552 0.19814532995224 41
1743760608780 0.19786706566810608 42
1743760631046 0.19747693836688995 43
1743760653265 0.197335883975029 44
1743760675734 0.19727672636508942 45
1743760698363 0.19648949801921844 46
1743760720758 0.19612179696559906 47
1743760743256 0.19593864679336548 48
1743760765622 0.19571273028850555 49
