1743873758997 0.3863267559503918 0
1743873783131 0.16878290345751512 1
1743873807011 0.1197331992327263 2
1743873831119 0.09423057803516889 3
1743873855405 0.08075976401293172 4
1743873879562 0.06964684408227965 5
1743873903812 0.06336098990654751 6
1743873927963 0.05621311587844071 7
1743873952377 0.051433484063897014 8
1743873976752 0.04528870824539538 9
1743874001045 0.0429421123608993 10
1743874024905 0.0397988502010009 11
1743874048870 0.03512104728276923 12
1743874072527 0.034233365670086224 13
1743874096415 0.029835892427420192 14
1743874120495 0.02980672264624589 15
1743874144130 0.027673299895902493 16
1743874167954 0.025103860557532456 17
1743874191865 0.025543466854334024 18
1743874215884 0.02521574373868521 19
1743874240031 0.021981628166528825 20
1743874264280 0.02180521843835898 21
1743874288344 0.02076285352950999 22
1743874312214 0.01901432019087116 23
1743874336298 0.017491088356914822 24
1743874360429 0.018560762076438926 25
1743874384575 0.020525765549818498 26
1743874408749 0.015241458706376866 27
1743874432571 0.019847746605686407 28
1743874456522 0.012974617817940003 29
1743874480692 0.017221354759425118 30
1743874504816 0.01610652549079641 31
1743874528730 0.018912318294660894 32
1743874552890 0.013567663007686578 33
1743874576670 0.016688555758139975 34
1743874600554 0.013249300799634876 35
1743874624443 0.014541111581694958 36
1743874648350 0.012060215585602184 37
1743874672456 0.014053597304435853 38
1743874696517 0.014227050488160902 39
1743874720486 0.014156346646738692 40
1743874744407 0.01384014721459205 41
1743874768678 0.010979265324541672 42
1743874792863 0.01180875557169833 43
1743874817123 0.013751026173872602 44
1743874841129 0.013034674805807087 45
1743874865292 0.010927799245259488 46
1743874889489 0.01114621712594839 47
1743874913631 0.010154032734761514 48
1743874937421 0.010768919874593583 49
