1747770151980 0.03806818276643753 0
1747770152312 0.03011363558471203 1
1747770152635 0.06647727638483047 2
1747770152982 0.11363636702299118 3
1747770153325 0.1926136314868927 4
1747770153585 0.2454545497894287 5
1747770153840 0.2857954502105713 6
1747770154094 0.32613635063171387 7
1747770154398 0.35738635063171387 8
1747770154646 0.4170454442501068 9
1747770154900 0.5011363625526428 10
1747770155149 0.5386363863945007 11
1747770155430 0.5477272868156433 12
1747770155682 0.5517045259475708 13
1747770155940 0.5710227489471436 14
1747770156195 0.5767045617103577 15
1747770156459 0.5835227370262146 16
1747770156706 0.6045454740524292 17
1747770156948 0.6255682110786438 18
1747770157223 0.6312500238418579 19
1747770157537 0.6465908885002136 20
1747770157853 0.6579545736312866 21
1747770158171 0.6602272987365723 22
1747770158490 0.6710227131843567 23
1747770158815 0.6647727489471436 24
1747770159138 0.6818181872367859 25
1747770159556 0.6869317889213562 26
1747770159805 0.7045454382896423 27
1747770160039 0.7164772748947144 28
1747770160273 0.6948863863945007 29
1747770160501 0.7136363387107849 30
1747770160728 0.7153409123420715 31
1747770160963 0.737500011920929 32
1747770161202 0.7369318008422852 33
1747770161452 0.7392045259475708 34
1747770161701 0.7471590638160706 35
1747770161957 0.7420454621315002 36
1747770162216 0.7477272748947144 37
1747770162486 0.7522727251052856 38
1747770162751 0.7528409361839294 39
1747770162987 0.7573863863945007 40
1747770163224 0.7602272629737854 41
1747770163516 0.762499988079071 42
1747770163841 0.7568181753158569 43
1747770164164 0.7659090757369995 44
1747770164491 0.7653409242630005 45
1747770164822 0.7653409242630005 46
1747770165151 0.7642045617103577 47
1747770165480 0.7681818008422852 48
1747770165807 0.7602272629737854 49
