1747576222132 0.06775927543640137 0
1747576227822 0.00467324024066329 1
1747576233571 0.0034173931926488876 2
1747576239155 0.003426633309572935 3
1747576244726 0.0034602314699441195 4
1747576250485 0.003286944003775716 5
1747576256339 0.0033407555893063545 6
1747576261468 0.0031907411757856607 7
1747576266669 0.003172737779095769 8
1747576272116 0.003261506324633956 9
1747576277668 0.0031061237677931786 10
1747576283265 0.0031916305888444185 11
1747576288750 0.003046504221856594 12
1747576294407 0.0030444988515228033 13
1747576300052 0.0030364191625267267 14
1747576305598 0.0030295024625957012 15
1747576311251 0.0029562083072960377 16
1747576317086 0.0029941617976874113 17
1747576322923 0.0029819454066455364 18
1747576328875 0.0028965913224965334 19
1747576334721 0.002804193180054426 20
1747576340554 0.0028252836782485247 21
1747576346348 0.002896717516705394 22
1747576352010 0.0028294636867940426 23
1747576357595 0.0028926325030624866 24
1747576362800 0.0027617793530225754 25
1747576368372 0.002758168615400791 26
1747576374002 0.0027829392347484827 27
1747576379791 0.002694317838177085 28
1747576385550 0.0026911350432783365 29
1747576391368 0.002614398254081607 30
1747576397226 0.002633207943290472 31
1747576403087 0.002756542759016156 32
1747576408985 0.0025573100429028273 33
1747576414621 0.002680705627426505 34
1747576420110 0.00257727038115263 35
1747576425705 0.0025803414173424244 36
1747576431455 0.0026773507706820965 37
1747576437163 0.002577033592388034 38
1747576442987 0.0026935606729239225 39
1747576448620 0.0026255261618644 40
1747576454274 0.0026040165685117245 41
1747576459947 0.002521140966564417 42
1747576465699 0.0026395022869110107 43
1747576471160 0.0025221144314855337 44
1747576476278 0.002526647411286831 45
1747576481692 0.0024909640196710825 46
1747576487433 0.0025543260853737593 47
1747576493131 0.0025937773752957582 48
1747576498751 0.002465265803039074 49
