1747772041491 0.4124999940395355 0
1747772041734 0.6499999761581421 1
1747772042017 0.8755682110786438 2
1747772042337 0.9005681872367859 3
1747772042657 0.9147727489471436 4
1747772042978 0.9392045736312866 5
1747772043248 0.9460227489471436 6
1747772043493 0.9573863744735718 7
1747772043737 0.949999988079071 8
1747772043982 0.9426136612892151 9
1747772044226 0.9482954740524292 10
1747772044478 0.9619318246841431 11
1747772044717 0.9613636136054993 12
1747772044959 0.956818163394928 13
1747772045202 0.9528409242630005 14
1747772045442 0.9460227489471436 15
1747772045684 0.9369317889213562 16
1747772045925 0.9221590757369995 17
1747772046167 0.9551136493682861 18
1747772046409 0.9437500238418579 19
1747772046652 0.9573863744735718 20
1747772046921 0.9653409123420715 21
1747772047247 0.9681817889213562 22
1747772047572 0.9664772748947144 23
1747772047898 0.9556818008422852 24
1747772048181 0.9647727012634277 25
1747772048423 0.9681817889213562 26
1747772048654 0.9727272987365723 27
1747772048886 0.9630681872367859 28
1747772049119 0.9585227370262146 29
1747772049352 0.9664772748947144 30
1747772049592 0.9659090638160706 31
1747772049822 0.9681817889213562 32
1747772050055 0.96875 33
1747772050296 0.9659090638160706 34
1747772050528 0.9647727012634277 35
1747772050762 0.9579545259475708 36
1747772050999 0.9710227251052856 37
1747772051237 0.9784091114997864 38
1747772051472 0.96875 39
1747772051705 0.9630681872367859 40
1747772051989 0.9761363863945007 41
1747772052313 0.9681817889213562 42
1747772052638 0.9715909361839294 43
1747772052962 0.9636363387107849 44
1747772053218 0.9624999761581421 45
1747772053447 0.9636363387107849 46
1747772053680 0.96875 47
1747772053912 0.9715909361839294 48
1747772054146 0.9596590995788574 49
