1747653309183 0.9147109985351562 0
1747653323409 0.9149923920631409 1
1747653337284 0.9147735238075256 2
1747653351101 0.9146758317947388 3
1747653364758 0.9147305488586426 4
1747653378233 0.9147422313690186 5
1747653392214 0.9149181246757507 6
1747653406171 0.9148008823394775 7
1747653420398 0.9149142503738403 8
1747653434103 0.9151644110679626 9
1747653447664 0.9152582287788391 10
1747653461462 0.915168285369873 11
1747653475370 0.9153676629066467 12
1747653488873 0.9153363704681396 13
1747653502867 0.915285587310791 14
1747653516223 0.9153051376342773 15
1747653530303 0.9152464866638184 16
1747653544264 0.9151917695999146 17
1747653558571 0.9153051376342773 18
1747653572776 0.915355920791626 19
1747653586803 0.9154028296470642 20
1747653600482 0.9153598546981812 21
1747653614447 0.9154184460639954 22
1747653628383 0.9152660369873047 23
1747653642445 0.9153207540512085 24
1747653656488 0.9153363704681396 25
1747653670452 0.9154497385025024 26
1747653684211 0.9153910875320435 27
1747653698397 0.9153676629066467 28
1747653712365 0.9152973294258118 29
1747653726386 0.915355920791626 30
1747653740479 0.9155083894729614 31
1747653753975 0.9154106378555298 32
1747653768198 0.9153754711151123 33
1747653782356 0.9153403043746948 34
1747653796286 0.9153676629066467 35
1747653810436 0.9153715372085571 36
1747653824625 0.9154301881790161 37
1747653838902 0.9154770970344543 38
1747653852699 0.9153910875320435 39
1747653866634 0.9153832793235779 40
1747653880562 0.9154966473579407 41
1747653894145 0.9154966473579407 42
1747653907985 0.9154536724090576 43
1747653921931 0.9154419302940369 44
1747653936071 0.9155122637748718 45
1747653950324 0.9155787229537964 46
1747653964410 0.9154888391494751 47
1747653978643 0.9155083894729614 48
1747653992447 0.915688157081604 49
