1747653309184 0.24784081971136498 0
1747653323410 0.24020496731055513 1
1747653337285 0.23928420694642197 2
1747653351102 0.2387282804084341 3
1747653364760 0.23832267530229276 4
1747653378234 0.23803146688622454 5
1747653392215 0.23781557705956816 6
1747653406172 0.23780020855636458 7
1747653420399 0.2376336792654322 8
1747653434105 0.23740073418632618 9
1747653447665 0.2373046398440638 10
1747653461463 0.23720121816815679 11
1747653475371 0.23715705136187817 12
1747653488874 0.2370746856211553 13
1747653502868 0.23695162495610186 14
1747653516224 0.23688117552781274 15
1747653530303 0.23696407519330043 16
1747653544265 0.23690690876546353 17
1747653558572 0.2368798473234374 18
1747653572777 0.23691534465869882 19
1747653586804 0.23672606267985716 20
1747653600483 0.2367311403281466 21
1747653614448 0.23666161070092628 22
1747653628384 0.23659666435162982 23
1747653642446 0.23664597702102946 24
1747653656488 0.23655076809646344 25
1747653670453 0.23644388153953189 26
1747653684213 0.23656592753509512 27
1747653698398 0.2364610792148802 28
1747653712366 0.2365022488216527 29
1747653726387 0.23645625324597308 30
1747653740480 0.23652327666220987 31
1747653753976 0.23645042831751503 32
1747653768200 0.2363118386616847 33
1747653782357 0.23643526409444604 34
1747653796287 0.2363211765653551 35
1747653810437 0.23636540585008842 36
1747653824626 0.23636607880755192 37
1747653838903 0.23628881991683193 38
1747653852700 0.2362563387345028 39
1747653866635 0.2362425480307046 40
1747653880563 0.2362546541312292 41
1747653894146 0.23618213852512654 42
1747653907986 0.23619424804443825 43
1747653921932 0.23616549623229857 44
1747653936072 0.23612897314855852 45
1747653950325 0.23615116754833057 46
1747653964411 0.23615933148903956 47
1747653978645 0.23607092510383698 48
1747653992449 0.2361418800297568 49
