1747619810324 0.9146601557731628 0
1747619878143 0.9146484732627869 1
1747619944246 0.9150432348251343 2
1747620012689 0.9150705933570862 3
1747620078712 0.915066659450531 4
1747620145238 0.915054976940155 5
1747620214503 0.9151995778083801 6
1747620277753 0.915023684501648 7
1747620337214 0.9151800274848938 8
1747620404989 0.9151878356933594 9
1747620469968 0.9152073860168457 10
1747620539127 0.9152035117149353 11
1747620603909 0.9151722192764282 12
1747620671432 0.9151096940040588 13
1747620735882 0.9151487946510315 14
1747620803492 0.9151800274848938 15
1747620861667 0.9152386784553528 16
1747620926711 0.9152738451957703 17
1747620993016 0.9151448607444763 18
1747621060293 0.9153403043746948 19
1747621125930 0.9152542948722839 20
1747621192041 0.9152973294258118 21
1747621261223 0.9152699112892151 22
1747621327152 0.9153168201446533 23
1747621391424 0.915285587310791 24
1747621456928 0.9153676629066467 25
1747621523489 0.9153403043746948 26
1747621590142 0.9153207540512085 27
1747621655108 0.9153051376342773 28
1747621721539 0.9152933955192566 29
1747621786141 0.9152894616127014 30
1747621849690 0.9154106378555298 31
1747621908116 0.9153012037277222 32
1747621959819 0.9153989553451538 33
1747622024497 0.9153794050216675 34
1747622091180 0.9152894616127014 35
1747622160227 0.9154067635536194 36
1747622226037 0.9153637290000916 37
1747622290108 0.915414571762085 38
1747622355995 0.9154263138771057 39
1747622419169 0.9153637290000916 40
1747622483549 0.9152621030807495 41
1747622535040 0.9153754711151123 42
1747622603529 0.9153910875320435 43
1747622670157 0.9153285622596741 44
1747622733822 0.9154067635536194 45
1747622796761 0.9154849052429199 46
1747622862028 0.9153051376342773 47
1747622929262 0.9153246879577637 48
1747622998236 0.9154263138771057 49
