1747664603126 0.9150080680847168 0
1747664617163 0.915226936340332 1
1747664631158 0.9152621030807495 2
1747664644740 0.9152035117149353 3
1747664658748 0.9152542948722839 4
1747664672413 0.9153090119361877 5
1747664686648 0.9153754711151123 6
1747664700487 0.9153207540512085 7
1747664714344 0.9154184460639954 8
1747664728462 0.9154379963874817 9
1747664742698 0.9154966473579407 10
1747664756497 0.9152464866638184 11
1747664770587 0.915355920791626 12
1747664784633 0.9153363704681396 13
1747664798700 0.9153676629066467 14
1747664812955 0.9153832793235779 15
1747664827151 0.9154770970344543 16
1747664841239 0.9153715372085571 17
1747664855337 0.9154301881790161 18
1747664870174 0.9155943393707275 19
1747664884905 0.9152816534042358 20
1747664899223 0.915414571762085 21
1747664913061 0.9155943393707275 22
1747664927476 0.9155005812644958 23
1747664942142 0.9154184460639954 24
1747664956416 0.9155200719833374 25
1747664970716 0.9154419302940369 26
1747664985518 0.9154497385025024 27
1747665000281 0.915414571762085 28
1747665014487 0.9154341220855713 29
1747665028487 0.9154263138771057 30
1747665043236 0.9154849052429199 31
1747665056912 0.9154341220855713 32
1747665071166 0.9155787229537964 33
1747665085604 0.9154770970344543 34
1747665099820 0.9155005812644958 35
1747665113823 0.9154223799705505 36
1747665128162 0.9156491160392761 37
1747665142355 0.9156725406646729 38
1747665156209 0.9155318140983582 39
1747665170101 0.9154379963874817 40
1747665184070 0.9155669808387756 41
1747665198022 0.9155044555664062 42
1747665211808 0.9154653549194336 43
1747665225737 0.9155005812644958 44
1747665239705 0.9154810309410095 45
1747665253893 0.9155396223068237 46
1747665268103 0.9155787229537964 47
1747665282326 0.9154536724090576 48
1747665296476 0.915516197681427 49
