1747664603127 0.24576645787352008 0
1747664617164 0.24000150827350777 1
1747664631159 0.23879683316999123 2
1747664644741 0.23818636291673967 3
1747664658749 0.23793765715912496 4
1747664672415 0.23767468347755646 5
1747664686649 0.23741619988518936 6
1747664700488 0.23732027481507778 7
1747664714345 0.23711070674287948 8
1747664728462 0.23713959294283085 9
1747664742699 0.23703212827318434 10
1747664756498 0.23703211581163436 11
1747664770588 0.2369052063837218 12
1747664784634 0.23689177577807854 13
1747664798701 0.23676973277912364 14
1747664812956 0.2367132609667216 15
1747664827152 0.23672063405639784 16
1747664841241 0.23662804680630004 17
1747664855338 0.23656665285264644 18
1747664870175 0.2365565968111704 19
1747664884906 0.23651856876590213 20
1747664899224 0.23652414027795227 21
1747664913062 0.23650176368495898 22
1747664927477 0.23643257022183806 23
1747664942143 0.23651576486378317 24
1747664956417 0.23641471017602259 25
1747664970717 0.23631186668336981 26
1747664985519 0.2363473399175826 27
1747665000282 0.2363652922725786 28
1747665014488 0.23634052745340534 29
1747665028488 0.23627424380967907 30
1747665043237 0.23621727337964765 31
1747665056913 0.23624792556390287 32
1747665071166 0.2361316714835968 33
1747665085605 0.23619124784021467 34
1747665099820 0.2361763097928817 35
1747665113824 0.23617753164377636 36
1747665128163 0.23608639494981912 37
1747665142356 0.23611673109142978 38
1747665156211 0.23607918938216518 39
1747665170101 0.23603081507624632 40
1747665184071 0.2360205823076642 41
1747665198023 0.23603867073333418 42
1747665211809 0.23601034735244608 43
1747665225738 0.23593535710962185 44
1747665239706 0.23595533570874982 45
1747665253894 0.23594584603800922 46
1747665268104 0.23600471234865902 47
1747665282327 0.2358786103507721 48
1747665296476 0.23588177330419902 49
