1747771115006 0.23726430587499728 0
1747771115268 0.16828636498890823 1
1747771115655 0.1628838684193716 2
1747771116001 0.12526423368574002 3
1747771116401 0.11679389899111704 4
1747771116769 0.11295110081546147 5
1747771117174 0.1284168076319428 6
1747771117525 0.11068729986122199 7
1747771117890 0.13792395544011407 8
1747771118143 0.12008589171403912 9
1747771118458 0.10872412829449588 10
1747771118690 0.10552186236353053 11
1747771118978 0.13132964669137717 12
1747771119235 0.10472551927268113 13
1747771119539 0.10917586182382703 14
1747771119791 0.11474649086244866 15
1747771120096 0.12328437597127227 16
1747771120344 0.1075246858293706 17
1747771120648 0.08588002620181431 18
1747771120882 0.09034527181669927 19
1747771121129 0.08176258253800746 20
1747771122353 0.0971147915407193 21
1747771123105 0.08494149112752174 22
1747771123383 0.07543794042331128 23
1747771123703 0.07676482159225342 24
1747771123955 0.09311435071393384 25
1747771124257 0.12302482613754802 26
1747771124507 0.08858269525992166 27
1747771124810 0.11874539976208 28
1747771125063 0.08350824626997226 29
1747771125365 0.0951691516663268 30
1747771125622 0.07712940077443618 31
1747771125938 0.0896814820408292 32
1747771126201 0.06955708951650452 33
1747771126511 0.06378529272842584 34
1747771126854 0.08225631307467059 35
1747771127259 0.07711538743963053 36
1747771127635 0.09368418416536055 37
1747771128058 0.08839272497297423 38
1747771128451 0.07977017932978579 39
1747771128866 0.07875028694299635 40
1747771129156 0.07253167183727413 41
1747771129490 0.06167156801013614 42
1747771129750 0.08476699604879305 43
1747771130066 0.06343853119556406 44
1747771130314 0.06134225564817707 45
1747771130613 0.07532210600523247 46
1747771130871 0.0777930575164391 47
1747771131185 0.07656199121266606 48
1747771131441 0.08047082394570815 49
