1743850637207 0.27896545285939744 0
1743850659297 0.19808940836640124 1
1743850681366 0.1829575468887763 2
1743850703339 0.1732235052388977 3
1743850725117 0.16563956225109883 4
1743850747000 0.15953916838553658 5
1743850769005 0.15391750296968978 6
1743850790990 0.1487890945469978 7
1743850812926 0.14404895614371346 8
1743850834964 0.13918182604073023 9
1743850857086 0.1338831057656531 10
1743850879104 0.12877960814087525 11
1743850901012 0.12415032786559921 12
1743850922796 0.11997456046429893 13
1743850944651 0.11606057839053703 14
1743850966582 0.11236859234177936 15
1743850988515 0.10943733501339416 16
1743851010724 0.10680476439414209 17
1743851032733 0.10458256840906607 18
1743851054786 0.10263811352000668 19
1743851076902 0.10086713423918284 20
1743851098877 0.09922209920625225 21
1743851121007 0.09755160087652832 22
1743851143148 0.09611479249337074 23
1743851165290 0.09485247542696294 24
1743851187287 0.09371234677487741 25
1743851209343 0.09256609521509962 26
1743851231373 0.09155229491073918 27
1743851253326 0.09049858157759584 28
1743851275422 0.0896468299234749 29
1743851297587 0.08884410348055576 30
1743851319663 0.0882452156515343 31
1743851341752 0.08758250072523939 32
1743851363671 0.08697891949811054 33
1743851385659 0.08639128241403721 34
1743851407616 0.0858126523406239 35
1743851429652 0.08533713593728437 36
1743851451718 0.08480801841899241 37
1743851473642 0.08431629914005996 38
1743851495728 0.08396953094315705 39
1743851517744 0.08335911392274187 40
1743851539689 0.08290598787578222 41
1743851561511 0.08253815486226072 42
1743851583230 0.08215634542877971 43
1743851605219 0.08179407876765668 44
1743851627036 0.0813513023855477 45
1743851649141 0.08088998186404225 46
1743851671108 0.08058573148056743 47
1743851693140 0.08010446809054146 48
1743851715127 0.07985880332043875 49
