1743926849322 0.6743333339691162 0
1743926874437 0.8941666483879089 1
1743926899481 0.92535001039505 2
1743926924634 0.9368333220481873 3
1743926949932 0.9467999935150146 4
1743926974980 0.9544666409492493 5
1743927000248 0.958466649055481 6
1743927025617 0.9621666669845581 7
1743927050835 0.9662500023841858 8
1743927075859 0.9667666554450989 9
1743927100959 0.9691500067710876 10
1743927126245 0.9721666574478149 11
1743927151467 0.9728999733924866 12
1743927176675 0.9739999771118164 13
1743927202015 0.975766658782959 14
1743927227170 0.9761333465576172 15
1743927252542 0.9779999852180481 16
1743927278098 0.978683352470398 17
1743927303412 0.9800166487693787 18
1743927328825 0.9802666902542114 19
1743927354481 0.9810166954994202 20
1743927379649 0.9813833236694336 21
1743927404988 0.9816833138465881 22
1743927430376 0.9835166931152344 23
1743927455715 0.9837499856948853 24
1743927481213 0.9842000007629395 25
1743927506488 0.9845333099365234 26
1743927531890 0.9840999841690063 27
1743927557291 0.9852833151817322 28
1743927582597 0.9868166446685791 29
1743927608043 0.9854333400726318 30
1743927633357 0.9870499968528748 31
1743927658567 0.9869166612625122 32
1743927683968 0.98621666431427 33
1743927709011 0.9887166619300842 34
1743927734390 0.9877499938011169 35
1743927759582 0.9881500005722046 36
1743927784751 0.9891999959945679 37
1743927810020 0.9894833564758301 38
1743927835380 0.9889833331108093 39
1743927860651 0.9888166785240173 40
1743927885907 0.9895666837692261 41
1743927910966 0.9895333051681519 42
1743927935951 0.9896500110626221 43
1743927961257 0.990066647529602 44
1743927986732 0.9910333156585693 45
1743928012109 0.9916666746139526 46
1743928037256 0.990066647529602 47
1743928062530 0.9906166791915894 48
1743928087942 0.991349995136261 49
