1747770490505 49.233924865722656 0
1747770490672 49.03657531738281 1
1747770490840 48.631492614746094 2
1747770491007 47.975406646728516 3
1747770491177 46.9266242980957 4
1747770491347 45.163482666015625 5
1747770491563 42.45845413208008 6
1747770491798 38.701934814453125 7
1747770492034 34.229896545410156 8
1747770492274 29.48122787475586 9
1747770492511 25.419069290161133 10
1747770492744 23.284833908081055 11
1747770492980 22.837831497192383 12
1747770493222 22.673683166503906 13
1747770493464 22.484912872314453 14
1747770493705 22.297746658325195 15
1747770493917 22.151622772216797 16
1747770494071 22.055118560791016 17
1747770494236 21.96539878845215 18
1747770494404 21.8994140625 19
1747770494577 21.851057052612305 20
1747770494746 21.82375717163086 21
1747770494916 21.769691467285156 22
1747770495086 21.74741554260254 23
1747770495243 21.706756591796875 24
1747770495404 21.676206588745117 25
1747770495565 21.649593353271484 26
1747770495726 21.61884307861328 27
1747770495887 21.590591430664062 28
1747770496047 21.569990158081055 29
1747770496209 21.55837059020996 30
1747770496371 21.5201473236084 31
1747770496532 21.50745964050293 32
1747770496693 21.481788635253906 33
1747770496852 21.46742820739746 34
1747770497030 21.454193115234375 35
1747770497201 21.44207763671875 36
1747770497371 21.426301956176758 37
1747770497548 21.400012969970703 38
1747770497773 21.396209716796875 39
1747770498017 21.3974609375 40
1747770498255 21.388479232788086 41
1747770498495 21.383865356445312 42
1747770498731 21.373348236083984 43
1747770498965 21.371185302734375 44
1747770499201 21.35324478149414 45
1747770499437 21.359981536865234 46
1747770499674 21.352794647216797 47
1747770499912 21.3463077545166 48
1747770500129 21.32973289489746 49
