1747668307754 0.24855191392066367 0
1747668321884 0.2406690456143137 1
1747668336259 0.23933174002562485 2
1747668350350 0.23861203713658932 3
1747668364363 0.2383689443078337 4
1747668378488 0.23809856197776202 5
1747668392243 0.23781191569023197 6
1747668406406 0.23757888711713174 7
1747668420425 0.23757171206651706 8
1747668434644 0.237258120101867 9
1747668448918 0.2372534965681982 10
1747668462496 0.23717059155246112 11
1747668476705 0.23704358036684647 12
1747668490843 0.23705461620035126 13
1747668504983 0.2369609733791226 14
1747668519240 0.23685534347049278 15
1747668533547 0.23691851673797973 16
1747668547401 0.23679277223913056 17
1747668561365 0.23674732407897156 18
1747668575299 0.2367415614664437 19
1747668589461 0.23660687471458633 20
1747668603572 0.236645524398424 21
1747668617729 0.23669609270771955 22
1747668632041 0.23659761756484932 23
1747668645582 0.23659185903580426 24
1747668659745 0.23654900677158 25
1747668674067 0.23656657180325066 26
1747668688277 0.2365310533421137 27
1747668702173 0.23641487362078276 28
1747668716194 0.2363188968331299 29
1747668730443 0.23629055949361857 30
1747668744536 0.2364091741393303 31
1747668758750 0.2362873682468637 32
1747668773099 0.2362596646368842 33
1747668786823 0.23630621784541392 34
1747668800858 0.23621219045478223 35
1747668815053 0.23618630071632277 36
1747668829457 0.23612705910722764 37
1747668843815 0.23615797928128943 38
1747668858026 0.2361255940580681 39
1747668872099 0.2361758873797841 40
1747668885902 0.23615394758718342 41
1747668900017 0.23614406136549654 42
1747668914230 0.2360666940919421 43
1747668928226 0.2360218787719894 44
1747668942435 0.23589178856025128 45
1747668956458 0.23606443778340508 46
1747668970422 0.2359802470775474 47
1747668984723 0.2359241254065387 48
1747668999062 0.2358558194861863 49
