1747669042851 0.2490918040299986 0
1747669057231 0.23973562214173516 1
1747669071257 0.2386604506597793 2
1747669085253 0.2382998484267562 3
1747669099157 0.237793751136139 4
1747669112864 0.23766114946652261 5
1747669126786 0.23757396385316257 6
1747669140511 0.2373947733315809 7
1747669154358 0.2372865271464535 8
1747669168374 0.2372448525640055 9
1747669181985 0.23721535076812114 10
1747669196007 0.23715951649452757 11
1747669209971 0.23719389610135794 12
1747669224074 0.23702349745019288 13
1747669238358 0.23701111146020848 14
1747669252510 0.23697335299323447 15
1747669266714 0.23693987008302483 16
1747669280896 0.23688118979947656 17
1747669295263 0.23681524020265543 18
1747669309660 0.23694626625154877 19
1747669323756 0.23675747741133948 20
1747669337896 0.23689953538680375 21
1747669352038 0.2368460081828316 22
1747669366177 0.23673877986391945 23
1747669380485 0.23678848091911245 24
1747669394789 0.23661612523965167 25
1747669409069 0.2367647515527657 26
1747669423357 0.2366823470195819 27
1747669437678 0.23669909317905605 28
1747669451915 0.2365759032401579 29
1747669465595 0.23661416905242966 30
1747669479661 0.23657815156374784 31
1747669493786 0.23646532573002316 32
1747669508148 0.23654381794572824 33
1747669522375 0.23640782426145185 34
1747669536390 0.23635560544496745 35
1747669550558 0.23646487260740603 36
1747669564862 0.2363811566049539 37
1747669578974 0.2362923229034851 38
1747669593357 0.23635270602816383 39
1747669607717 0.23637351990918662 40
1747669621882 0.23624803553395485 41
1747669636017 0.2360990191550904 42
1747669650339 0.23617745436667265 43
1747669664808 0.23617222190506174 44
1747669679119 0.23616812063518083 45
1747669692981 0.23612172658566255 46
1747669707751 0.23612663187387434 47
1747669722557 0.2360336621793817 48
1747669737086 0.23604976492458243 49
