1747669042850 0.9149494171142578 0
1747669057230 0.915066659450531 1
1747669071256 0.9153051376342773 2
1747669085252 0.9152191281318665 3
1747669099155 0.9152621030807495 4
1747669112864 0.9152973294258118 5
1747669126785 0.9153090119361877 6
1747669140510 0.9152035117149353 7
1747669154357 0.9152777791023254 8
1747669168373 0.9152894616127014 9
1747669181984 0.9152816534042358 10
1747669196005 0.9153246879577637 11
1747669209970 0.9153168201446533 12
1747669224073 0.9153950214385986 13
1747669238357 0.9152191281318665 14
1747669252509 0.9153989553451538 15
1747669266713 0.915355920791626 16
1747669280895 0.9155200719833374 17
1747669295262 0.9154810309410095 18
1747669309659 0.9154536724090576 19
1747669323755 0.9151878356933594 20
1747669337895 0.915355920791626 21
1747669352037 0.9152738451957703 22
1747669366176 0.9152621030807495 23
1747669380484 0.9152308702468872 24
1747669394788 0.9151995778083801 25
1747669409068 0.9150940179824829 26
1747669423356 0.9152542948722839 27
1747669437677 0.9152973294258118 28
1747669451914 0.9151604771614075 29
1747669465593 0.915355920791626 30
1747669479660 0.9152464866638184 31
1747669493785 0.9153715372085571 32
1747669508147 0.9151331186294556 33
1747669522374 0.9152933955192566 34
1747669536389 0.9153246879577637 35
1747669550557 0.9152933955192566 36
1747669564861 0.915414571762085 37
1747669578972 0.9154223799705505 38
1747669593356 0.9153754711151123 39
1747669607716 0.9151331186294556 40
1747669621882 0.9153363704681396 41
1747669636016 0.9154184460639954 42
1747669650338 0.9153324961662292 43
1747669664807 0.9153832793235779 44
1747669679118 0.9153989553451538 45
1747669692980 0.9154223799705505 46
1747669707750 0.9153520464897156 47
1747669722556 0.915355920791626 48
1747669737085 0.9154028296470642 49
