1743750812997 0.4139770081266385 0
1743750836668 0.20832467255246825 1
1743750860414 0.15219715834982964 2
1743750884037 0.12273026175556459 3
1743750907619 0.10334642335581475 4
1743750931148 0.09035622675096111 5
1743750954984 0.08182202277260171 6
1743750979005 0.0725873739606256 7
1743751002602 0.06839465100836709 8
1743751026089 0.06311649188403667 9
1743751049914 0.05591054887345509 10
1743751073687 0.05347760520518025 11
1743751097327 0.049959574086596244 12
1743751121148 0.04682634805791856 13
1743751145036 0.0428059570911234 14
1743751168701 0.04120178030087261 15
1743751192477 0.03909477898396126 16
1743751216152 0.03721415617692261 17
1743751240054 0.034788173828974325 18
1743751263819 0.0334360318117213 19
1743751287331 0.030765201899638543 20
1743751311263 0.030050629933777998 21
1743751335101 0.028569485582004093 22
1743751358785 0.028749747334883252 23
1743751382621 0.025756642704317108 24
1743751406305 0.023368933972406077 25
1743751430483 0.0259827926511534 26
1743751454414 0.024100270098872306 27
1743751478297 0.02035752951685266 28
1743751502064 0.024588030277413332 29
1743751526040 0.018548158940848596 30
1743751549823 0.021589780892559963 31
1743751573331 0.01937068250779997 32
1743751597192 0.019510381567098507 33
1743751621216 0.019769281330468225 34
1743751645029 0.013886584980632591 35
1743751668778 0.018838440812995943 36
1743751692459 0.016784346965228798 37
1743751716184 0.01557779902277212 38
1743751740090 0.01875444261588093 39
1743751763714 0.014587248592875236 40
1743751787704 0.013657985999940947 41
1743751811619 0.014656943873593616 42
1743751835404 0.013728508633765846 43
1743751859298 0.014716356522433034 44
1743751883292 0.01285002816384947 45
1743751907128 0.01876652028421109 46
1743751930878 0.01375472713894245 47
1743751977221 0.014904587274555868 48
1743752027915 0.012431984438707374 49
