1743750812996 0.8768166899681091 0
1743750836667 0.9380499720573425 1
1743750860414 0.9548666477203369 2
1743750884036 0.9636333584785461 3
1743750907618 0.9694833159446716 4
1743750931147 0.972516655921936 5
1743750954983 0.9751666784286499 6
1743750979004 0.9773333072662354 7
1743751002601 0.9794333577156067 8
1743751026088 0.9802333116531372 9
1743751049913 0.9829166531562805 10
1743751073686 0.9831833243370056 11
1743751097326 0.9836833477020264 12
1743751121147 0.9846500158309937 13
1743751145035 0.9858333468437195 14
1743751168700 0.9868333339691162 15
1743751192476 0.9874333143234253 16
1743751216151 0.9873666763305664 17
1743751240054 0.9886833429336548 18
1743751263818 0.9888166785240173 19
1743751287330 0.9896666407585144 20
1743751311262 0.9902333617210388 21
1743751335100 0.9904999732971191 22
1743751358785 0.9903333187103271 23
1743751382620 0.9912999868392944 24
1743751406304 0.9921000003814697 25
1743751430482 0.9909999966621399 26
1743751454413 0.9919166564941406 27
1743751478296 0.992733359336853 28
1743751502063 0.991516649723053 29
1743751526039 0.9937999844551086 30
1743751549822 0.9926000237464905 31
1743751573330 0.9934999942779541 32
1743751597192 0.9929166436195374 33
1743751621215 0.9932666420936584 34
1743751645028 0.9951833486557007 35
1743751668777 0.9936833381652832 36
1743751692458 0.9943166375160217 37
1743751716183 0.9946500062942505 38
1743751740089 0.9932833313941956 39
1743751763713 0.994700014591217 40
1743751787703 0.9954500198364258 41
1743751811619 0.9952333569526672 42
1743751835403 0.995199978351593 43
1743751859297 0.9949666857719421 44
1743751883291 0.9954500198364258 45
1743751907128 0.9937666654586792 46
1743751930877 0.9955999851226807 47
1743751977220 0.9949666857719421 48
1743752027914 0.9956833124160767 49
