1743951007432 0.9364500045776367 0
1743951032967 0.9524666666984558 1
1743951058246 0.9542999863624573 2
1743951083382 0.9614166617393494 3
1743951108370 0.9646166563034058 4
1743951133397 0.9684000015258789 5
1743951158470 0.9721999764442444 6
1743951183407 0.9702500104904175 7
1743951208420 0.9772166609764099 8
1743951233275 0.9764333367347717 9
1743951258151 0.9807999730110168 10
1743951283448 0.9785500168800354 11
1743951308598 0.9837666749954224 12
1743951333646 0.9832166433334351 13
1743951359145 0.9843833446502686 14
1743951384481 0.9818333387374878 15
1743951409656 0.9857000112533569 16
1743951434834 0.9836833477020264 17
1743951460053 0.9857833385467529 18
1743951485291 0.9890833497047424 19
1743951510823 0.9894333481788635 20
1743951536201 0.9880833625793457 21
1743951561351 0.9901333451271057 22
1743951586633 0.9857333302497864 23
1743951611858 0.9905833601951599 24
1743951637169 0.9921500086784363 25
1743951662336 0.9903166890144348 26
1743951687442 0.9925000071525574 27
1743951712787 0.9920166730880737 28
1743951737971 0.9916333556175232 29
1743951762939 0.9938333630561829 30
1743951788406 0.9848499894142151 31
1743951813706 0.9918333292007446 32
1743951839069 0.9924166798591614 33
1743951864541 0.9930333495140076 34
1743951889496 0.994783341884613 35
1743951914830 0.9911999702453613 36
1743951939984 0.9926166534423828 37
1743951968362 0.9934333562850952 38
1743951996052 0.9932666420936584 39
1743952021261 0.9950666427612305 40
1743952046326 0.9952999949455261 41
1743952071189 0.9944499731063843 42
1743952096479 0.9944499731063843 43
1743952121301 0.9944333434104919 44
1743952146565 0.9904833436012268 45
1743952171867 0.9952666759490967 46
1743952196839 0.9944833517074585 47
1743952221893 0.9961833357810974 48
1743952246982 0.9906166791915894 49
