1743951007433 0.5248625251227788 0
1743951032968 0.16744806851654673 1
1743951058248 0.1538843810954147 2
1743951083384 0.12620074257592861 3
1743951108372 0.11546926604499481 4
1743951133399 0.10435682781081891 5
1743951158472 0.09187727194756627 6
1743951183408 0.09753691104197966 7
1743951208421 0.07394411424714194 8
1743951233276 0.07537057545635754 9
1743951258152 0.06266395875668226 10
1743951283450 0.06782196359437628 11
1743951308600 0.054034143413055465 12
1743951333648 0.05270316740026684 13
1743951359146 0.050176332072574006 14
1743951384482 0.05956122661326455 15
1743951409658 0.04419500584263696 16
1743951434835 0.055167936982621006 17
1743951460055 0.04544404629325913 18
1743951485292 0.034710194772597805 19
1743951510825 0.03301259392624846 20
1743951536202 0.038657446812177844 21
1743951561353 0.0307428259223892 22
1743951586635 0.04559750943890863 23
1743951611860 0.02961777240462572 24
1743951637170 0.025079557191574273 25
1743951662338 0.031042947249336494 26
1743951687443 0.024525640791564145 27
1743951712789 0.02597545078412303 28
1743951737972 0.026741153977699113 29
1743951762941 0.020023221577193055 30
1743951788408 0.05283063188574942 31
1743951813708 0.025104978272833044 32
1743951839070 0.02253598285790378 33
1743951864543 0.021615723585144107 34
1743951889498 0.01700745783475636 35
1743951914832 0.03049438620682566 36
1743951939986 0.023954294741918 37
1743951968364 0.022063697594577526 38
1743951996053 0.02159642298774068 39
1743952021262 0.01668933153927501 40
1743952046328 0.015704345629182822 41
1743952071190 0.016797142899072134 42
1743952096481 0.01904415126898438 43
1743952121302 0.01785703846169631 44
1743952146567 0.035308058437052633 45
1743952171868 0.015083309603604919 46
1743952196841 0.017763829124442566 47
1743952221895 0.01286863871900758 48
1743952246984 0.03430048418067086 49
