1747610246891 0.1659775972366333 0
1747610256697 0.13899429142475128 1
1747610265690 0.12547838687896729 2
1747610275151 0.11546103656291962 3
1747610284130 0.10912734270095825 4
1747610293840 0.10338152945041656 5
1747610303362 0.10286100953817368 6
1747610313365 0.09893982112407684 7
1747610323390 0.0925196185708046 8
1747610332120 0.09020203351974487 9
1747610342054 0.08953309059143066 10
1747610351132 0.09055861830711365 11
1747610360838 0.09017057716846466 12
1747610370202 0.0896991416811943 13
1747610379790 0.08903730660676956 14
1747610389054 0.08895687013864517 15
1747610398009 0.08894896507263184 16
1747610407825 0.08906331658363342 17
1747610416837 0.08893914520740509 18
1747610426132 0.08932141959667206 19
1747610435460 0.08890402317047119 20
1747610445114 0.0893719419836998 21
1747610454757 0.08967194706201553 22
1747610463905 0.08922085911035538 23
1747610473579 0.0891851931810379 24
1747610482677 0.08933205157518387 25
1747610492343 0.09010125696659088 26
1747610501836 0.08967803418636322 27
1747610510397 0.09026884287595749 28
1747610519045 0.09022319316864014 29
1747610528715 0.0909789577126503 30
1747610538030 0.0909532979130745 31
1747610547936 0.09196729212999344 32
1747610557502 0.09211885929107666 33
1747610567289 0.09170147776603699 34
1747610576152 0.09173997491598129 35
1747610586287 0.09313877671957016 36
1747610595290 0.09419622272253036 37
1747610604249 0.09777211397886276 38
1747610613431 0.09735071659088135 39
1747610622615 0.09625770896673203 40
1747610632505 0.09482074528932571 41
1747610641809 0.09138356894254684 42
1747610651147 0.08764992654323578 43
1747610660643 0.08538695424795151 44
1747610669756 0.08484910428524017 45
1747610679413 0.08393646031618118 46
1747610689053 0.08387608826160431 47
1747610698536 0.08384765684604645 48
1747610708387 0.08201179653406143 49
