1747670896374 0.9150862097740173 0
1747670910490 0.9151409268379211 1
1747670924325 0.9150745272636414 2
1747670938619 0.9152504205703735 3
1747670952573 0.9151917695999146 4
1747670966619 0.9152035117149353 5
1747670980739 0.9152151942253113 6
1747670994972 0.9153207540512085 7
1747671008973 0.9151878356933594 8
1747671023031 0.9153324961662292 9
1747671037162 0.9151526689529419 10
1747671051501 0.9151878356933594 11
1747671065838 0.9152973294258118 12
1747671079979 0.9152699112892151 13
1747671094156 0.9153207540512085 14
1747671108493 0.9153129458427429 15
1747671122121 0.9153207540512085 16
1747671135754 0.9153910875320435 17
1747671149799 0.9153520464897156 18
1747671164006 0.9153285622596741 19
1747671178174 0.9153090119361877 20
1747671192293 0.9153207540512085 21
1747671206564 0.9152151942253113 22
1747671220768 0.9152425527572632 23
1747671235153 0.9152504205703735 24
1747671249508 0.915285587310791 25
1747671263611 0.9153403043746948 26
1747671277951 0.9152504205703735 27
1747671292282 0.9153832793235779 28
1747671306617 0.9154653549194336 29
1747671320772 0.9152894616127014 30
1747671334862 0.9153012037277222 31
1747671349002 0.9152386784553528 32
1747671362929 0.915285587310791 33
1747671377291 0.9155631065368652 34
1747671391734 0.9153832793235779 35
1747671406138 0.9154927134513855 36
1747671420433 0.9153012037277222 37
1747671434763 0.9154927134513855 38
1747671448959 0.9152621030807495 39
1747671462682 0.9156138896942139 40
1747671476786 0.9154536724090576 41
1747671490883 0.9154379963874817 42
1747671505100 0.9154770970344543 43
1747671519554 0.9153832793235779 44
1747671533608 0.9154692888259888 45
1747671547869 0.9154810309410095 46
1747671561882 0.9154301881790161 47
1747671575874 0.9155200719833374 48
1747671589991 0.9153950214385986 49
