1747670896375 0.24221130305270763 0
1747670910491 0.23833880057167692 1
1747670924326 0.23817081974600185 2
1747670938620 0.23783707841865384 3
1747670952574 0.23785833423770955 4
1747670966620 0.23761427685517247 5
1747670980739 0.23746357633881157 6
1747670994973 0.23767682645555435 7
1747671008974 0.23745538728871182 8
1747671023031 0.23730173957935005 9
1747671037165 0.23732361271864477 10
1747671051502 0.23721837502649773 11
1747671065839 0.23708083086812293 12
1747671079980 0.2370480816316205 13
1747671094156 0.23704412594675048 14
1747671108494 0.2369986893714133 15
1747671122122 0.2369423015911036 16
1747671135755 0.23684260831610646 17
1747671149800 0.23693592899563962 18
1747671164007 0.2368575760757734 19
1747671178175 0.23674289045426303 20
1747671192295 0.2367598944520583 21
1747671206565 0.23674416860425998 22
1747671220769 0.23659180007421224 23
1747671235154 0.23656090286449047 24
1747671249509 0.2366590650089731 25
1747671263612 0.23658634613481966 26
1747671277951 0.2366442048038409 27
1747671292283 0.23659481322099052 28
1747671306618 0.23647643549767045 29
1747671320773 0.23653522200372243 30
1747671334864 0.23651896269712294 31
1747671349003 0.2366022704040763 32
1747671362930 0.2364523516381251 33
1747671377292 0.23645616877979947 34
1747671391735 0.2365318688677221 35
1747671406139 0.23634909882305805 36
1747671420434 0.2363706659877327 37
1747671434764 0.23629048908113398 38
1747671448960 0.2362876359751616 39
1747671462683 0.23624936513697278 40
1747671476787 0.23629257491466513 41
1747671490883 0.23619495428157022 42
1747671505101 0.23621886326316832 43
1747671519555 0.23630125461183285 44
1747671533609 0.23611623379702976 45
1747671547871 0.23603815046545282 46
1747671561882 0.23624553817345686 47
1747671575875 0.23605876929540318 48
1747671589992 0.23609747431964703 49
