1747770530496 41.582298278808594 0
1747770530630 23.711896896362305 1
1747770530758 16.67604637145996 2
1747770530885 12.593116760253906 3
1747770531014 9.32424259185791 4
1747770531139 7.517498016357422 5
1747770531267 6.05409574508667 6
1747770531393 4.380751609802246 7
1747770531521 2.8486642837524414 8
1747770531642 2.2699151039123535 9
1747770531767 2.0436298847198486 10
1747770531893 1.9515154361724854 11
1747770532023 1.782605767250061 12
1747770532165 1.6572834253311157 13
1747770532296 1.5676285028457642 14
1747770532424 1.4687591791152954 15
1747770532605 1.4070671796798706 16
1747770532783 1.3157206773757935 17
1747770532965 1.2550783157348633 18
1747770533146 1.186731219291687 19
1747770533327 1.1529203653335571 20
1747770533504 1.1179453134536743 21
1747770533679 1.0533339977264404 22
1747770533855 1.0190801620483398 23
1747770534029 0.9644977450370789 24
1747770534205 0.9250144362449646 25
1747770534382 0.8881694674491882 26
1747770534560 0.8581829071044922 27
1747770534737 0.8116844892501831 28
1747770534908 0.7643789052963257 29
1747770535020 0.7292991876602173 30
1747770535139 0.7004797458648682 31
1747770535257 0.6841572523117065 32
1747770535380 0.6330495476722717 33
1747770535498 0.6243870854377747 34
1747770535615 0.5732678174972534 35
1747770535733 0.5710292458534241 36
1747770535855 0.551399827003479 37
1747770535974 0.5114638805389404 38
1747770536095 0.4905025064945221 39
1747770536214 0.46853673458099365 40
1747770536332 0.45446449518203735 41
1747770536451 0.43285271525382996 42
1747770536568 0.4209458529949188 43
1747770536688 0.40635472536087036 44
1747770536807 0.3892863392829895 45
1747770536925 0.3787330090999603 46
1747770537044 0.3755783140659332 47
1747770537163 0.3698139488697052 48
1747770537282 0.3606486916542053 49
