1747770885480 36.802772521972656 0
1747770885696 33.70374298095703 1
1747770885912 28.871126174926758 2
1747770886129 25.084171295166016 3
1747770886344 22.810985565185547 4
1747770886560 21.739513397216797 5
1747770886708 21.271617889404297 6
1747770886843 21.122339248657227 7
1747770887022 21.20014762878418 8
1747770887185 21.182523727416992 9
1747770887333 21.249319076538086 10
1747770887480 21.238061904907227 11
1747770887639 21.312715530395508 12
1747770887791 21.307771682739258 13
1747770887943 21.256643295288086 14
1747770888102 21.300172805786133 15
1747770888269 21.3346004486084 16
1747770888421 21.312053680419922 17
1747770888573 21.34495735168457 18
1747770888726 21.292945861816406 19
1747770888876 21.33718490600586 20
1747770889036 21.31079864501953 21
1747770889196 21.30681800842285 22
1747770889351 21.250057220458984 23
1747770889500 21.30096435546875 24
1747770889663 21.269248962402344 25
1747770889824 21.277624130249023 26
1747770889987 21.152000427246094 27
1747770890148 20.787050247192383 28
1747770890311 20.339618682861328 29
1747770890524 19.708309173583984 30
1747770890745 18.792495727539062 31
1747770890962 17.18631935119629 32
1747770891178 15.680209159851074 33
1747770891399 14.889657020568848 34
1747770891617 14.632143020629883 35
1747770891838 14.614483833312988 36
1747770892064 14.588982582092285 37
1747770892291 14.590213775634766 38
1747770892510 14.586387634277344 39
1747770892755 14.591682434082031 40
1747770892977 14.60614013671875 41
1747770893178 14.563087463378906 42
1747770893377 14.62285041809082 43
1747770893586 14.593132019042969 44
1747770893798 14.578852653503418 45
1747770894003 14.56952953338623 46
1747770894232 14.58327579498291 47
1747770894434 14.585488319396973 48
1747770894635 14.576383590698242 49
