1743703297987 0.6127491889713379 0
1743703321890 0.2913042067370027 1
1743703345815 0.2564744111339083 2
1743703369677 0.23543854660939506 3
1743703393432 0.22034586189350677 4
1743703416983 0.21094218616624436 5
1743703440701 0.20207005817443316 6
1743703464662 0.1926443554561053 7
1743703488457 0.18736483165828113 8
1743703512160 0.18157560647096183 9
1743703535843 0.17562470810746095 10
1743703559433 0.1727868414727233 11
1743703583122 0.16764226519616882 12
1743703606795 0.1636255328091196 13
1743703630757 0.16177686156477253 14
1743703654727 0.15983235330998785 15
1743703678609 0.15766517430376137 16
1743703702516 0.15432999275907816 17
1743703726377 0.15255716330964883 18
1743703750076 0.14946777742159018 19
1743703774053 0.14786623216852643 20
1743703798087 0.14809940608557245 21
1743703821801 0.14484525664093142 22
1743703845403 0.14416390124990333 23
1743703869339 0.14229354234826047 24
1743703893026 0.1410234171689083 25
1743703916859 0.14183041100724184 26
1743703940543 0.13806399650482779 27
1743703964259 0.13715281916276464 28
1743703988066 0.1355519393480332 29
1743704012035 0.13440788142830729 30
1743704035819 0.13474956268465454 31
1743704059580 0.13344304122548994 32
1743704083440 0.1316422767081796 33
1743704107418 0.13125621187533357 34
1743704131284 0.1301676774443066 35
1743704155208 0.13083760928784774 36
1743704178877 0.12907034030100042 37
1743704202650 0.12686939271895215 38
1743704226367 0.12770223075238418 39
1743704250073 0.1261733489568792 40
1743704273986 0.12577568162572744 41
1743704297831 0.12408902930371822 42
1743704321867 0.1249707673198748 43
1743704345829 0.1229936058367337 44
1743704369796 0.12248138608570625 45
1743704393510 0.12114177289801435 46
1743704417145 0.12128575418894941 47
1743704440896 0.12167470941516642 48
1743704464612 0.1219209427310309 49
