1743899472929 0.2837465703487396 0
1743899496429 0.258870393037796 1
1743899520020 0.25045955181121826 2
1743899543692 0.24684293568134308 3
1743899567321 0.24114283919334412 4
1743899590974 0.23776941001415253 5
1743899614478 0.23516757786273956 6
1743899637975 0.23096540570259094 7
1743899661167 0.22820888459682465 8
1743899684605 0.22483934462070465 9
1743899707547 0.22094863653182983 10
1743899731254 0.21705439686775208 11
1743899754070 0.2120448797941208 12
1743899776686 0.2066405564546585 13
1743899799329 0.2012041211128235 14
1743899822018 0.1954304575920105 15
1743899844990 0.18958033621311188 16
1743899868291 0.18433105945587158 17
1743899892138 0.17995578050613403 18
1743899915854 0.17591656744480133 19
1743899939409 0.1724235713481903 20
1743899963155 0.1700969636440277 21
1743899986916 0.16750892996788025 22
1743900009943 0.165457084774971 23
1743900033097 0.1636328399181366 24
1743900056253 0.16217973828315735 25
1743900079946 0.16045725345611572 26
1743900103462 0.1592901200056076 27
1743900126598 0.15775133669376373 28
1743900149881 0.15696823596954346 29
1743900173582 0.1558755338191986 30
1743900197305 0.15494582056999207 31
1743900220804 0.15457117557525635 32
1743900243636 0.1529495269060135 33
1743900267246 0.15223859250545502 34
1743900290530 0.15158677101135254 35
1743900313625 0.1516202986240387 36
1743900337005 0.1504162698984146 37
1743900360641 0.14924655854701996 38
1743900383999 0.1494980901479721 39
1743900407386 0.1486620157957077 40
1743900430887 0.14725959300994873 41
1743900454424 0.14755992591381073 42
1743900477831 0.14678232371807098 43
1743900501333 0.14618048071861267 44
1743900525075 0.14550650119781494 45
1743900548408 0.1452224850654602 46
1743900571500 0.14426608383655548 47
1743900594361 0.1439809799194336 48
1743900617204 0.14405307173728943 49
