1743899472930 0.24974956773969528 0
1743899496430 0.20687970577053533 1
1743899520022 0.1971719288960065 2
1743899543693 0.1932858605883409 3
1743899567323 0.1869076461881599 4
1743899590976 0.18327092008550697 5
1743899614479 0.1802083125124033 6
1743899637976 0.17561546534861472 7
1743899661168 0.17235401208135823 8
1743899684606 0.16815218802880322 9
1743899707548 0.16394432553816363 10
1743899731255 0.1591237037548933 11
1743899754071 0.15315838348486507 12
1743899776687 0.14663211285873454 13
1743899799331 0.1398133378094492 14
1743899822019 0.13269625804514076 15
1743899844991 0.12592386140527137 16
1743899868292 0.12014428688723927 17
1743899892139 0.11504678236858937 18
1743899915855 0.11065259671082783 19
1743899939410 0.10713722305348844 20
1743899963156 0.10440065730752511 21
1743899986918 0.10178095460443932 22
1743900009944 0.09963743994981991 23
1743900033098 0.09780108401971152 24
1743900056254 0.09620151027035995 25
1743900079947 0.0944186046297999 26
1743900103463 0.09326338427458233 27
1743900126599 0.09175601948976322 28
1743900149882 0.09085035745028938 29
1743900173583 0.08962420933840681 30
1743900197306 0.08866390437451001 31
1743900220805 0.0879577195550188 32
1743900243637 0.08668416203864882 33
1743900267247 0.08571256593206586 34
1743900290531 0.0849167320889686 35
1743900313626 0.08477664841301549 36
1743900337007 0.08357321678516867 37
1743900360642 0.08260766603297837 38
1743900384001 0.08242340669199318 39
1743900407388 0.08163766201847591 40
1743900430889 0.08057920809517485 41
1743900454425 0.08065676069734314 42
1743900477833 0.07985195793178838 43
1743900501334 0.07926667609567341 44
1743900525077 0.07858029219241383 45
1743900548409 0.07822521902791298 46
1743900571501 0.07738438743886694 47
1743900594363 0.07698464149884642 48
1743900617205 0.07685708551447826 49
