1747770529103 0.33452580815240424 0
1747770529333 0.18766284260680985 1
1747770529573 0.1670509987144828 2
1747770529812 0.15463274977442268 3
1747770530053 0.14075084260826096 4
1747770530302 0.13529655361254692 5
1747770530542 0.1725092131144565 6
1747770530821 0.13506125115749684 7
1747770531082 0.12697140406850402 8
1747770531338 0.123282026226593 9
1747770531590 0.11562979638584282 10
1747770531838 0.11929777990044145 11
1747770532094 0.1303830135762566 12
1747770532358 0.09940292423843851 13
1747770532681 0.10378631643720972 14
1747770533022 0.12454422221925177 15
1747770533366 0.12126352114148438 16
1747770533661 0.09438284524748435 17
1747770533966 0.10299032058897906 18
1747770534293 0.0990080316925986 19
1747770534636 0.10225376755467065 20
1747770534950 0.08918732397563521 21
1747770535207 0.08859110809928984 22
1747770535447 0.08449891859852046 23
1747770535680 0.08540280688788791 24
1747770535918 0.09513267823178448 25
1747770536158 0.11597422858952418 26
1747770536396 0.09865415064126061 27
1747770536634 0.07528638767828341 28
1747770536872 0.0976998691499777 29
1747770537108 0.08463021997076814 30
1747770537347 0.07793892907119451 31
1747770537597 0.12623369095875067 32
1747770537809 0.09893505314907063 33
1747770538042 0.09668987603011263 34
1747770538288 0.09600076602288635 35
1747770538553 0.09081332989131863 36
1747770538877 0.07992171065758406 37
1747770539216 0.07164080347051689 38
1747770539522 0.07836974312276353 39
1747770539847 0.09288744710787543 40
1747770540176 0.09553972025538804 41
1747770540532 0.09025835736693806 42
1747770540883 0.08864211436653413 43
1747770541159 0.08616362468824415 44
1747770541375 0.07998856567789989 45
1747770541612 0.06822990779525641 46
1747770541874 0.07691500649892248 47
1747770542146 0.07186197547907201 48
1747770542410 0.08401432812617105 49
