1747770529102 0.8767045736312866 0
1747770529332 0.9357954263687134 1
1747770529571 0.9477272629737854 2
1747770529810 0.9465909004211426 3
1747770530051 0.956250011920929 4
1747770530300 0.9522727131843567 5
1747770530540 0.9420454502105713 6
1747770530819 0.9517045617103577 7
1747770531080 0.9539772868156433 8
1747770531336 0.9596590995788574 9
1747770531588 0.9579545259475708 10
1747770531837 0.9522727131843567 11
1747770532092 0.9477272629737854 12
1747770532356 0.9607954621315002 13
1747770532679 0.9585227370262146 14
1747770533020 0.956818163394928 15
1747770533364 0.9579545259475708 16
1747770533658 0.96875 17
1747770533964 0.9613636136054993 18
1747770534291 0.9619318246841431 19
1747770534633 0.9579545259475708 20
1747770534948 0.96875 21
1747770535205 0.9664772748947144 22
1747770535446 0.9727272987365723 23
1747770535678 0.9693182110786438 24
1747770535917 0.96875 25
1747770536157 0.956818163394928 26
1747770536394 0.9642045497894287 27
1747770536633 0.9738636612892151 28
1747770536870 0.9653409123420715 29
1747770537107 0.9698863625526428 30
1747770537345 0.9698863625526428 31
1747770537595 0.9602272510528564 32
1747770537808 0.9642045497894287 33
1747770538039 0.9630681872367859 34
1747770538286 0.9659090638160706 35
1747770538551 0.9681817889213562 36
1747770538875 0.9727272987365723 37
1747770539214 0.9755681753158569 38
1747770539520 0.9704545736312866 39
1747770539844 0.9659090638160706 40
1747770540174 0.9715909361839294 41
1747770540530 0.9676136374473572 42
1747770540880 0.9653409123420715 43
1747770541157 0.9659090638160706 44
1747770541373 0.9710227251052856 45
1747770541610 0.9789772629737854 46
1747770541872 0.96875 47
1747770542143 0.9738636612892151 48
1747770542408 0.9659090638160706 49
