1747579288425 0.4631819262755665 0
1747579293814 0.00029850081817177083 1
1747579299308 0.00044567786027579603 2
1747579305033 0.00024841305911320197 3
1747579310850 0.00020036766634796998 4
1747579316496 0.0002474087929549158 5
1747579322089 0.0002739228357284508 6
1747579327780 0.00014291962762544676 7
1747579333490 0.00024653878067053877 8
1747579339224 0.00018240819085392284 9
1747579344382 0.00013009838008276115 10
1747579349712 0.0001724457062182016 11
1747579355162 0.00012193810279789602 12
1747579360718 0.00012761265826778648 13
1747579366079 0.00013389160651019796 14
1747579371401 0.00010096120731748989 15
1747579376977 0.0001137296416188076 16
1747579382347 0.00011644561821323785 17
1747579387348 0.0001110586175098931 18
1747579392582 0.00010162803264930117 19
1747579398111 0.00011917531364049419 20
1747579403950 9.453873526430668e-05 21
1747579409559 9.31131638514732e-05 22
1747579415014 9.452164625133935e-05 23
1747579420518 0.0001006588577948607 24
1747579426200 9.35058317112331e-05 25
1747579431804 9.503601838573741e-05 26
1747579437305 9.041519441765258e-05 27
1747579442585 8.786363677812786e-05 28
1747579447993 9.131448131775047e-05 29
1747579453227 8.394388682908706e-05 30
1747579458917 9.938177205569492e-05 31
1747579464537 8.979552953098857e-05 32
1747579469698 9.384450717262271e-05 33
1747579475564 8.315825529364624e-05 34
1747579481178 8.016017391904844e-05 35
1747579486731 8.397872070776367e-05 36
1747579492548 8.096488064283264e-05 37
1747579498200 7.854869962950423e-05 38
1747579503652 7.510445463618267e-05 39
1747579508966 8.196780303634118e-05 40
1747579514366 7.899925770236046e-05 41
1747579520064 7.861028426591305e-05 42
1747579525664 8.06950106274958e-05 43
1747579531222 8.540909725702604e-05 44
1747579536834 7.569146244883032e-05 45
1747579542411 8.753183665890688e-05 46
1747579548167 7.542398156678925e-05 47
1747579553669 7.083331885494672e-05 48
1747579559089 8.214902294650521e-05 49
