1747767648053 0.24333075515711997 0
1747767666630 0.23974101821956198 1
1747767685154 0.23871966777968545 2
1747767703625 0.23848681217269482 3
1747767722254 0.2380451516105494 4
1747767741283 0.23806709440021934 5
1747767759635 0.23790263743822498 6
1747767777787 0.2377430677735654 7
1747767796333 0.2375566211649485 8
1747767814785 0.23747455771764944 9
1747767832854 0.23730018904964556 10
1747767851330 0.23725249221399058 11
1747767869894 0.23737581407879396 12
1747767888493 0.23693561311248904 13
1747767907164 0.23700136412964243 14
1747767925584 0.23696625203217717 15
1747767943923 0.2368212358808647 16
1747767962342 0.23677680221959732 17
1747767980805 0.23686308091308725 18
1747767999375 0.23694322651132652 19
1747768017703 0.23665751719319045 20
1747768036409 0.23666791794803926 21
1747768054901 0.23660103615354822 22
1747768073106 0.23655595915582964 23
1747768091354 0.23644353078033933 24
1747768109838 0.23647004347220346 25
1747768128375 0.23647379722921438 26
1747768146520 0.23629148844669334 27
1747768165195 0.2363273412335404 28
1747768183785 0.23633096495565994 29
1747768202159 0.23618007161108048 30
1747768220727 0.2361143054979747 31
1747768239214 0.23608943257067277 32
1747768257716 0.23610589965714307 33
1747768276038 0.23594540923824872 34
1747768294661 0.23588933121479608 35
1747768313137 0.23596982317094445 36
1747768331500 0.23578225459153973 37
1747768349836 0.2357895822482883 38
1747768368402 0.2357337018065844 39
1747768386934 0.2356949208641624 40
1747768405161 0.2357244407018449 41
1747768423881 0.23576680404772676 42
1747768442366 0.235659863514695 43
1747768460729 0.23564406177189645 44
1747768478935 0.23560437677593116 45
1747768497427 0.2354895316774664 46
1747768516055 0.23561677684172488 47
1747768534354 0.2353528891768722 48
1747768552909 0.23543772789618553 49
