1747767648052 0.9149376749992371 0
1747767666628 0.9151135683059692 1
1747767685152 0.9151018857955933 2
1747767703623 0.9153012037277222 3
1747767722252 0.9151604771614075 4
1747767741281 0.9152230620384216 5
1747767759633 0.9152464866638184 6
1747767777785 0.9152191281318665 7
1747767796331 0.9154223799705505 8
1747767814784 0.9152230620384216 9
1747767832852 0.9154106378555298 10
1747767851328 0.9152230620384216 11
1747767869892 0.9153285622596741 12
1747767888491 0.9151722192764282 13
1747767907163 0.9153637290000916 14
1747767925583 0.9154223799705505 15
1747767943920 0.9153520464897156 16
1747767962340 0.9154810309410095 17
1747767980803 0.9152425527572632 18
1747767999374 0.9154536724090576 19
1747768017701 0.9154458045959473 20
1747768036407 0.9154184460639954 21
1747768054899 0.9153285622596741 22
1747768073104 0.9153207540512085 23
1747768091353 0.9153754711151123 24
1747768109836 0.9150588512420654 25
1747768128373 0.9153129458427429 26
1747768146518 0.9154301881790161 27
1747768165194 0.9153207540512085 28
1747768183783 0.9153794050216675 29
1747768202157 0.9154341220855713 30
1747768220726 0.9153989553451538 31
1747768239212 0.9155396223068237 32
1747768257714 0.9154536724090576 33
1747768276037 0.9153989553451538 34
1747768294659 0.9154419302940369 35
1747768313135 0.9155591726303101 36
1747768331498 0.915414571762085 37
1747768349834 0.9155240058898926 38
1747768368400 0.915586531162262 39
1747768386932 0.9154028296470642 40
1747768405160 0.9154810309410095 41
1747768423879 0.9153794050216675 42
1747768442365 0.915473222732544 43
1747768460727 0.9156295657157898 44
1747768478933 0.9154184460639954 45
1747768497425 0.9155122637748718 46
1747768516053 0.9155240058898926 47
1747768534353 0.9155396223068237 48
1747768552908 0.9155826568603516 49
