1747770402518 2.8362721030941396 0
1747770402877 2.364579771197924 1
1747770403221 1.907654341539292 2
1747770403469 1.6174326246792803 3
1747770403705 1.3743834936604455 4
1747770403947 1.1095563939229212 5
1747770404196 0.9071823322267818 6
1747770404476 0.6499482967247372 7
1747770404725 0.46258625190059427 8
1747770404978 0.3131653588280022 9
1747770405229 0.252114272232186 10
1747770405516 0.21924199465923722 11
1747770405762 0.19429789076741139 12
1747770406004 0.18574733468039448 13
1747770406249 0.16789305941904795 14
1747770406503 0.15848280357103522 15
1747770406774 0.15579014018898615 16
1747770407126 0.14552708497483485 17
1747770407482 0.14078188273792225 18
1747770407826 0.13236542372557308 19
1747770408170 0.13595061740579076 20
1747770408619 0.12429363728340463 21
1747770408964 0.12374471624045026 22
1747770409332 0.12115035503298255 23
1747770409579 0.11999051392220238 24
1747770409807 0.11715980797531314 25
1747770410035 0.11636696250780651 26
1747770410265 0.11404452603012212 27
1747770410502 0.10772056230223025 28
1747770410744 0.10917549791003422 29
1747770410988 0.1076013789606485 30
1747770411241 0.10936100474422936 31
1747770411503 0.10805821470574606 32
1747770411807 0.09816650487671583 33
1747770412078 0.0951593925387154 34
1747770412346 0.09761206545980297 35
1747770412614 0.09999254551572859 36
1747770412877 0.09769997381141557 37
1747770413151 0.09164120053970093 38
1747770413509 0.09496838553478038 39
1747770413866 0.10091843499879674 40
1747770414218 0.08886874524098266 41
1747770414571 0.08567906267755435 42
1747770414920 0.08948763382874458 43
1747770415268 0.08513242706325119 44
1747770415609 0.08496424493734413 45
1747770415840 0.08746377181600493 46
1747770416101 0.08726887013990427 47
1747770416378 0.08479101111433074 48
1747770416636 0.08652288708700695 49
