1747770066773 19.419628143310547 0
1747770067034 18.58253288269043 1
1747770067200 17.866676330566406 2
1747770067378 16.964399337768555 3
1747770067574 16.03955841064453 4
1747770067742 15.074767112731934 5
1747770067917 14.335811614990234 6
1747770068118 13.599590301513672 7
1747770068338 12.924824714660645 8
1747770068526 12.32618236541748 9
1747770068715 11.736906051635742 10
1747770068911 11.116412162780762 11
1747770069084 10.222818374633789 12
1747770069274 9.387567520141602 13
1747770069458 8.804435729980469 14
1747770069650 8.300292015075684 15
1747770069835 7.850780010223389 16
1747770070017 7.418089389801025 17
1747770070265 7.007443428039551 18
1747770070501 6.612725257873535 19
1747770070728 6.259655952453613 20
1747770070925 5.920594215393066 21
1747770071131 5.608609676361084 22
1747770071330 5.211946487426758 23
1747770071532 4.638088703155518 24
1747770071740 4.064289093017578 25
1747770071940 3.6215708255767822 26
1747770072139 3.301828622817993 27
1747770072349 3.0717878341674805 28
1747770072519 2.908970355987549 29
1747770072665 2.802184581756592 30
1747770072818 2.721949815750122 31
1747770072987 2.6565113067626953 32
1747770073162 2.605128288269043 33
1747770073349 2.558680534362793 34
1747770073525 2.517760992050171 35
1747770073689 2.491248607635498 36
1747770073857 2.4503955841064453 37
1747770074031 2.4185266494750977 38
1747770074193 2.3798515796661377 39
1747770074350 2.3542730808258057 40
1747770074520 2.321012020111084 41
1747770074701 2.2799925804138184 42
1747770074911 2.2481114864349365 43
1747770075094 2.2082414627075195 44
1747770075275 2.178260087966919 45
1747770075437 2.1403000354766846 46
1747770075592 2.101358413696289 47
1747770075747 2.0614655017852783 48
1747770075924 2.0204527378082275 49
