1747770066778 710.8011557682829 0
1747770067036 645.9856933126805 1
1747770067202 579.6322475272442 2
1747770067380 512.0708814804207 3
1747770067576 448.21715980004154 4
1747770067744 393.16055097202934 5
1747770067919 344.6348045014557 6
1747770068119 304.1748253564264 7
1747770068340 271.2347853874133 8
1747770068528 244.0617932956224 9
1747770068717 220.2451333645591 10
1747770068913 195.74570443430045 11
1747770069086 163.32509713201515 12
1747770069276 137.33542169757717 13
1747770069460 122.4697631271986 14
1747770069651 110.83409418877807 15
1747770069837 100.60633873971446 16
1747770070018 91.30146434530836 17
1747770070267 83.2445184343125 18
1747770070503 76.1794632277824 19
1747770070730 69.58794782311195 20
1747770070926 64.00873159703463 21
1747770071133 57.63308221409159 22
1747770071332 49.95288709786371 23
1747770071534 39.85715821975919 24
1747770071742 30.020988764305493 25
1747770071941 23.60588267735782 26
1747770072141 19.749171982914827 27
1747770072351 17.356935652098723 28
1747770072520 15.864186876866809 29
1747770072666 15.072642045256876 30
1747770072820 14.474260411921135 31
1747770072989 13.958239758210523 32
1747770073164 13.659284298452675 33
1747770073351 13.350199857668148 34
1747770073527 13.061847753048793 35
1747770073691 12.91906279638428 36
1747770073859 12.679302002683375 37
1747770074033 12.429415608189204 38
1747770074194 12.274856245690385 39
1747770074352 12.105364216547226 40
1747770074522 11.945348653314602 41
1747770074703 11.739774012829548 42
1747770074912 11.458133413802205 43
1747770075095 11.253866936066798 44
1747770075277 11.095080617542408 45
1747770075439 10.891458387205505 46
1747770075594 10.638791637298906 47
1747770075748 10.417638603914613 48
1747770075925 10.13517967252751 49
