1743855601639 0.3040634466500222 0
1743855625241 0.26593648327292935 1
1743855648976 0.24238525052907106 2
1743855672631 0.21710298296678543 3
1743855696347 0.2073315708792429 4
1743855719797 0.19666501146684764 5
1743855743385 0.18401536339775953 6
1743855767600 0.1726491668014115 7
1743855791858 0.16976697504029786 8
1743855816120 0.1618821666354198 9
1743855840422 0.14918962324284343 10
1743855864576 0.1452176353864991 11
1743855888851 0.1373596197387322 12
1743855913165 0.13109655226201775 13
1743855937219 0.1361262321465504 14
1743855961463 0.12213086947592446 15
1743855985383 0.11783154843711661 16
1743856009474 0.1204636458792022 17
1743856033581 0.10855673937704413 18
1743856057732 0.11566313032094902 19
1743856081777 0.10696427733185798 20
1743856105650 0.10220217717291519 21
1743856129962 0.09850179247455687 22
1743856153873 0.0937814728119975 23
1743856177722 0.09086773743354562 24
1743856201674 0.09542253530319364 25
1743856225757 0.09633130629320967 26
1743856250064 0.08550898032326439 27
1743856274339 0.0853197427672025 28
1743856298469 0.08728260699470068 29
1743856322646 0.07979888575386025 30
1743856346645 0.08572970624184433 31
1743856370757 0.08207819642048667 32
1743856394732 0.07952128506866882 33
1743856418707 0.07797019585302793 34
1743856443055 0.0730837598579225 35
1743856466869 0.07090976803461523 36
1743856490840 0.07375147239077859 37
1743856514796 0.06909807112516714 38
1743856538980 0.06722031640524073 39
1743856563149 0.07196883586158757 40
1743856587412 0.06397882774145633 41
1743856611809 0.06114460108424283 42
1743856636071 0.06383016903255874 43
1743856660145 0.07021067383429778 44
1743856684379 0.06168779264936662 45
1743856708791 0.059677868081315394 46
1743856733126 0.060952448839769975 47
1743856757335 0.05456347070286815 48
1743856781309 0.05829198264403106 49
