1743985679473 0.22593258521690165 0
1743985705446 0.18205777247810295 1
1743985731499 0.14691729598894596 2
1743985757662 0.17137875431546273 3
1743985783708 0.10245618645535495 4
1743985809634 0.10125761752522193 5
1743985835650 0.07664414668959418 6
1743985861739 0.1722756094857283 7
1743985887796 0.07343862040003818 8
1743985913774 0.05945884579210042 9
1743985939678 0.054180786037464325 10
1743985965644 0.04891582171919307 11
1743985991543 0.0472856775206572 12
1743986017399 0.052696909814408895 13
1743986043289 0.042922366474370484 14
1743986069050 0.03786784953319611 15
1743986095017 0.039389689073950816 16
1743986121064 0.02910360931934517 17
1743986147146 0.038109368120079194 18
1743986173517 0.03026502680985536 19
1743986199723 0.023563566955470402 20
1743986226017 0.02374920634555503 21
1743986252264 0.023434985573797504 22
1743986278607 0.03362198526255978 23
1743986304635 0.022366621594226834 24
1743986330515 0.031019655893415123 25
1743986356623 0.018257306688432996 26
1743986382631 0.017124267337329285 27
1743986408579 0.018441433302104925 28
1743986434560 0.023567316755906346 29
1743986460535 0.016227649385694203 30
1743986486376 0.013865676138799118 31
1743986512362 0.017815773348730257 32
1743986538234 0.01670302214779604 33
1743986564265 0.018246521496481833 34
1743986590173 0.02530268186189196 35
1743986616392 0.01609061707341047 36
1743986642465 0.009059604613198331 37
1743986668625 0.01448011290665817 38
1743986694880 0.010968026027009754 39
1743986720803 0.012611016469852729 40
1743986746748 0.010750867691807726 41
1743986772581 0.01559564395977502 42
1743986798550 0.010222584734396726 43
1743986824673 0.012561766370668026 44
1743986850807 0.00899938445225501 45
1743986876740 0.01199172878083512 46
1743986902808 0.011098307055451328 47
1743986928869 0.01528652294942253 48
1743986954706 0.00933667381866628 49
