1747600429819 0.2226977338867595 0
1747600438849 0.011901726367094174 1
1747600447506 0.003037706383521469 2
1747600456059 0.0024348135857263204 3
1747600464730 0.0017822996351311527 4
1747600473379 0.0014714844173603593 5
1747600481776 0.0015479753643090944 6
1747600490451 0.0013050510127569617 7
1747600499242 0.0011889954296881286 8
1747600507354 0.0010057900232328162 9
1747600516596 0.0010697877265233961 10
1747600525023 0.0010464889634626284 11
1747600533844 0.0010630228547828574 12
1747600542501 0.0008648938153907711 13
1747600551079 0.0009487558086216508 14
1747600559424 0.0008135499632190983 15
1747600568092 0.0008559862974380102 16
1747600576758 0.0007799180219606538 17
1747600585300 0.0007708138125302095 18
1747600594125 0.0006569796435476847 19
1747600602477 0.000741449592152679 20
1747600610730 0.0006351436867664319 21
1747600619700 0.0006064813577678839 22
1747600628032 0.0007157930519128627 23
1747600636220 0.0005316500084726314 24
1747600644902 0.0005770879983027902 25
1747600653150 0.000560894450924032 26
1747600661641 0.0005449303044009269 27
1747600670628 0.0005473321318698134 28
1747600679191 0.0005157880904894805 29
1747600687761 0.0005823005361222678 30
1747600696745 0.0004945814736545527 31
1747600705391 0.0004862954444069049 32
1747600714577 0.0005211926896981771 33
1747600723067 0.0004338318278701527 34
1747600731705 0.00048272832101245883 35
1747600740378 0.0004528608829289655 36
1747600748950 0.00040484799611095247 37
1747600757766 0.00043084642942956865 38
1747600766405 0.00043689274164739294 39
1747600774795 0.0003964574247446901 40
1747600783547 0.0004083524582422681 41
1747600792157 0.00039142325178690357 42
1747600800706 0.00041492406945017586 43
1747600809733 0.0003346136049678241 44
1747600818391 0.0004332773593146206 45
1747600826761 0.00045413045291453397 46
1747600836076 0.0003794284205503184 47
1747600844931 0.0004151811398652876 48
1747600853850 0.00036167459870879893 49
