1747600429818 0.09416285902261734 0
1747600438847 0.029374275356531143 1
1747600447505 0.017448896542191505 2
1747600456058 0.015154596418142319 3
1747600464729 0.014025122858583927 4
1747600473378 0.013152813538908958 5
1747600481775 0.012783821672201157 6
1747600490450 0.012058330699801445 7
1747600499240 0.011854160577058792 8
1747600507353 0.011303739622235298 9
1747600516595 0.011440126225352287 10
1747600525022 0.010890563949942589 11
1747600533843 0.010772471316158772 12
1747600542500 0.01048644445836544 13
1747600551078 0.010064772330224514 14
1747600559423 0.009956934489309788 15
1747600568091 0.009497354738414288 16
1747600576757 0.00958189181983471 17
1747600585299 0.00939906481653452 18
1747600594124 0.009056493639945984 19
1747600602476 0.009176884777843952 20
1747600610728 0.008808768354356289 21
1747600619699 0.00847217533737421 22
1747600628031 0.00886139739304781 23
1747600636218 0.008181611075997353 24
1747600644901 0.00837358832359314 25
1747600653149 0.008455508388578892 26
1747600661640 0.008216746151447296 27
1747600670627 0.007941913791000843 28
1747600679190 0.007990236394107342 29
1747600687760 0.007720767520368099 30
1747600696744 0.007769854739308357 31
1747600705390 0.007554074749350548 32
1747600714575 0.007734477054327726 33
1747600723066 0.007280293852090836 34
1747600731703 0.007329382933676243 35
1747600740377 0.007342567201703787 36
1747600748949 0.0070519763976335526 37
1747600757764 0.006989235058426857 38
1747600766404 0.006954179611057043 39
1747600774794 0.006969783455133438 40
1747600783546 0.006827518343925476 41
1747600792156 0.006628590170294046 42
1747600800704 0.006730388849973679 43
1747600809732 0.006346764042973518 44
1747600818390 0.006582844536751509 45
1747600826760 0.006608822848647833 46
1747600836075 0.006295476574450731 47
1747600844930 0.00636731693521142 48
1747600853848 0.00626784423366189 49
