1743864351594 0.260377370698254 0
1743864375238 0.19173353026037998 1
1743864399037 0.16172180853840534 2
1743864423063 0.14438838344230173 3
1743864446732 0.12601928025285333 4
1743864470847 0.11404063168706782 5
1743864494951 0.10215191106795121 6
1743864519212 0.09800084451182584 7
1743864543317 0.08547740159951067 8
1743864567482 0.08293150022933203 9
1743864591417 0.07562951404059937 10
1743864615324 0.07090350834111905 11
1743864639518 0.0693281812546235 12
1743864663876 0.060279727216471506 13
1743864687989 0.06193116615594895 14
1743864711844 0.05693657947385951 15
1743864735365 0.05202991971743798 16
1743864759025 0.04952821310967603 17
1743864782801 0.04923748534926269 18
1743864806560 0.044902950683178955 19
1743864830274 0.04507853146113996 20
1743864854150 0.04070953620471945 21
1743864878181 0.0407208198310265 22
1743864901995 0.04029016495494594 23
1743864925903 0.036077645094814176 24
1743864950091 0.036515893474159 25
1743864974059 0.03621196874378616 26
1743864997930 0.03239669816057014 27
1743865021651 0.033248179104866986 28
1743865045465 0.03210567136658411 29
1743865069233 0.030518570929792516 30
1743865093227 0.028586443160006407 31
1743865117239 0.02703345845424896 32
1743865141245 0.02487958692269467 33
1743865165519 0.02844913162416413 34
1743865190152 0.026454642963636414 35
1743865214931 0.02480177865733318 36
1743865239335 0.02498375566150386 37
1743865263300 0.022495457016392318 38
1743865287142 0.02473764093399221 39
1743865311260 0.024030173947704975 40
1743865335205 0.02285334135349203 41
1743865359440 0.022409215870684628 42
1743865383211 0.020440333657593967 43
1743865407019 0.022618161580038983 44
1743865430770 0.02198329412727869 45
1743865454413 0.021133138202266616 46
1743865478187 0.016514208562349957 47
1743865502149 0.02283026087035744 48
1743865526270 0.0217463333650183 49
