1747770678267 12.053326606750488 0
1747770678445 5.643604755401611 1
1747770678616 2.9055933952331543 2
1747770678795 1.9900610446929932 3
1747770678962 1.5962047576904297 4
1747770679100 1.3949874639511108 5
1747770679210 1.2437034845352173 6
1747770679326 1.11177396774292 7
1747770679444 1.0052924156188965 8
1747770679563 0.8798086047172546 9
1747770679688 0.7741777896881104 10
1747770679818 0.7037776708602905 11
1747770679947 0.6719924807548523 12
1747770680075 0.6010772585868835 13
1747770680205 0.5326866507530212 14
1747770680332 0.5083491802215576 15
1747770680463 0.4769499897956848 16
1747770680592 0.4620376527309418 17
1747770680726 0.4271032512187958 18
1747770680855 0.46296393871307373 19
1747770680989 0.42483973503112793 20
1747770681117 0.401498019695282 21
1747770681252 0.4247840642929077 22
1747770681381 0.4432924687862396 23
1747770681508 0.4104883670806885 24
1747770681635 0.36270037293434143 25
1747770681777 0.35583701729774475 26
1747770681905 0.37632647156715393 27
1747770682031 0.3655559718608856 28
1747770682158 0.37327924370765686 29
1747770682283 0.4591589868068695 30
1747770682409 0.342654287815094 31
1747770682535 0.3789341151714325 32
1747770682661 0.3666769862174988 33
1747770682796 0.3227290213108063 34
1747770682964 0.3257956802845001 35
1747770683135 0.37849506735801697 36
1747770683305 0.34436091780662537 37
1747770683478 0.35307034850120544 38
1747770683648 0.2924691438674927 39
1747770683818 0.3200119435787201 40
1747770683989 0.3976094424724579 41
1747770684161 0.3760448396205902 42
1747770684333 0.34148457646369934 43
1747770684501 0.3638635277748108 44
1747770684672 0.3204198181629181 45
1747770684840 0.3559281527996063 46
1747770685011 0.3777885437011719 47
1747770685181 0.3634786903858185 48
1747770685315 0.3381200134754181 49
