1747770678269 280.4331276165156 0
1747770678448 60.094840331281695 1
1747770678618 15.906515719347054 2
1747770678796 8.03761567557125 3
1747770678963 5.8284350825049325 4
1747770679101 4.600631711188973 5
1747770679211 3.802687458060086 6
1747770679327 2.9983902585232647 7
1747770679445 2.3688260373382484 8
1747770679564 1.73372014459135 9
1747770679690 1.2119281932970185 10
1747770679820 0.9226781389650115 11
1747770679948 0.7761032328225328 12
1747770680077 0.6236933625511031 13
1747770680206 0.49452523272678656 14
1747770680333 0.4596541537327364 15
1747770680465 0.404032376228031 16
1747770680593 0.37590109496558133 17
1747770680727 0.3362752848989691 18
1747770680856 0.3784398228286691 19
1747770680990 0.3195008723754923 20
1747770681118 0.29753922975768765 21
1747770681253 0.3220739730842103 22
1747770681382 0.3415443171328019 23
1747770681509 0.2962664270379414 24
1747770681636 0.2462945363144949 25
1747770681778 0.23373205349246295 26
1747770681907 0.25873849845853863 27
1747770682032 0.2492391566774271 28
1747770682159 0.25460516474455236 29
1747770682284 0.36346610737150337 30
1747770682411 0.21758971051529358 31
1747770682536 0.2526957771121422 32
1747770682662 0.2580680453234597 33
1747770682797 0.1990667656923643 34
1747770682965 0.2156515265515909 35
1747770683137 0.2483641272249517 36
1747770683306 0.2243931625999082 37
1747770683480 0.2240161484997286 38
1747770683650 0.16822643328102074 39
1747770683820 0.19465322758797318 40
1747770683991 0.27457328148482424 41
1747770684162 0.25150737742258034 42
1747770684335 0.21643563501741195 43
1747770684503 0.24015307879966372 44
1747770684674 0.19009297327895838 45
1747770684842 0.22592100188543557 46
1747770685012 0.2552822324579035 47
1747770685183 0.23525967678275456 48
1747770685316 0.2178373601477374 49
