1747770661002 nan 0
1747770661179 nan 1
1747770661356 nan 2
1747770661539 nan 3
1747770661720 nan 4
1747770661900 nan 5
1747770662088 nan 6
1747770662270 nan 7
1747770662460 nan 8
1747770662659 nan 9
1747770662852 nan 10
1747770663042 nan 11
1747770663231 nan 12
1747770663413 nan 13
1747770663597 nan 14
1747770663781 nan 15
1747770663960 nan 16
1747770664202 nan 17
1747770664457 nan 18
1747770664716 nan 19
1747770664970 nan 20
1747770665225 nan 21
1747770665480 nan 22
1747770665735 nan 23
1747770665993 nan 24
1747770666251 nan 25
1747770666504 nan 26
1747770666707 nan 27
1747770666871 nan 28
1747770667047 nan 29
1747770667232 nan 30
1747770667418 nan 31
1747770667597 nan 32
1747770667781 nan 33
1747770667959 nan 34
1747770668143 nan 35
1747770668334 nan 36
1747770668522 nan 37
1747770668709 nan 38
1747770668896 nan 39
1747770669085 nan 40
1747770669270 nan 41
1747770669458 nan 42
1747770669648 nan 43
1747770669826 nan 44
1747770670017 nan 45
1747770670207 nan 46
1747770670422 nan 47
1747770670682 nan 48
1747770670944 nan 49
