1747770159626 8.087011337280273 0
1747770159733 5.889871120452881 1
1747770159843 4.2699408531188965 2
1747770159955 3.229469060897827 3
1747770160067 2.515631914138794 4
1747770160181 2.026644229888916 5
1747770160295 1.726732611656189 6
1747770160407 1.514180302619934 7
1747770160519 1.374312162399292 8
1747770160631 1.272385835647583 9
1747770160745 1.1713898181915283 10
1747770160861 1.0860849618911743 11
1747770160981 1.0160307884216309 12
1747770161101 0.9470933079719543 13
1747770161221 0.8844544887542725 14
1747770161342 0.8197808861732483 15
1747770161461 0.7682793140411377 16
1747770161579 0.708645761013031 17
1747770161699 0.6493750810623169 18
1747770161819 0.5947775840759277 19
1747770161941 0.5539020895957947 20
1747770162062 0.5102165341377258 21
1747770162184 0.4663829207420349 22
1747770162308 0.4292431175708771 23
1747770162425 0.3890341520309448 24
1747770162547 0.3682551085948944 25
1747770162667 0.3350566625595093 26
1747770162778 0.3111090064048767 27
1747770162892 0.28917890787124634 28
1747770163007 0.2715393602848053 29
1747770163124 0.2563363015651703 30
1747770163241 0.24295854568481445 31
1747770163383 0.23319177329540253 32
1747770163546 0.2184007316827774 33
1747770163710 0.21308927237987518 34
1747770163872 0.20594415068626404 35
1747770164038 0.1985940784215927 36
1747770164200 0.19003716111183167 37
1747770164367 0.18087024986743927 38
1747770164530 0.17450615763664246 39
1747770164697 0.1706172227859497 40
1747770164860 0.16751722991466522 41
1747770165026 0.15742166340351105 42
1747770165189 0.1535099297761917 43
1747770165356 0.15000015497207642 44
1747770165519 0.14071005582809448 45
1747770165689 0.13894619047641754 46
1747770165833 0.13563743233680725 47
1747770165941 0.13161851465702057 48
1747770166057 0.12608136236667633 49
