1747770276422 37.421844482421875 0
1747770276527 20.965469360351562 1
1747770276664 14.786666870117188 2
1747770276782 10.050999641418457 3
1747770276892 7.155123233795166 4
1747770277007 5.200738906860352 5
1747770277122 3.969484567642212 6
1747770277240 3.212955951690674 7
1747770277354 2.6950743198394775 8
1747770277471 2.3209500312805176 9
1747770277586 2.0489935874938965 10
1747770277703 1.8679039478302002 11
1747770277818 1.7174509763717651 12
1747770277934 1.6031142473220825 13
1747770278049 1.5090891122817993 14
1747770278168 1.4237390756607056 15
1747770278284 1.3373196125030518 16
1747770278402 1.2641888856887817 17
1747770278518 1.1862294673919678 18
1747770278635 1.0844911336898804 19
1747770278751 1.0272870063781738 20
1747770278871 0.9730712175369263 21
1747770279018 0.913986086845398 22
1747770279179 0.8810282349586487 23
1747770279343 0.8506734371185303 24
1747770279503 0.8161187767982483 25
1747770279666 0.7944631576538086 26
1747770279827 0.7660186886787415 27
1747770279996 0.7443426251411438 28
1747770280160 0.732984185218811 29
1747770280326 0.715415358543396 30
1747770280489 0.6992232799530029 31
1747770280654 0.6785569190979004 32
1747770280820 0.6683419942855835 33
1747770280982 0.6521926522254944 34
1747770281140 0.6478079557418823 35
1747770281301 0.6314283609390259 36
1747770281441 0.620205819606781 37
1747770281549 0.6094233393669128 38
1747770281654 0.5976067781448364 39
1747770281765 0.5842574834823608 40
1747770281883 0.5783510804176331 41
1747770282003 0.5682811141014099 42
1747770282123 0.5622766017913818 43
1747770282248 0.5557896494865417 44
1747770282372 0.5518391728401184 45
1747770282494 0.5340080857276917 46
1747770282618 0.5251049399375916 47
1747770282738 0.5176185369491577 48
1747770282861 0.5078678131103516 49
