1747660981548 0.9142927527427673 0
1747660995679 0.9146601557731628 1
1747661010038 0.9146758317947388 2
1747661024317 0.914793074131012 3
1747661038698 0.9147774577140808 4
1747661052929 0.9150627851486206 5
1747661067491 0.914996325969696 6
1747661082463 0.9151487946510315 7
1747661097407 0.9151057600975037 8
1747661111529 0.9151644110679626 9
1747661126436 0.9148751497268677 10
1747661140709 0.914894700050354 11
1747661154843 0.9147970080375671 12
1747661169199 0.9148086905479431 13
1747661183398 0.9147539734840393 14
1747661197736 0.9147500991821289 15
1747661212304 0.9147695899009705 16
1747661227784 0.9147579073905945 17
1747661243039 0.9148321747779846 18
1747661257855 0.9149689674377441 19
1747661273566 0.9147735238075256 20
1747661288640 0.9150940179824829 21
1747661304356 0.914793074131012 22
1747661318723 0.9147735238075256 23
1747661333603 0.9149103164672852 24
1747661348168 0.9148164987564087 25
1747661363190 0.9147695899009705 26
1747661378279 0.9147735238075256 27
1747661393043 0.9148986339569092 28
1747661408140 0.914793074131012 29
1747661423564 0.9148790836334229 30
1747661437851 0.9147735238075256 31
1747661452313 0.9147383570671082 32
1747661467544 0.9147970080375671 33
1747661482732 0.9147539734840393 34
1747661497513 0.9148634076118469 35
1747661511658 0.9148829579353333 36
1747661526042 0.9149220585823059 37
1747661539772 0.9148555994033813 38
1747661554103 0.9147852659225464 39
1747661568316 0.9147852659225464 40
1747661582318 0.9149181246757507 41
1747661596194 0.9149767756462097 42
1747661610018 0.9149572253227234 43
1747661624182 0.9149338006973267 44
1747661638355 0.9148790836334229 45
1747661652355 0.9148282408714294 46
1747661666583 0.9148986339569092 47
1747661680203 0.9148673415184021 48
1747661694138 0.9148673415184021 49
