1747660981549 0.24862227859796765 0
1747660995681 0.24061702995274456 1
1747661010038 0.23921147131531617 2
1747661024318 0.23877018437377442 3
1747661038698 0.2381402248558266 4
1747661052930 0.2379175164204377 5
1747661067492 0.23778104605104097 6
1747661082463 0.23762029767925463 7
1747661097408 0.23750455035160664 8
1747661111530 0.2373973460568944 9
1747661126437 0.23728964208266634 10
1747661140710 0.2371766805078991 11
1747661154843 0.2371275862221777 12
1747661169200 0.23701224920783265 13
1747661183400 0.23698683998331804 14
1747661197737 0.23700659088464493 15
1747661212305 0.23685279722393437 16
1747661227785 0.2368203565340507 17
1747661243041 0.23679193700861736 18
1747661257856 0.23680223731983255 19
1747661273567 0.23657816565483017 20
1747661288641 0.23672472733366248 21
1747661304357 0.23667454531432058 22
1747661318723 0.23659976813575967 23
1747661333604 0.23662728091793514 24
1747661348168 0.23654374792641575 25
1747661363191 0.23642251806699927 26
1747661378280 0.23642397435298776 27
1747661393044 0.2364360988982164 28
1747661408141 0.23650171428958114 29
1747661423565 0.2364130064260528 30
1747661437852 0.23636738243339 31
1747661452314 0.2363897729155768 32
1747661467546 0.23633356637527594 33
1747661482733 0.2362850034252237 34
1747661497514 0.23621024528263485 35
1747661511658 0.23615316321656957 36
1747661526043 0.2362058960095371 37
1747661539772 0.23622692566521566 38
1747661554104 0.23620385838587485 39
1747661568317 0.23624679537046508 40
1747661582318 0.2361338809281354 41
1747661596195 0.23610708585554596 42
1747661610019 0.23603437927391224 43
1747661624183 0.23602580405741364 44
1747661638355 0.23608865514745236 45
1747661652356 0.235966621958583 46
1747661666584 0.2359577735968081 47
1747661680203 0.2359752669009986 48
1747661694139 0.23592805711330386 49
