1747663159919 0.24751195938739348 0
1747663174205 0.23996408590361015 1
1747663188593 0.23889621441720144 2
1747663202975 0.23810563508157764 3
1747663216998 0.2378409836367088 4
1747663231169 0.237674047344596 5
1747663245038 0.23748020410354953 6
1747663259086 0.23740459999373986 7
1747663273214 0.2372322767881944 8
1747663287100 0.23718342317502641 9
1747663301284 0.23718662944104246 10
1747663315559 0.23704728683512108 11
1747663329612 0.23702308167569566 12
1747663343560 0.23689025958478802 13
1747663357490 0.23687434456334655 14
1747663371355 0.23680792304316978 15
1747663385273 0.23690240854819838 16
1747663399499 0.23679721000941933 17
1747663413744 0.23675295699181134 18
1747663427807 0.23669562163809313 19
1747663441736 0.23660207080796009 20
1747663455628 0.23663353981636923 21
1747663469708 0.2366344944363748 22
1747663483880 0.23662348375328718 23
1747663498282 0.2365125550829942 24
1747663512157 0.2365596312009029 25
1747663525962 0.2364615083228845 26
1747663540142 0.23652287056385576 27
1747663554341 0.23645657169768064 28
1747663568201 0.2364077743253542 29
1747663582158 0.23637966128253912 30
1747663595534 0.23635654989457022 31
1747663609379 0.2363320384699008 32
1747663623493 0.23634432214547021 33
1747663637047 0.23629780188034188 34
1747663650917 0.236366897959211 35
1747663665008 0.23635678469303237 36
1747663679278 0.23624623338197512 37
1747663693464 0.23621950967574615 38
1747663707427 0.23623804686386554 39
1747663721447 0.23616612280646182 40
1747663735428 0.23621263416717372 41
1747663749514 0.23616439456912208 42
1747663763849 0.2361419776978287 43
1747663778020 0.23612419692245945 44
1747663792052 0.23609417342985192 45
1747663806020 0.23602985832818424 46
1747663819624 0.2360664689258689 47
1747663833524 0.23614185950303165 48
1747663847589 0.23594624943604103 49
