1747770012074 12.377620513087866 0
1747770012346 7.764323818700885 1
1747770012654 5.483936900898014 2
1747770012986 4.250726385949544 3
1747770013262 3.507584334032741 4
1747770013550 3.034403696222846 5
1747770013943 2.7363271752727725 6
1747770014252 2.5248741063578777 7
1747770014626 2.390453703530086 8
1747770014848 2.287076875190638 9
1747770015080 2.125667131912718 10
1747770015311 1.9968437636908172 11
1747770015524 1.9385759473740045 12
1747770015743 1.8834623251712945 13
1747770015965 1.851606245785537 14
1747770016340 1.7674464746514413 15
1747770016602 1.6599356001765015 16
1747770016867 1.6277369868871003 17
1747770017072 1.5935785474138928 18
1747770017289 1.5628718260765628 19
1747770017502 1.5419613508748162 20
1747770017721 1.5106687700103798 21
1747770017950 1.4895849366287481 22
1747770018239 1.4742220916998332 23
1747770018512 1.4496736173500218 24
1747770018815 1.4350645269947309 25
1747770019127 1.40682593663049 26
1747770019431 1.3940638484250052 27
1747770019694 1.3743603917544476 28
1747770019972 1.3108591910656069 29
1747770020277 1.2521042229522712 30
1747770020553 1.2106978963989807 31
1747770020748 1.1787652380043476 32
1747770020973 1.149704804748857 33
1747770021190 1.1357757199913017 34
1747770021427 1.1185407246125716 35
1747770021647 1.1103515294884585 36
1747770021864 1.0881710079461453 37
1747770022114 1.0633869317634552 38
1747770022339 1.044894001954758 39
1747770022544 1.0491468751099493 40
1747770022766 1.0307131015663307 41
1747770023017 1.0201930723345085 42
1747770023315 1.0035690476245613 43
1747770023577 0.9931521778695908 44
1747770023811 0.9790448266532533 45
1747770024038 0.9741413912626777 46
1747770024250 0.9616011173354908 47
1747770024513 0.9470729763243896 48
1747770024810 0.9136198551933653 49
