1747770012071 0.034659091383218765 0
1747770012343 0.06477272510528564 1
1747770012651 0.09829545766115189 2
1747770012983 0.15340909361839294 3
1747770013259 0.20170454680919647 4
1747770013545 0.2562499940395355 5
1747770013940 0.30965909361839294 6
1747770014249 0.35568180680274963 7
1747770014624 0.3863636255264282 8
1747770014846 0.4261363744735718 9
1747770015077 0.4789772629737854 10
1747770015309 0.5005682110786438 11
1747770015522 0.5198863744735718 12
1747770015741 0.5301136374473572 13
1747770015963 0.5420454740524292 14
1747770016338 0.5568181872367859 15
1747770016599 0.5823863744735718 16
1747770016864 0.5806818008422852 17
1747770017070 0.6022727489471436 18
1747770017287 0.6028409004211426 19
1747770017500 0.6017045378684998 20
1747770017719 0.6142045259475708 21
1747770017948 0.6176136136054993 22
1747770018237 0.6295454502105713 23
1747770018509 0.6289772987365723 24
1747770018810 0.6329545378684998 25
1747770019125 0.6414772868156433 26
1747770019428 0.6465908885002136 27
1747770019691 0.6488636136054993 28
1747770019969 0.6590909361839294 29
1747770020274 0.6789772510528564 30
1747770020551 0.699999988079071 31
1747770020746 0.699999988079071 32
1747770020970 0.7073863744735718 33
1747770021188 0.7051136493682861 34
1747770021425 0.7153409123420715 35
1747770021645 0.7153409123420715 36
1747770021862 0.7210227251052856 37
1747770022112 0.7193182110786438 38
1747770022337 0.7261363863945007 39
1747770022542 0.7221590876579285 40
1747770022764 0.7346590757369995 41
1747770023015 0.7318181991577148 42
1747770023313 0.7357954382896423 43
1747770023575 0.7409090995788574 44
1747770023808 0.7403408885002136 45
1747770024036 0.7477272748947144 46
1747770024248 0.7517045736312866 47
1747770024511 0.7505682110786438 48
1747770024808 0.7613636255264282 49
