1743858180604 0.8841833472251892 0
1743858204270 0.9486833214759827 1
1743858228036 0.9643999934196472 2
1743858252165 0.9706166386604309 3
1743858276214 0.9744499921798706 4
1743858300303 0.977233350276947 5
1743858324525 0.9803166389465332 6
1743858348304 0.9814666509628296 7
1743858372595 0.9831833243370056 8
1743858396709 0.9848833084106445 9
1743858420555 0.9856666922569275 10
1743858444304 0.9867333173751831 11
1743858468231 0.98826664686203 12
1743858492127 0.9887999892234802 13
1743858515835 0.989383339881897 14
1743858539668 0.9900500178337097 15
1743858563516 0.9901999831199646 16
1743858587843 0.9913166761398315 17
1743858611501 0.991100013256073 18
1743858635610 0.991183340549469 19
1743858659697 0.9920666813850403 20
1743858683873 0.9930499792098999 21
1743858708134 0.9931166768074036 22
1743858732228 0.9929333329200745 23
1743858756419 0.9930999875068665 24
1743858780456 0.9935333132743835 25
1743858804811 0.992733359336853 26
1743858828963 0.9937333464622498 27
1743858853043 0.994949996471405 28
1743858877113 0.9924666881561279 29
1743858901220 0.9943833351135254 30
1743858925417 0.9944333434104919 31
1743858949275 0.9951833486557007 32
1743858973159 0.9939500093460083 33
1743858996808 0.9948499798774719 34
1743859020591 0.9950166940689087 35
1743859044479 0.9950666427612305 36
1743859068466 0.9948833584785461 37
1743859092477 0.9951500296592712 38
1743859116731 0.9952333569526672 39
1743859140877 0.9953833222389221 40
1743859164763 0.9953500032424927 41
1743859188770 0.9957333207130432 42
1743859212826 0.9953666925430298 43
1743859237127 0.9960500001907349 44
1743859261087 0.9961166381835938 45
1743859285044 0.9949333071708679 46
1743859308920 0.996749997138977 47
1743859332634 0.9957833290100098 48
1743859356471 0.9955999851226807 49
