1747626819768 0.1349823824705183 0
1747626830394 0.054214629806160194 1
1747626841638 0.02446908582791298 2
1747626852185 0.010663843381214082 3
1747626862875 0.008355514699147679 4
1747626873325 0.00734965513453442 5
1747626883799 0.0057761947977106225 6
1747626894820 0.005124050884754183 7
1747626905501 0.003737131579657241 8
1747626915776 0.002850914165603893 9
1747626926248 0.0023867893877531103 10
1747626936830 0.0023451702733309444 11
1747626947621 0.0019020704108173548 12
1747626958113 0.0017658909688832616 13
1747626968523 0.00176796389241934 14
1747626979599 0.0017296691671466254 15
1747626990269 0.001449542051062626 16
1747627000740 0.0014560045804367042 17
1747627011587 0.0015706068116025345 18
1747627022452 0.0013046144386388637 19
1747627032884 0.0013030975032124336 20
1747627043406 0.0013960560444606972 21
1747627053937 0.0012812142000880255 22
1747627064884 0.001168352784394797 23
1747627075164 0.0010588331517753838 24
1747627085773 0.0013399288114523478 25
1747627096768 0.0009430424346618288 26
1747627107847 0.0010180676013761233 27
1747627118484 0.0011638294020891397 28
1747627129216 0.0009576471314675458 29
1747627140180 0.0009424591007582815 30
1747627150907 0.0009838520473533213 31
1747627161572 0.0009391711002503649 32
1747627172238 0.0008347799633407979 33
1747627182440 0.0010524936128218842 34
1747627193112 0.0008492068174570543 35
1747627203934 0.000890943628022986 36
1747627214997 0.0007926145618239227 37
1747627225866 0.0008933694467868671 38
1747627236443 0.0008893344109300605 39
1747627246983 0.000825931680195414 40
1747627257520 0.0008070576125648083 41
1747627267844 0.0008106556274683136 42
1747627278730 0.0006338528723128997 43
1747627289142 0.0008168463677675767 44
1747627299687 0.0007031790261743057 45
1747627309605 0.000692014950807214 46
1747627319495 0.0006991038927144042 47
1747627330191 0.0006215824504004587 48
1747627340844 0.000713958786610332 49
