1747771172008 nan 0
1747771172277 nan 1
1747771172525 nan 2
1747771172697 nan 3
1747771172875 nan 4
1747771173059 nan 5
1747771173242 nan 6
1747771173427 nan 7
1747771173614 nan 8
1747771173798 nan 9
1747771173986 nan 10
1747771174188 nan 11
1747771174395 nan 12
1747771174598 nan 13
1747771174800 nan 14
1747771175005 nan 15
1747771175194 nan 16
1747771175381 nan 17
1747771175569 nan 18
1747771175761 nan 19
1747771175964 nan 20
1747771176180 nan 21
1747771176431 nan 22
1747771176701 nan 23
1747771176971 nan 24
1747771177242 nan 25
1747771177513 nan 26
1747771177787 nan 27
1747771178060 nan 28
1747771178332 nan 29
1747771178606 nan 30
1747771178815 nan 31
1747771179001 nan 32
1747771179190 nan 33
1747771179379 nan 34
1747771179576 nan 35
1747771179772 nan 36
1747771179965 nan 37
1747771180163 nan 38
1747771180359 nan 39
1747771180554 nan 40
1747771180752 nan 41
1747771180950 nan 42
1747771181142 nan 43
1747771181339 nan 44
1747771181532 nan 45
1747771181740 nan 46
1747771181936 nan 47
1747771182131 nan 48
1747771182329 nan 49
