1747771172006 nan 0
1747771172275 nan 1
1747771172524 nan 2
1747771172696 nan 3
1747771172874 nan 4
1747771173058 nan 5
1747771173241 nan 6
1747771173426 nan 7
1747771173613 nan 8
1747771173796 nan 9
1747771173985 nan 10
1747771174187 nan 11
1747771174393 nan 12
1747771174596 nan 13
1747771174799 nan 14
1747771175004 nan 15
1747771175193 nan 16
1747771175380 nan 17
1747771175568 nan 18
1747771175760 nan 19
1747771175963 nan 20
1747771176179 nan 21
1747771176429 nan 22
1747771176699 nan 23
1747771176970 nan 24
1747771177240 nan 25
1747771177511 nan 26
1747771177785 nan 27
1747771178058 nan 28
1747771178330 nan 29
1747771178604 nan 30
1747771178814 nan 31
1747771179000 nan 32
1747771179189 nan 33
1747771179378 nan 34
1747771179574 nan 35
1747771179771 nan 36
1747771179964 nan 37
1747771180162 nan 38
1747771180358 nan 39
1747771180552 nan 40
1747771180751 nan 41
1747771180949 nan 42
1747771181141 nan 43
1747771181338 nan 44
1747771181531 nan 45
1747771181739 nan 46
1747771181935 nan 47
1747771182130 nan 48
1747771182328 nan 49
