1747770516706 41.54420471191406 0
1747770516829 23.57979965209961 1
1747770516947 16.81969451904297 2
1747770517065 12.77481460571289 3
1747770517183 9.634422302246094 4
1747770517302 7.5882487297058105 5
1747770517420 6.119410037994385 6
1747770517539 4.3894171714782715 7
1747770517740 2.817702054977417 8
1747770517863 2.2491683959960938 9
1747770517984 2.041386842727661 10
1747770518105 1.9045524597167969 11
1747770518226 1.79489004611969 12
1747770518347 1.681459903717041 13
1747770518467 1.573085904121399 14
1747770518586 1.4688301086425781 15
1747770518707 1.3864812850952148 16
1747770518825 1.3028113842010498 17
1747770518947 1.2375174760818481 18
1747770519067 1.1908679008483887 19
1747770519189 1.1207810640335083 20
1747770519308 1.0785449743270874 21
1747770519429 1.0261139869689941 22
1747770519547 0.9859347939491272 23
1747770519666 0.9538509249687195 24
1747770519782 0.896449089050293 25
1747770519901 0.8618184924125671 26
1747770520033 0.8143492341041565 27
1747770520194 0.7710578441619873 28
1747770520357 0.7267707586288452 29
1747770520521 0.6809281706809998 30
1747770520681 0.6583815813064575 31
1747770520840 0.6078813672065735 32
1747770521001 0.5806311964988708 33
1747770521165 0.551771879196167 34
1747770521328 0.5074490308761597 35
1747770521495 0.4821218252182007 36
1747770521660 0.46203508973121643 37
1747770521829 0.4243888258934021 38
1747770521994 0.4153206944465637 39
1747770522162 0.4051608145236969 40
1747770522331 0.38864603638648987 41
1747770522486 0.3859638273715973 42
1747770522591 0.3779623508453369 43
1747770522703 0.3732609748840332 44
1747770522818 0.35954368114471436 45
1747770522938 0.36031579971313477 46
1747770523055 0.3525867760181427 47
1747770523174 0.3565572500228882 48
1747770523295 0.3470894694328308 49
