1747770516708 3337.284016860684 0
1747770516830 991.469168079224 1
1747770516948 528.0582674651365 2
1747770517067 287.15368026366934 3
1747770517185 162.19048543525852 4
1747770517304 106.11469400383949 5
1747770517421 69.43127916879601 6
1747770517541 35.97361874382029 7
1747770517741 15.532763732004591 8
1747770517865 10.361508156848375 9
1747770517985 8.839705133423115 10
1747770518106 7.984658873910505 11
1747770518227 7.319473629208818 12
1747770518348 6.542442649651133 13
1747770518469 5.955015356117229 14
1747770518588 5.398753207834124 15
1747770518708 4.942195500922603 16
1747770518827 4.518678124035069 17
1747770518949 4.272748889106937 18
1747770519068 3.9600827827726532 19
1747770519190 3.636830090031398 20
1747770519310 3.3387886106095075 21
1747770519431 3.111357184997627 22
1747770519549 2.8618877813213692 23
1747770519667 2.6603376695891687 24
1747770519784 2.3939576473838 25
1747770519903 2.1761300057985795 26
1747770520035 1.932410504356287 27
1747770520197 1.7033154457339108 28
1747770520360 1.4984969463711089 29
1747770520523 1.2924240476476017 30
1747770520683 1.1465599808813223 31
1747770520842 0.9781560925892884 32
1747770521003 0.8678774369917918 33
1747770521168 0.7542320885887976 34
1747770521331 0.6401319122197132 35
1747770521498 0.5620492867295852 36
1747770521662 0.5039149207167868 37
1747770521832 0.4358919267400752 38
1747770521996 0.4043180496012119 39
1747770522164 0.3912001505518416 40
1747770522333 0.35783484198267657 41
1747770522488 0.34732939901179216 42
1747770522592 0.3336661467672762 43
1747770522704 0.332058879488791 44
1747770522819 0.309367474266029 45
1747770522939 0.30579813288822877 46
1747770523056 0.29466619064947297 47
1747770523176 0.29367855211388416 48
1747770523297 0.28431552564118906 49
