1743761035407 0.312178563752683 0
1743761057839 0.2368625131719788 1
1743761080222 0.22095327735713305 2
1743761102595 0.2063063596427277 3
1743761124743 0.19990501486670986 4
1743761147318 0.19402679104188905 5
1743761169985 0.18814442921893693 6
1743761192424 0.1828530063758825 7
1743761214799 0.17792159906199573 8
1743761237063 0.17356158560107954 9
1743761259414 0.1695092795712922 10
1743761281758 0.16577471346424608 11
1743761304258 0.16263464296038374 12
1743761326903 0.15968434782463312 13
1743761349255 0.1569774174820452 14
1743761372068 0.1546308291351055 15
1743761395152 0.15265054444334555 16
1743761417876 0.1508135120984664 17
1743761440647 0.14917193261448086 18
1743761463671 0.14766001534376097 19
1743761486478 0.14635388224032816 20
1743761509226 0.14516289938205446 21
1743761532192 0.1439485287145198 22
1743761554945 0.14304061549927477 23
1743761577547 0.14193067746667784 24
1743761599948 0.141047176598261 25
1743761622505 0.14011830969219236 26
1743761644837 0.1394390433792065 27
1743761667252 0.13873033193223716 28
1743761689594 0.1379449066508998 29
1743761712106 0.13704277723630037 30
1743761734672 0.13616695670857082 31
1743761757039 0.13546090961314894 32
1743761779539 0.1346118404284029 33
1743761802159 0.13593345731013798 34
1743761824559 0.13621962556145675 35
1743761846773 0.13343286684825842 36
1743761869035 0.13295954338843863 37
1743761891561 0.1326548530082114 38
1743761914218 0.13222690746952265 39
1743761936910 0.13196842204916318 40
1743761959413 0.13165564191019138 41
1743761981860 0.1312817884310978 42
1743762004568 0.13098900076640574 43
1743762027126 0.13071952723567667 44
1743762049375 0.1304421477141836 45
1743762071819 0.1302755615859034 46
1743762094050 0.12998478425840881 47
1743762116618 0.1297240332543127 48
1743762138971 0.12957404094914632 49
