1743761035406 0.3637377917766571 0
1743761057838 0.2821386158466339 1
1743761080221 0.26943206787109375 2
1743761102594 0.25854170322418213 3
1743761124742 0.25305041670799255 4
1743761147317 0.24797461926937103 5
1743761169984 0.24273891746997833 6
1743761192423 0.2383316308259964 7
1743761214798 0.23399651050567627 8
1743761237062 0.23010097444057465 9
1743761259413 0.22672201693058014 10
1743761281757 0.22331994771957397 11
1743761304257 0.2206091433763504 12
1743761326902 0.2179332971572876 13
1743761349254 0.21549484133720398 14
1743761372067 0.21350529789924622 15
1743761395150 0.21192368865013123 16
1743761417875 0.21029028296470642 17
1743761440646 0.208933487534523 18
1743761463670 0.20775923132896423 19
1743761486477 0.20663926005363464 20
1743761509225 0.2058277279138565 21
1743761532191 0.20502066612243652 22
1743761554944 0.20428240299224854 23
1743761577546 0.20340973138809204 24
1743761599947 0.20291319489479065 25
1743761622504 0.20201945304870605 26
1743761644837 0.20140361785888672 27
1743761667251 0.20078808069229126 28
1743761689593 0.20023879408836365 29
1743761712105 0.1994820088148117 30
1743761734671 0.19869491457939148 31
1743761757038 0.1981339454650879 32
1743761779538 0.19736140966415405 33
1743761802158 0.19837568700313568 34
1743761824558 0.19892330467700958 35
1743761846772 0.1961212307214737 36
1743761869034 0.19567205011844635 37
1743761891560 0.19550348818302155 38
1743761914217 0.19498035311698914 39
1743761936909 0.19497421383857727 40
1743761959412 0.1947220265865326 41
1743761981859 0.19441062211990356 42
1743762004567 0.1940528005361557 43
1743762027125 0.19391998648643494 44
1743762049374 0.19366130232810974 45
1743762071818 0.19363175332546234 46
1743762094049 0.1934296190738678 47
1743762116617 0.19311732053756714 48
1743762138970 0.19309073686599731 49
