1747632227295 0.11482665633513642 0
1747632237456 0.059061133461444 1
1747632247884 0.04655111428303193 2
1747632258453 0.025503098534056634 3
1747632268756 0.014603427433722475 4
1747632279327 0.011637977048619505 5
1747632290230 0.007940681057946146 6
1747632301089 0.0073110919977804325 7
1747632311543 0.006394235349805146 8
1747632322383 0.006253393617433513 9
1747632333396 0.005799736203152773 10
1747632344071 0.0053533115776137384 11
1747632354123 0.004232473931049995 12
1747632365191 0.0027166213583036756 13
1747632375416 0.0026096004630020183 14
1747632385775 0.002615012710421284 15
1747632396240 0.0024927055762069095 16
1747632407196 0.0025482908666837564 17
1747632417744 0.0022678292578737842 18
1747632427883 0.002276581408743696 19
1747632438393 0.002631284299919391 20
1747632448353 0.0020481778102664685 21
1747632459391 0.0018770180672861186 22
1747632469933 0.0019282249696943672 23
1747632480488 0.0018810275434275538 24
1747632491246 0.0019016741165689946 25
1747632501837 0.0014115816943815742 26
1747632512893 0.00133058574108793 27
1747632523807 0.0012164353046652 28
1747632534504 0.0012634797802462813 29
1747632544818 0.0012717980658090596 30
1747632555073 0.0015078038759363055 31
1747632565927 0.0011729019119007785 32
1747632576777 0.0010242315925642384 33
1747632587495 0.001212281686797831 34
1747632597874 0.0010761208508791595 35
1747632608697 0.001066226631441603 36
1747632619274 0.0010184410913814416 37
1747632630307 0.0010949289369814141 38
1747632640974 0.0009762547710380981 39
1747632651508 0.0010066171643997454 40
1747632662094 0.001132998656698905 41
1747632672902 0.0010186466895273092 42
1747632683982 0.0010081548582985126 43
1747632694800 0.0009557472482459383 44
1747632705389 0.0009410664497385634 45
1747632715769 0.0010091575155663968 46
1747632726148 0.0009327802697599428 47
1747632737165 0.0008474438864798723 48
1747632748134 0.0009142493760600705 49
