1743934686543 0.6463500261306763 0
1743934711580 0.8986666798591614 1
1743934736605 0.926883339881897 2
1743934761289 0.9397833347320557 3
1743934786535 0.9460999965667725 4
1743934811897 0.9536499977111816 5
1743934837252 0.9574999809265137 6
1743934862495 0.9615833163261414 7
1743934887841 0.9655666947364807 8
1743934912928 0.9675833582878113 9
1743934937924 0.9689499735832214 10
1743934962991 0.9699000120162964 11
1743934988310 0.9730333089828491 12
1743935013492 0.973883330821991 13
1743935038790 0.975266695022583 14
1743935063921 0.9765833616256714 15
1743935089164 0.9770333170890808 16
1743935114424 0.9788833260536194 17
1743935139684 0.9794833064079285 18
1743935164665 0.9799666404724121 19
1743935189930 0.980400025844574 20
1743935215375 0.9818000197410583 21
1743935240453 0.9822333455085754 22
1743935265362 0.9829666614532471 23
1743935290154 0.9830999970436096 24
1743935315643 0.9843666553497314 25
1743935340772 0.9847333431243896 26
1743935365855 0.9847333431243896 27
1743935391111 0.9866999983787537 28
1743935416394 0.9852499961853027 29
1743935441483 0.9861166477203369 30
1743935466590 0.9868500232696533 31
1743935491958 0.9876833558082581 32
1743935517176 0.9873833060264587 33
1743935542390 0.9871333241462708 34
1743935567641 0.9880499839782715 35
1743935592870 0.9884833097457886 36
1743935618052 0.9890999794006348 37
1743935643449 0.9886000156402588 38
1743935668725 0.989300012588501 39
1743935694080 0.9898333549499512 40
1743935719390 0.9890833497047424 41
1743935744820 0.9889000058174133 42
1743935770078 0.9902833104133606 43
1743935795426 0.9909666776657104 44
1743935820617 0.9905833601951599 45
1743935845945 0.9908666610717773 46
1743935871312 0.9904000163078308 47
1743935896528 0.9918333292007446 48
1743935921933 0.9908000230789185 49
