1747594947350 0.44569497724239027 0
1747594955746 0.021943832750007056 1
1747594964495 0.0068957632419891085 2
1747594973757 0.0028857367798276207 3
1747594982464 0.0015761554514140228 4
1747594991395 0.0014492740052877327 5
1747594999960 0.0013728953382497063 6
1747595009037 0.0011763956886346014 7
1747595018040 0.0006915853258522551 8
1747595026856 0.0006909878418887333 9
1747595035932 0.0006483243476625546 10
1747595044596 0.0007173989890357766 11
1747595053435 0.0006803326494176176 12
1747595062219 0.0007088818849837542 13
1747595071023 0.0006676569124092948 14
1747595080228 0.0005004932053868852 15
1747595089012 0.0005949949577151248 16
1747595097873 0.0006798940546757722 17
1747595106838 0.00046553382411073074 18
1747595115442 0.0005918098524277117 19
1747595124490 0.0005046487055757368 20
1747595133130 0.00046073054463050906 21
1747595141899 0.0004988035574817673 22
1747595150778 0.0004998124778244753 23
1747595159319 0.0005180552955267877 24
1747595168397 0.0004079403591936016 25
1747595176955 0.00048065380911307276 26
1747595185389 0.0004124552542647298 27
1747595194109 0.0005432922600102312 28
1747595202860 0.00046079939013546296 29
1747595211231 0.0003870655808883739 30
1747595220268 0.0004119034246198385 31
1747595228840 0.00036669548494179223 32
1747595237999 0.00038590027644594925 33
1747595247027 0.00044885240625965923 34
1747595255287 0.00034773605114843777 35
1747595264178 0.00034806288145904844 36
1747595273060 0.00040434712128219533 37
1747595281860 0.00035931824754546277 38
1747595290992 0.0004667462141457116 39
1747595299447 0.00029760402499926387 40
1747595308119 0.0003658090856163781 41
1747595316808 0.0003459958608226125 42
1747595325356 0.0003457216220169958 43
1747595334263 0.0003363229851812248 44
1747595342794 0.0003322090897914807 45
1747595350976 0.00030613363336727935 46
1747595360079 0.0003137974458703383 47
1747595368692 0.00041795276291450514 48
1747595377647 0.0002801021377721475 49
