1747598402953 0.9146797060966492 0
1747598445227 0.9147109985351562 1
1747598487106 0.9147774577140808 2
1747598529819 0.9148907661437988 3
1747598572400 0.9152973294258118 4
1747598615375 0.915226936340332 5
1747598658179 0.9152816534042358 6
1747598707240 0.9152191281318665 7
1747598757806 0.9152542948722839 8
1747598808837 0.9153207540512085 9
1747598859643 0.9150432348251343 10
1747598910352 0.9150197505950928 11
1747598960915 0.9152113199234009 12
1747599012372 0.9152230620384216 13
1747599062711 0.9151995778083801 14
1747599111504 0.9151644110679626 15
1747599162963 0.9150940179824829 16
1747599213541 0.9151878356933594 17
1747599264552 0.9151761531829834 18
1747599314862 0.9152894616127014 19
1747599364933 0.9152425527572632 20
1747599415439 0.9152542948722839 21
1747599466672 0.915183961391449 22
1747599516741 0.9152621030807495 23
1747599564612 0.9152425527572632 24
1747599615105 0.9152504205703735 25
1747599665226 0.9153363704681396 26
1747599716314 0.9152191281318665 27
1747599767319 0.9152894616127014 28
1747599818424 0.9152504205703735 29
1747599869294 0.9153950214385986 30
1747599920146 0.9154301881790161 31
1747599971638 0.9153324961662292 32
1747600019967 0.9152621030807495 33
1747600071506 0.9154536724090576 34
1747600122188 0.9153832793235779 35
1747600172519 0.9154067635536194 36
1747600223526 0.9153598546981812 37
1747600274073 0.9154067635536194 38
1747600325640 0.9152542948722839 39
1747600376034 0.9153285622596741 40
1747600424114 0.9153715372085571 41
1747600474827 0.915414571762085 42
1747600525750 0.915414571762085 43
1747600576996 0.9152973294258118 44
1747600628349 0.9153246879577637 45
1747600679512 0.9152933955192566 46
1747600730160 0.9154927134513855 47
1747600781435 0.9153910875320435 48
1747600832196 0.9153051376342773 49
