1747770867822 36.826480865478516 0
1747770867971 33.784603118896484 1
1747770868174 29.083576202392578 2
1747770868391 25.167163848876953 3
1747770868592 22.870826721191406 4
1747770868797 21.745630264282227 5
1747770868997 21.314023971557617 6
1747770869211 21.124406814575195 7
1747770869415 21.12441062927246 8
1747770869620 21.155914306640625 9
1747770869827 21.22237205505371 10
1747770870031 21.28973960876465 11
1747770870239 21.320749282836914 12
1747770870449 21.32819938659668 13
1747770870578 21.285362243652344 14
1747770870713 21.330446243286133 15
1747770870852 21.345726013183594 16
1747770870991 21.297712326049805 17
1747770871134 21.249853134155273 18
1747770871278 21.393972396850586 19
1747770871432 21.340425491333008 20
1747770871573 21.308250427246094 21
1747770871718 21.27317237854004 22
1747770871862 21.283634185791016 23
1747770872009 21.30620002746582 24
1747770872161 21.320743560791016 25
1747770872310 21.235851287841797 26
1747770872462 21.158405303955078 27
1747770872611 20.97331428527832 28
1747770872769 20.599517822265625 29
1747770872920 20.05946922302246 30
1747770873077 19.315813064575195 31
1747770873229 18.009944915771484 32
1747770873386 16.456649780273438 33
1747770873537 15.270096778869629 34
1747770873695 14.751283645629883 35
1747770873846 14.601648330688477 36
1747770874003 14.568497657775879 37
1747770874182 14.586153984069824 38
1747770874387 14.598583221435547 39
1747770874596 14.603473663330078 40
1747770874801 14.611547470092773 41
1747770875007 14.603739738464355 42
1747770875214 14.5614652633667 43
1747770875420 14.60849380493164 44
1747770875550 14.59659194946289 45
1747770875682 14.577266693115234 46
1747770875819 14.596579551696777 47
1747770876005 14.57273006439209 48
1747770876202 14.549372673034668 49
