1747770867823 2767.712561763949 0
1747770867973 2127.618666022686 1
1747770868176 1621.5591765542508 2
1747770868393 1264.5208500378794 3
1747770868594 1063.3067137973371 4
1747770868799 971.3825906857785 5
1747770868999 939.5130066687068 6
1747770869212 926.2155364689128 7
1747770869417 923.7603874229837 8
1747770869622 924.5547562107802 9
1747770869829 922.241150166417 10
1747770870033 927.9065420454098 11
1747770870241 918.6077992443753 12
1747770870450 917.6402330517249 13
1747770870580 920.8456553541729 14
1747770870714 922.7257984279456 15
1747770870853 919.7015141992858 16
1747770870992 920.2021714471153 17
1747770871136 918.8713893509295 18
1747770871279 919.1891455724799 19
1747770871433 915.9497603143407 20
1747770871575 915.2110263971738 21
1747770871719 917.2575083895896 22
1747770871863 913.2598179132722 23
1747770872010 910.2249700686941 24
1747770872162 909.0764373649279 25
1747770872311 909.4573009001313 26
1747770872463 906.1565572821852 27
1747770872613 870.2050182960709 28
1747770872770 829.3503308066976 29
1747770872921 776.243821718327 30
1747770873079 698.6406680247637 31
1747770873230 597.6876958481898 32
1747770873388 505.968672035478 33
1747770873538 452.0135266117364 34
1747770873696 429.296274031999 35
1747770873847 422.67417003880354 36
1747770874005 420.28623814596733 37
1747770874184 419.07884272739153 38
1747770874389 415.96113715631446 39
1747770874598 418.37760602670835 40
1747770874803 417.3603494679275 41
1747770875009 416.85204937156414 42
1747770875216 416.9210566886604 43
1747770875421 417.0195946546718 44
1747770875551 415.6241411175353 45
1747770875683 414.69732214223313 46
1747770875820 415.7792219225725 47
1747770876006 416.1813065127124 48
1747770876203 413.88764675562965 49
