1747616185724 0.27901920687160897 0
1747616226186 0.24131322306430836 1
1747616265849 0.23988814633292044 2
1747616305539 0.2391714454472598 3
1747616345292 0.2386792460581415 4
1747616385464 0.2382255304646126 5
1747616425351 0.23797442003274474 6
1747616465379 0.2378828027121138 7
1747616505377 0.23775159252227437 8
1747616544895 0.2378632864557925 9
1747616617589 0.23769359659338218 10
1747616717031 0.23765180153216955 11
1747616820156 0.23757665719587198 12
1747616920671 0.2374987561418595 13
1747617023394 0.23748655266854035 14
1747617124887 0.23737609379463323 15
1747617228119 0.23736056878697642 16
1747617329392 0.23736908383138483 17
1747617431787 0.2372840316360479 18
1747617532468 0.237288916396757 19
1747617634401 0.23722824878388324 20
1747617737528 0.2372130889470098 21
1747617839157 0.23722768884791087 22
1747617942449 0.23708655209216112 23
1747618043610 0.23723232122588 24
1747618146446 0.23712424324178552 25
1747618250771 0.23713135903988347 26
1747618353368 0.2370897971753972 27
1747618456944 0.23712233234486246 28
1747618560516 0.2370742248322217 29
1747618662476 0.2370797504895528 30
1747618744198 0.23714087063376169 31
1747618783580 0.2370259113238406 32
1747618823485 0.23706285071347977 33
1747618863135 0.2371089589423294 34
1747618903626 0.23704175611627884 35
1747618942927 0.236951030617428 36
1747618983106 0.23706686483922504 37
1747619022788 0.236970854475247 38
1747619062701 0.23695158034466215 39
1747619102150 0.23690931505827353 40
1747619142185 0.23699850870019512 41
1747619181934 0.23691952683569759 42
1747619234585 0.23687245396330672 43
1747619301754 0.2369843832315112 44
1747619368305 0.23686979388066265 45
1747619433719 0.23694714921598486 46
1747619500574 0.23692285032955168 47
1747619566133 0.23682175994444435 48
1747619635876 0.23684214007022603 49
