1747677806185 0.2530032050972647 0
1747677821756 0.23876438252693571 1
1747677837111 0.23834013897161105 2
1747677852372 0.23808848361598894 3
1747677867908 0.23791078349615935 4
1747677883137 0.23776256452733283 5
1747677898846 0.23760387358435156 6
1747677914527 0.23766684744560113 7
1747677929850 0.2375055600741639 8
1747677946060 0.2375207262523434 9
1747677962475 0.2373716084700007 10
1747677979420 0.23757373391099548 11
1747677995061 0.2372625422495433 12
1747678010813 0.23719265485252888 13
1747678026090 0.23727334233321412 14
1747678041960 0.23713566039441458 15
1747678057949 0.23717021246581385 16
1747678073138 0.2370847701517368 17
1747678088395 0.23709400531307565 18
1747678103788 0.2369961868755138 19
1747678119180 0.23698576427611767 20
1747678134437 0.23688998230571187 21
1747678149595 0.2368819697230816 22
1747678164834 0.23689083738887903 23
1747678179599 0.23690907235076047 24
1747678194561 0.23689493384239552 25
1747678209973 0.23669915512002312 26
1747678225144 0.23682288512268648 27
1747678240292 0.23671879858261763 28
1747678255300 0.2367398928648839 29
1747678270020 0.23667035119896138 30
1747678285234 0.23666796682883026 31
1747678300547 0.23661354289839934 32
1747678315607 0.23667209221450528 33
1747678330525 0.2366100377344484 34
1747678345614 0.23664408584208885 35
1747678360440 0.23651139857281958 36
1747678375978 0.23654098447471453 37
1747678391371 0.2365437318746041 38
1747678406702 0.2364380661986106 39
1747678422004 0.23651046138247706 40
1747678436142 0.2364479726744987 41
1747678451337 0.2364706326889061 42
1747678466103 0.2364925046026148 43
1747678481330 0.2364269723213898 44
1747678496489 0.23641206158602524 45
1747678511913 0.23635012368260305 46
1747678527266 0.23636478255152452 47
1747678542015 0.23634675861345564 48
1747678557421 0.23635841102488675 49
