1747677806184 0.9150393009185791 0
1747677821754 0.9152386784553528 1
1747677837109 0.9152894616127014 2
1747677852370 0.9153403043746948 3
1747677867906 0.9154927134513855 4
1747677883135 0.9152699112892151 5
1747677898844 0.9153794050216675 6
1747677914524 0.9153285622596741 7
1747677929849 0.9153207540512085 8
1747677946057 0.9153989553451538 9
1747677962474 0.9153090119361877 10
1747677979418 0.9153285622596741 11
1747677995059 0.9153637290000916 12
1747678010811 0.9153520464897156 13
1747678026088 0.9153246879577637 14
1747678041958 0.9153832793235779 15
1747678057947 0.9153520464897156 16
1747678073137 0.9154067635536194 17
1747678088393 0.9153676629066467 18
1747678103786 0.9154497385025024 19
1747678119179 0.9155122637748718 20
1747678134436 0.915355920791626 21
1747678149593 0.9153246879577637 22
1747678164833 0.9153363704681396 23
1747678179598 0.9153872132301331 24
1747678194560 0.915457546710968 25
1747678209971 0.9155083894729614 26
1747678225143 0.9154614806175232 27
1747678240290 0.9154301881790161 28
1747678255299 0.9153950214385986 29
1747678270018 0.9152073860168457 30
1747678285232 0.9153754711151123 31
1747678300545 0.9154497385025024 32
1747678315604 0.9154653549194336 33
1747678330523 0.9152816534042358 34
1747678345612 0.9151644110679626 35
1747678360438 0.9154106378555298 36
1747678375977 0.9153598546981812 37
1747678391369 0.9154028296470642 38
1747678406701 0.9153051376342773 39
1747678422002 0.915457546710968 40
1747678436141 0.9154341220855713 41
1747678451336 0.9153872132301331 42
1747678466101 0.9153832793235779 43
1747678481328 0.9154223799705505 44
1747678496488 0.9153910875320435 45
1747678511912 0.915645182132721 46
1747678527265 0.9155122637748718 47
1747678542013 0.9154067635536194 48
1747678557419 0.9153637290000916 49
