1747771910754 0.19943182170391083 0
1747771910992 0.26818183064460754 1
1747771911228 0.5511363744735718 2
1747771911463 0.762499988079071 3
1747771911698 0.8676136136054993 4
1747771911933 0.8926136493682861 5
1747771912173 0.9011363387107849 6
1747771912423 0.918181836605072 7
1747771912680 0.9301136136054993 8
1747771913040 0.9312499761581421 9
1747771913414 0.9346590638160706 10
1747771913784 0.9409090876579285 11
1747771914085 0.949999988079071 12
1747771914324 0.9488636255264282 13
1747771914565 0.9511363506317139 14
1747771914809 0.956818163394928 15
1747771915051 0.9522727131843567 16
1747771915296 0.9539772868156433 17
1747771915540 0.9517045617103577 18
1747771915787 0.9448863863945007 19
1747771916032 0.9579545259475708 20
1747771916278 0.9392045736312866 21
1747771916524 0.9664772748947144 22
1747771916770 0.9681817889213562 23
1747771917016 0.9636363387107849 24
1747771917262 0.9590908885002136 25
1747771917508 0.9619318246841431 26
1747771917795 0.9704545736312866 27
1747771918170 0.9744318127632141 28
1747771918545 0.9710227251052856 29
1747771918919 0.9693182110786438 30
1747771919160 0.9727272987365723 31
1747771919401 0.9744318127632141 32
1747771919646 0.9704545736312866 33
1747771919892 0.9732954502105713 34
1747771920139 0.9698863625526428 35
1747771920382 0.9698863625526428 36
1747771920626 0.9727272987365723 37
1747771920877 0.9659090638160706 38
1747771921136 0.9659090638160706 39
1747771921393 0.9721590876579285 40
1747771921652 0.9727272987365723 41
1747771921909 0.9732954502105713 42
1747771922168 0.9704545736312866 43
1747771922427 0.9698863625526428 44
1747771922704 0.9676136374473572 45
1747771923079 0.9698863625526428 46
1747771923455 0.9602272510528564 47
1747771923832 0.9715909361839294 48
1747771924099 0.9630681872367859 49
