1747584198410 1.2968016582283808 0
1747584205225 0.07372034905538806 1
1747584212259 0.0670050347712085 2
1747584219131 0.06490329463451491 3
1747584226259 0.062347261215848014 4
1747584233437 0.06114109740091675 5
1747584240438 0.059614756331866796 6
1747584247369 0.05770243334506899 7
1747584254355 0.054701983515296246 8
1747584261429 0.050864588653463674 9
1747584268563 0.04792797891220039 10
1747584275524 0.045999801660845815 11
1747584282574 0.04448864716546534 12
1747584290135 0.04260890263174059 13
1747584297465 0.038897692811232995 14
1747584304480 0.03647953287249253 15
1747584311428 0.03453037789356235 16
1747584318391 0.03251492483865153 17
1747584325412 0.031269108261958445 18
1747584332342 0.027444514763644193 19
1747584339291 0.025583517855062767 20
1747584346456 0.02536092088065177 21
1747584354039 0.02515849376933272 22
1747584361421 0.02511272519386656 23
1747584368593 0.025044638200042903 24
1747584375585 0.025007700971355188 25
1747584382676 0.02496662582321368 26
1747584389684 0.024934414274703144 27
1747584396742 0.024892402269823713 28
1747584404000 0.024894471969360704 29
1747584411384 0.02486418014859818 30
1747584418606 0.024860803398278803 31
1747584425483 0.02481223052220528 32
1747584432296 0.024814921980535344 33
1747584439114 0.024822633604223678 34
1747584445971 0.024797362579769337 35
1747584452641 0.024769462866662713 36
1747584459608 0.02473987340364114 37
1747584466536 0.024714420227486374 38
1747584473815 0.02472329573340028 39
1747584480927 0.02469045199565771 40
1747584487832 0.023702724299109725 41
1747584494889 0.022494241820041734 42
1747584501737 0.021626854499399762 43
1747584508571 0.022456699382279295 44
1747584514926 0.02439642861258806 45
1747584521909 0.024386242172346067 46
1747584528828 0.024339469118041582 47
1747584535737 0.024325511110889535 48
1747584542144 0.024322749799477714 49
