1747584198409 0.24513621628284454 0
1747584205224 0.11305676400661469 1
1747584212258 0.10891424864530563 2
1747584219129 0.10842901468276978 3
1747584226257 0.10521642118692398 4
1747584233435 0.10476526618003845 5
1747584240437 0.10294550657272339 6
1747584247368 0.10220769047737122 7
1747584254354 0.09967600554227829 8
1747584261428 0.09347862750291824 9
1747584268561 0.0872487872838974 10
1747584275523 0.08621738851070404 11
1747584282572 0.08679646998643875 12
1747584290133 0.08618520200252533 13
1747584297464 0.081424281001091 14
1747584304478 0.07697050273418427 15
1747584311426 0.07446615397930145 16
1747584318390 0.07129121571779251 17
1747584325411 0.06924688816070557 18
1747584332341 0.06494079530239105 19
1747584339290 0.06027660146355629 20
1747584346454 0.059016115963459015 21
1747584354037 0.05841664597392082 22
1747584361419 0.05791880935430527 23
1747584368592 0.05770706757903099 24
1747584375584 0.05746401101350784 25
1747584382674 0.057361699640750885 26
1747584389683 0.05719675496220589 27
1747584396740 0.057095445692539215 28
1747584403999 0.05695969611406326 29
1747584411382 0.05703491345047951 30
1747584418605 0.056951891630887985 31
1747584425482 0.056759439408779144 32
1747584432295 0.05674651265144348 33
1747584439113 0.05653348192572594 34
1747584445970 0.056585606187582016 35
1747584452640 0.05652434751391411 36
1747584459606 0.056504588574171066 37
1747584466535 0.05660674721002579 38
1747584473813 0.05677990987896919 39
1747584480926 0.057108957320451736 40
1747584487830 0.05664682015776634 41
1747584494886 0.05485214293003082 42
1747584501736 0.05558928847312927 43
1747584508570 0.0568721741437912 44
1747584514924 0.05919918417930603 45
1747584521907 0.059059157967567444 46
1747584528826 0.05906994268298149 47
1747584535736 0.059028543531894684 48
1747584542143 0.0591384656727314 49
