1747771009747 20.12452507019043 0
1747771009887 14.953274726867676 1
1747771010020 12.266481399536133 2
1747771010152 9.1586332321167 3
1747771010289 7.588822364807129 4
1747771010424 5.5631914138793945 5
1747771010560 4.019329071044922 6
1747771010694 3.219625473022461 7
1747771010828 2.7432475090026855 8
1747771010995 2.357755184173584 9
1747771011186 2.06319522857666 10
1747771011367 1.8469364643096924 11
1747771011550 1.6460192203521729 12
1747771011732 1.483547329902649 13
1747771011911 1.407894492149353 14
1747771012090 1.3792730569839478 15
1747771012269 1.2912898063659668 16
1747771012448 1.2409136295318604 17
1747771012638 1.2051721811294556 18
1747771012822 1.156017541885376 19
1747771013014 1.1616382598876953 20
1747771013197 1.1108940839767456 21
1747771013379 1.0925613641738892 22
1747771013500 1.018597960472107 23
1747771013622 0.9795079827308655 24
1747771013749 0.9335965514183044 25
1747771013881 0.8857850432395935 26
1747771014011 0.7938826084136963 27
1747771014145 0.6947259902954102 28
1747771014277 0.6477490663528442 29
1747771014411 0.6928998827934265 30
1747771014542 0.6329213976860046 31
1747771014678 0.5854419469833374 32
1747771014809 0.5450484752655029 33
1747771014945 0.5290979146957397 34
1747771015079 0.5296747088432312 35
1747771015213 0.5087405443191528 36
1747771015346 0.5177720785140991 37
1747771015481 0.5284613966941833 38
1747771015613 0.48675647377967834 39
1747771015749 0.49584850668907166 40
1747771015882 0.47366318106651306 41
1747771016018 0.4671834111213684 42
1747771016152 0.4616774916648865 43
1747771016288 0.4665808081626892 44
1747771016426 0.4408477246761322 45
1747771016561 0.4274885654449463 46
1747771016697 0.42892512679100037 47
1747771016838 0.4468342065811157 48
1747771016972 0.43401941657066345 49
