1743878650279 0.31487366557121277 0
1743878672179 0.29426029324531555 1
1743878694009 0.28162941336631775 2
1743878715944 0.27606770396232605 3
1743878738084 0.27163663506507874 4
1743878760072 0.2671496272087097 5
1743878782115 0.2633455693721771 6
1743878804287 0.26110896468162537 7
1743878826337 0.2583760917186737 8
1743878848311 0.2565308213233948 9
1743878870229 0.2540571689605713 10
1743878892157 0.2523004114627838 11
1743878914028 0.25026166439056396 12
1743878936062 0.2487691342830658 13
1743878957957 0.24650387465953827 14
1743878979944 0.24554772675037384 15
1743879002160 0.24264498054981232 16
1743879024248 0.2405974417924881 17
1743879046113 0.2388896644115448 18
1743879067970 0.23723670840263367 19
1743879089997 0.23589621484279633 20
1743879111848 0.2344801276922226 21
1743879133842 0.2332829236984253 22
1743879155843 0.23184534907341003 23
1743879177970 0.230665385723114 24
1743879199952 0.22973302006721497 25
1743879221942 0.2287703901529312 26
1743879243836 0.22760671377182007 27
1743879265849 0.22674687206745148 28
1743879287875 0.22588568925857544 29
1743879309653 0.22520197927951813 30
1743879331653 0.22453463077545166 31
1743879353649 0.2238280326128006 32
1743879375555 0.2237328290939331 33
1743879397484 0.2224736362695694 34
1743879419275 0.22193679213523865 35
1743879441149 0.22124651074409485 36
1743879462773 0.220561221241951 37
1743879484883 0.22003142535686493 38
1743879506740 0.21952199935913086 39
1743879528609 0.21885687112808228 40
1743879550323 0.21809862554073334 41
1743879572346 0.21760952472686768 42
1743879594158 0.21698716282844543 43
1743879616040 0.21642160415649414 44
1743879637879 0.21571753919124603 45
1743879659612 0.21522410213947296 46
1743879681324 0.2149488478899002 47
1743879703308 0.21436399221420288 48
1743879725314 0.21391983330249786 49
