1743878650280 0.2623779419284011 0
1743878672180 0.24351945048071424 1
1743878694010 0.23377183386450848 2
1743878715945 0.2259075935758118 3
1743878738086 0.22020345379192957 4
1743878760073 0.2148240925602306 5
1743878782116 0.2110970958842445 6
1743878804288 0.20898553448594673 7
1743878826338 0.20614552676229914 8
1743878848312 0.20399898111790016 9
1743878870231 0.20112157674741296 10
1743878892158 0.19905172264423704 11
1743878914029 0.19655020728804715 12
1743878936063 0.19423733277269592 13
1743878957959 0.19156268337376173 14
1743878979945 0.19036939910062647 15
1743879002162 0.18656774392843886 16
1743879024250 0.18414906822700577 17
1743879046115 0.18202716517099368 18
1743879067971 0.18018191229632935 19
1743879089998 0.1785243385072448 20
1743879111849 0.17690726060298967 21
1743879133843 0.17550962210328236 22
1743879155844 0.17377325649525485 23
1743879177971 0.1723093429150372 24
1743879199953 0.1710403248289026 25
1743879221943 0.16995492006451227 26
1743879243838 0.16851486508806815 27
1743879265851 0.1674203795302722 28
1743879287876 0.16644675447634003 29
1743879309654 0.16551404770439587 30
1743879331655 0.16474608171606953 31
1743879353650 0.16396913609921243 32
1743879375556 0.16385076698042503 33
1743879397485 0.162310934240303 34
1743879419277 0.1615665097139054 35
1743879441150 0.16087387676982381 36
1743879462774 0.16004811993661022 37
1743879484884 0.15953449217857624 38
1743879506741 0.1587058311816154 39
1743879528611 0.1579151412342421 40
1743879550324 0.15723773707739616 41
1743879572347 0.15645172209208166 42
1743879594160 0.15582034011726154 43
1743879616042 0.15516440306266693 44
1743879637880 0.15458008636200404 45
1743879659614 0.15402403876699047 46
1743879681325 0.15351880817774602 47
1743879703310 0.15298279683255606 48
1743879725315 0.15313048554656244 49
