1743780126089 0.6446666717529297 0
1743780151134 0.8873500227928162 1
1743780176220 0.9196166396141052 2
1743780201699 0.9365666508674622 3
1743780226683 0.9464166760444641 4
1743780252274 0.9522666931152344 5
1743780277417 0.9570500254631042 6
1743780302372 0.9614333510398865 7
1743780327664 0.9634333252906799 8
1743780352510 0.9651833176612854 9
1743780377708 0.9685666561126709 10
1743780402595 0.9701833128929138 11
1743780427647 0.9715999960899353 12
1743780452737 0.9741166830062866 13
1743780478059 0.9747833609580994 14
1743780503263 0.9760500192642212 15
1743780528575 0.9764666557312012 16
1743780553855 0.9778333306312561 17
1743780579050 0.9789666533470154 18
1743780604239 0.9787499904632568 19
1743780629563 0.9798666834831238 20
1743780654508 0.9809166789054871 21
1743780679672 0.9821000099182129 22
1743780742125 0.9821833372116089 23
1743780828474 0.9841166734695435 24
1743780914893 0.9834833145141602 25
1743781001642 0.9850333333015442 26
1743781089979 0.9846166372299194 27
1743781176524 0.9853333234786987 28
1743781262355 0.9855666756629944 29
1743781349479 0.9865000247955322 30
1743781436530 0.9857166409492493 31
1743781523203 0.9872000217437744 32
1743781610403 0.9869833588600159 33
1743781696090 0.987933337688446 34
1743781782025 0.9880666732788086 35
1743781868213 0.9880333542823792 36
1743781954708 0.9892500042915344 37
1743782040881 0.9894499778747559 38
1743782127488 0.9897666573524475 39
1743782213993 0.9892833232879639 40
1743782248941 0.9896666407585144 41
1743782273965 0.9904500246047974 42
1743782298943 0.9894833564758301 43
1743782324009 0.991183340549469 44
1743782348850 0.9901833534240723 45
1743782373899 0.9903833270072937 46
1743782398926 0.9911333322525024 47
1743782424000 0.9908333420753479 48
1743782449177 0.991349995136261 49
