1743780126090 1.0296939991723784 0
1743780151135 0.38158030673043253 1
1743780176221 0.2771986310662822 2
1743780201700 0.21797417233238237 3
1743780226684 0.18503678475472377 4
1743780252275 0.16400924875624442 5
1743780277418 0.14708640977708828 6
1743780302373 0.13303488654919998 7
1743780327665 0.12338590940356828 8
1743780352511 0.11719673839764361 9
1743780377709 0.10615920066541423 10
1743780402596 0.10083271181950554 11
1743780427648 0.0941596528475739 12
1743780452738 0.08705851841675222 13
1743780478060 0.0839781281735442 14
1743780503264 0.07945493234504962 15
1743780528576 0.07731584122423428 16
1743780553856 0.0722364308935989 17
1743780579050 0.06849978941044292 18
1743780604239 0.06798691955339715 19
1743780629564 0.06475051360194133 20
1743780654509 0.06098362173214287 21
1743780679673 0.05772046930723442 22
1743780742126 0.05605376998012801 23
1743780828475 0.05202797913230825 24
1743780914893 0.05371433143791143 25
1743781001643 0.048075513085112605 26
1743781089980 0.04873391906509652 27
1743781176525 0.046344265197525894 28
1743781262356 0.04603043347693164 29
1743781349480 0.04425011615235635 30
1743781436531 0.04372705862626369 31
1743781523204 0.04073613722062727 32
1743781610404 0.04142121767762703 33
1743781696091 0.03744377228201043 34
1743781782026 0.03836615120263174 35
1743781868214 0.0374036028537298 36
1743781954709 0.03427766290162776 37
1743782040883 0.033754403811028955 38
1743782127489 0.032920431271774686 39
1743782213994 0.03482366749955728 40
1743782248942 0.03170953748586006 41
1743782273966 0.030367755676702708 42
1743782298944 0.03287981229443619 43
1743782324009 0.0272727580335365 44
1743782348851 0.03007140947472041 45
1743782373900 0.0290834013114664 46
1743782398927 0.027658566003107794 47
1743782424001 0.02918602244458921 48
1743782449178 0.02657148813231748 49
