1747591661662 0.44578482303407946 0
1747591669188 0.019950802493840514 1
1747591676488 0.004120795938958388 2
1747591683507 0.0019035360139942213 3
1747591690569 0.0010307717939749643 4
1747591697735 0.0009565091829744115 5
1747591705339 0.0009546950236716663 6
1747591713030 0.0008909397050061456 7
1747591720341 0.0007120944788027616 8
1747591727249 0.0009464218541407948 9
1747591734525 0.0007617382016334709 10
1747591742174 0.0008334870271291489 11
1747591749534 0.0006760263499623148 12
1747591756805 0.0007576257518603696 13
1747591764169 0.000624324022373589 14
1747591771416 0.0006010446183160054 15
1747591779007 0.0006208820077436342 16
1747591786215 0.0004851851367146098 17
1747591793372 0.0005447288512986153 18
1747591800575 0.0005264741830747823 19
1747591808075 0.0005304254697074656 20
1747591815987 0.000540406119461456 21
1747591823303 0.0005130941638569568 22
1747591830593 0.00048059286880092054 23
1747591837618 0.000506277469432259 24
1747591844724 0.0004516853043586255 25
1747591852404 0.00043967146426552385 26
1747591859860 0.0006317821309936613 27
1747591867050 0.00038023677790752116 28
1747591874248 0.0003994258611717113 29
1747591881442 0.00042486093080294123 30
1747591888891 0.0004290486740959411 31
1747591896611 0.0003998798266089317 32
1747591903901 0.0003791477177889073 33
1747591911211 0.00037371098519092913 34
1747591918505 0.00044275978861156156 35
1747591925845 0.00039839516094845705 36
1747591933578 0.0003743436108670859 37
1747591940923 0.0003310558397049382 38
1747591948341 0.0004517444098107278 39
1747591955540 0.0003551895500976488 40
1747591962600 0.0003314607930623248 41
1747591969962 0.0003242517453902216 42
1747591977218 0.0003324241704243738 43
1747591984487 0.00033396176204916614 44
1747591991869 0.00033676702518565854 45
1747591999273 0.00033988537408558494 46
1747592006998 0.00040007416227229206 47
1747592014390 0.0002813496539935233 48
1747592021416 0.0003299716335952011 49
