1747770876747 0.04374999925494194 0
1747770877047 0.0625 1
1747770877348 0.08579545468091965 2
1747770877644 0.06136363744735718 3
1747770877929 0.0625 4
1747770878163 0.06988636404275894 5
1747770878439 0.11874999850988388 6
1747770878731 0.11022727191448212 7
1747770879037 0.12443181872367859 8
1747770879417 0.16477273404598236 9
1747770879807 0.16761364042758942 10
1747770880134 0.18636363744735718 11
1747770880487 0.18409091234207153 12
1747770880870 0.20511363446712494 13
1747770881197 0.23693181574344635 14
1747770881568 0.2346590906381607 15
1747770881869 0.3136363625526428 16
1747770882166 0.33579546213150024 17
1747770882476 0.3499999940395355 18
1747770882784 0.36250001192092896 19
1747770883090 0.39375001192092896 20
1747770883385 0.4124999940395355 21
1747770883632 0.4272727370262146 22
1747770883913 0.4369318187236786 23
1747770884205 0.4693181812763214 24
1747770884522 0.4778409004211426 25
1747770884830 0.5 26
1747770885143 0.5017045736312866 27
1747770885499 0.5130681991577148 28
1747770885837 0.5164772868156433 29
1747770886199 0.5062500238418579 30
1747770886589 0.5017045736312866 31
1747770886807 0.5079545378684998 32
1747770887106 0.5596590638160706 33
1747770887389 0.6215909123420715 34
1747770887694 0.6625000238418579 35
1747770887998 0.6937500238418579 36
1747770888306 0.7147727012634277 37
1747770888540 0.71875 38
1747770888812 0.7096590995788574 39
1747770889104 0.7448863387107849 40
1747770889404 0.7431818246841431 41
1747770889721 0.7818182110786438 42
1747770890045 0.7744318246841431 43
1747770890378 0.7897727489471436 44
1747770890767 0.7857954502105713 45
1747770891104 0.7926136255264282 46
1747770891468 0.7903409004211426 47
1747770891860 0.7960227131843567 48
1747770892220 0.7914772629737854 49
