1747770876748 3.095751750341676 0
1747770877048 3.0913883431057987 1
1747770877349 3.0826959942206504 2
1747770877645 3.0734783807255224 3
1747770877931 3.05949435989283 4
1747770878164 3.00552264373633 5
1747770878441 2.8869115196302486 6
1747770878732 2.8529685031944623 7
1747770879039 2.8408295678449718 8
1747770879419 2.820844600776917 9
1747770879809 2.8024821835471463 10
1747770880136 2.7760436866443357 11
1747770880489 2.7379583359866113 12
1747770880872 2.6653062389487467 13
1747770881199 2.542558587213624 14
1747770881570 2.412574635868087 15
1747770881871 2.2502205352841655 16
1747770882168 2.173585431145519 17
1747770882478 2.125393820780877 18
1747770882786 2.0990482769099668 19
1747770883091 2.073757581934439 20
1747770883387 2.0432705790919887 21
1747770883634 2.015988530480354 22
1747770883914 1.9699515059877855 23
1747770884206 1.9117527902766465 24
1747770884523 1.8822498096406157 25
1747770884831 1.8576304045468393 26
1747770885145 1.8300043866401687 27
1747770885501 1.813392490449974 28
1747770885839 1.7726598746170084 29
1747770886201 1.7387575601173073 30
1747770886590 1.673171119019509 31
1747770886809 1.5971892801460597 32
1747770887107 1.456893627212889 33
1747770887390 1.3384822328429755 34
1747770887696 1.237411918223175 35
1747770888000 1.105735906797797 36
1747770888307 1.0335374819162866 37
1747770888541 0.979262373802338 38
1747770888813 0.9307324584048713 39
1747770889106 0.8943825902295403 40
1747770889406 0.8071988077565785 41
1747770889722 0.7564660675476439 42
1747770890047 0.7254300267381723 43
1747770890380 0.7031991242104362 44
1747770890769 0.6795741236305809 45
1747770891106 0.6574112500542412 46
1747770891470 0.6376643497032085 47
1747770891862 0.6254789970758158 48
1747770892222 0.6132524385120066 49
