1747771643273 3.0724008706038073 0
1747771643529 2.9663254374469585 1
1747771643862 2.835712687951735 2
1747771644195 2.6571651935716303 3
1747771644527 2.4515988395547366 4
1747771644792 2.1813759529290633 5
1747771645003 2.0163125243342352 6
1747771645219 1.8914154694198442 7
1747771645436 1.7279774527226957 8
1747771645654 1.5502617325534573 9
1747771645873 1.353104002789258 10
1747771646093 1.1947146752489426 11
1747771646312 1.0953180366731108 12
1747771646529 0.9659165911828618 13
1747771646749 0.8270892981475394 14
1747771646968 0.7477872504127218 15
1747771647188 0.6823521839860549 16
1747771647407 0.6421113984730809 17
1747771647626 0.5902512540919668 18
1747771647847 0.5236117412239406 19
1747771648068 0.48678422235667623 20
1747771648289 0.45726701137316655 21
1747771648570 0.43201791535610784 22
1747771648902 0.4312534668359708 23
1747771649235 0.40616397900738244 24
1747771649567 0.3887749130628761 25
1747771649803 0.3831208243524561 26
1747771650016 0.3703825344922559 27
1747771650232 0.35579219850200544 28
1747771650451 0.3670564937362154 29
1747771650671 0.3391683806182556 30
1747771650890 0.3473259611066709 31
1747771651112 0.3336086788269667 32
1747771651334 0.33022564823020567 33
1747771651554 0.32074989536347864 34
1747771651775 0.30863248489823375 35
1747771651996 0.31939448335897647 36
1747771652216 0.321242855581156 37
1747771652436 0.2895937571417386 38
1747771652657 0.2920407898285231 39
1747771652878 0.2869841572136835 40
1747771653100 0.30401671189671475 41
1747771653328 0.29286637881053673 42
1747771653646 0.27294460369348184 43
1747771653980 0.2720152857839241 44
1747771654315 0.26507624404935515 45
1747771654635 0.258209076018155 46
1747771654845 0.2540233379745894 47
1747771655063 0.26345589960828414 48
1747771655282 0.24933486114533507 49
