1743981478981 0.39372085108407684 0
1743981504755 0.1660418436236813 1
1743981530761 0.12429837240259968 2
1743981556858 0.10397922255805085 3
1743981582897 0.08704549272726571 4
1743981609093 0.07580892699562548 5
1743981635194 0.0717451889170934 6
1743981661364 0.06287544590864534 7
1743981687411 0.058449285909609405 8
1743981713630 0.052666210421780824 9
1743981739594 0.050468906274593314 10
1743981765757 0.04556187589351782 11
1743981791761 0.042315284867446436 12
1743981817802 0.03956708679016419 13
1743981843861 0.03985059949875657 14
1743981869922 0.03347575258554449 15
1743981895918 0.034885850047072044 16
1743981921725 0.031831313338470064 17
1743981947589 0.027881966978061334 18
1743981973562 0.03328857395983617 19
1743981999518 0.027679704647124697 20
1743982025447 0.028547467652862788 21
1743982051391 0.029579394857513704 22
1743982077709 0.02416129430134963 23
1743982103887 0.028171864305652834 24
1743982130116 0.02462521784239696 25
1743982156179 0.022679707431793577 26
1743982182120 0.02604885953601463 27
1743982208166 0.022896515172417923 28
1743982234165 0.022093238138656896 29
1743982260047 0.01602612880643537 30
1743982286117 0.022673775617121552 31
1743982312017 0.020314199556048684 32
1743982337941 0.02163831272913933 33
1743982363857 0.018712042978682616 34
1743982389853 0.020906653150439793 35
1743982416123 0.01715534823973353 36
1743982442427 0.023993363163958486 37
1743982468638 0.01754649910218405 38
1743982494746 0.019136822387463424 39
1743982520929 0.025591825336989737 40
1743982547117 0.012177091189085882 41
1743982573289 0.019861553520755606 42
1743982599182 0.01973386326258295 43
1743982625063 0.010167322885659328 44
1743982650994 0.011380207782745722 45
1743982677002 0.020394210764046624 46
1743982703064 0.01688590342442509 47
1743982729198 0.01206557902858774 48
1743982755370 0.012643420290447854 49
