1747770222598 nan 0
1747770222737 nan 1
1747770222874 nan 2
1747770223014 nan 3
1747770223156 nan 4
1747770223298 nan 5
1747770223439 nan 6
1747770223582 nan 7
1747770223725 nan 8
1747770223866 nan 9
1747770224006 nan 10
1747770224148 nan 11
1747770224318 nan 12
1747770224531 nan 13
1747770224745 nan 14
1747770224962 nan 15
1747770225178 nan 16
1747770225390 nan 17
1747770225605 nan 18
1747770225817 nan 19
1747770226035 nan 20
1747770226257 nan 21
1747770226473 nan 22
1747770226686 nan 23
1747770226829 nan 24
1747770226964 nan 25
1747770227108 nan 26
1747770227252 nan 27
1747770227395 nan 28
1747770227547 nan 29
1747770227710 nan 30
1747770227860 nan 31
1747770228017 nan 32
1747770228172 nan 33
1747770228332 nan 34
1747770228481 nan 35
1747770228634 nan 36
1747770228781 nan 37
1747770228926 nan 38
1747770229073 nan 39
1747770229223 nan 40
1747770229374 nan 41
1747770229520 nan 42
1747770229675 nan 43
1747770229837 nan 44
1747770229993 nan 45
1747770230150 nan 46
1747770230309 nan 47
1747770230481 nan 48
1747770230694 nan 49
