1747671608392 0.9149220585823059 0
1747671623704 0.9152035117149353 1
1747671638866 0.9153363704681396 2
1747671654064 0.9153324961662292 3
1747671669248 0.9152660369873047 4
1747671684569 0.9153950214385986 5
1747671699742 0.915285587310791 6
1747671715394 0.9152621030807495 7
1747671731113 0.9152777791023254 8
1747671747072 0.9152699112892151 9
1747671762484 0.9152425527572632 10
1747671778332 0.9152151942253113 11
1747671794261 0.9152191281318665 12
1747671810293 0.9152699112892151 13
1747671826200 0.9152973294258118 14
1747671842613 0.9154692888259888 15
1747671858841 0.9152777791023254 16
1747671873966 0.9153403043746948 17
1747671889344 0.9154849052429199 18
1747671904614 0.915355920791626 19
1747671920543 0.9154106378555298 20
1747671936587 0.9153090119361877 21
1747671952143 0.9154810309410095 22
1747671967432 0.9153012037277222 23
1747671982692 0.9154028296470642 24
1747671997914 0.9153363704681396 25
1747672013047 0.915414571762085 26
1747672028234 0.9155005812644958 27
1747672043261 0.9154653549194336 28
1747672058285 0.9153324961662292 29
1747672073458 0.9154692888259888 30
1747672088097 0.9154810309410095 31
1747672103219 0.9152699112892151 32
1747672118266 0.9154692888259888 33
1747672133217 0.9153520464897156 34
1747672148293 0.9154966473579407 35
1747672163544 0.9152973294258118 36
1747672179001 0.9153207540512085 37
1747672194578 0.9152777791023254 38
1747672209880 0.9153794050216675 39
1747672224486 0.9153872132301331 40
1747672239892 0.9154106378555298 41
1747672255730 0.9154419302940369 42
1747672271392 0.9153715372085571 43
1747672286107 0.9155396223068237 44
1747672301399 0.915473222732544 45
1747672316713 0.915457546710968 46
1747672331527 0.9153090119361877 47
1747672346896 0.9154536724090576 48
1747672361720 0.9154497385025024 49
