1747671608394 0.2528508361288568 0
1747671623705 0.23887329079760358 1
1747671638868 0.23812661237046748 2
1747671654065 0.23790134486944742 3
1747671669250 0.23785661238871927 4
1747671684571 0.23775511771407987 5
1747671699744 0.23752854766984904 6
1747671715395 0.23759834866219248 7
1747671731115 0.23760885051234015 8
1747671747073 0.23746112371396247 9
1747671762485 0.23740894539595628 10
1747671778333 0.23731478462687924 11
1747671794263 0.23741082740113736 12
1747671810296 0.23717838141371564 13
1747671826201 0.2371469210578459 14
1747671842614 0.23720511946259926 15
1747671858842 0.23718027813946854 16
1747671873967 0.23708513500512404 17
1747671889346 0.2370380064208021 18
1747671904615 0.23694461606419728 19
1747671920544 0.2369814627210637 20
1747671936589 0.23686044071181395 21
1747671952145 0.23684780264552543 22
1747671967434 0.236858794545996 23
1747671982693 0.2367746960020724 24
1747671997916 0.23663688547115067 25
1747672013049 0.23678128069608056 26
1747672028236 0.23666803738477707 27
1747672043263 0.23661301465525642 28
1747672058287 0.23667549723567194 29
1747672073459 0.23669760335485515 30
1747672088099 0.23666293344390374 31
1747672103221 0.2365767240711147 32
1747672118268 0.23654795731106 33
1747672133219 0.23669122217455968 34
1747672148294 0.23650461223735583 35
1747672163546 0.23653372930951336 36
1747672179003 0.2365107638298184 37
1747672194580 0.23655132277212063 38
1747672209882 0.23657082373525629 39
1747672224487 0.2365363143905123 40
1747672239894 0.23635779055826334 41
1747672255732 0.23638355803252398 42
1747672271397 0.2364501090212673 43
1747672286108 0.2364135915635398 44
1747672301401 0.23637856293623086 45
1747672316715 0.2363349075037156 46
1747672331529 0.23637571448282962 47
1747672346897 0.23641054703928882 48
1747672361722 0.23632331415980568 49
