1747770118136 0.040340907871723175 0
1747770118404 0.03181818127632141 1
1747770118663 0.06590908765792847 2
1747770118972 0.1198863610625267 3
1747770119239 0.17443181574344635 4
1747770119583 0.2397727221250534 5
1747770119857 0.2874999940395355 6
1747770120133 0.32443180680274963 7
1747770120383 0.36647728085517883 8
1747770120680 0.42443183064460754 9
1747770120966 0.4937500059604645 10
1747770121337 0.5295454263687134 11
1747770121672 0.5426136255264282 12
1747770122007 0.5687500238418579 13
1747770122836 0.5642045736312866 14
1747770123885 0.5869318246841431 15
1747770124302 0.5823863744735718 16
1747770124586 0.6238636374473572 17
1747770124834 0.6335227489471436 18
1747770125087 0.6511363387107849 19
1747770125382 0.6579545736312866 20
1747770125682 0.6704545617103577 21
1747770126042 0.6698863506317139 22
1747770126331 0.6846590638160706 23
1747770126605 0.6920454502105713 24
1747770126894 0.6977272629737854 25
1747770127183 0.699431836605072 26
1747770127545 0.7056818008422852 27
1747770127885 0.7073863744735718 28
1747770128254 0.7119318246841431 29
1747770128719 0.7164772748947144 30
1747770129383 0.730681836605072 31
1747770129982 0.7323863506317139 32
1747770130329 0.7426136136054993 33
1747770130632 0.7397727370262146 34
1747770131035 0.7437499761581421 35
1747770131443 0.7511363625526428 36
1747770131786 0.7579545378684998 37
1747770132253 0.7551136612892151 38
1747770132582 0.7556818127632141 39
1747770132890 0.7590909004211426 40
1747770133235 0.7596591114997864 41
1747770133612 0.7585227489471436 42
1747770133967 0.7613636255264282 43
1747770134288 0.7647727131843567 44
1747770134657 0.7653409242630005 45
1747770134965 0.769318163394928 46
1747770135221 0.768750011920929 47
1747770135496 0.7670454382896423 48
1747770135765 0.7789772748947144 49
