1747770118138 20.72127692767261 0
1747770118406 13.020701596570133 1
1747770118665 8.096501942192722 2
1747770118974 5.599779849788599 3
1747770119242 4.3498261044767546 4
1747770119587 3.603549353442937 5
1747770119859 3.1066322327049862 6
1747770120135 2.7605911470808513 7
1747770120386 2.517109781508599 8
1747770120682 2.26426874260368 9
1747770120969 2.0707322158856503 10
1747770121340 1.9938026251969003 11
1747770121675 1.9274432962477732 12
1747770122010 1.8814340888282932 13
1747770122844 1.827525289509922 14
1747770123888 1.7900222618103248 15
1747770124304 1.7096818592989984 16
1747770124588 1.5258380408022774 17
1747770124836 1.4472384655328663 18
1747770125089 1.4179983448949438 19
1747770125384 1.3828321338471123 20
1747770125685 1.3562099960158218 21
1747770126044 1.3401235371965179 22
1747770126333 1.3124077385131778 23
1747770126607 1.2879421679451675 24
1747770126896 1.27547549016464 25
1747770127186 1.2445938699645875 26
1747770127548 1.2289216858422722 27
1747770127888 1.2011739935277512 28
1747770128256 1.1934622693702568 29
1747770128724 1.1677392371494462 30
1747770129388 1.1544524295751395 31
1747770129986 1.1405012654160531 32
1747770130332 1.1211264761484263 33
1747770130635 1.113989225652655 34
1747770131039 1.0915786613825817 35
1747770131446 1.0824043022792627 36
1747770131791 1.0590407656257421 37
1747770132255 1.0454862045684619 38
1747770132585 1.0288358796656671 39
1747770132893 1.0180434365013764 40
1747770133238 0.985801824617287 41
1747770133615 0.9845280895523583 42
1747770133969 0.9742723225269135 43
1747770134291 0.9645424083284845 44
1747770134659 0.9464344851370186 45
1747770134967 0.9392514656625914 46
1747770135223 0.9246878002788314 47
1747770135498 0.9199044266832379 48
1747770135767 0.892465920160996 49
