1747725145230 0.2592115275008651 0
1747725161992 0.23865409942240168 1
1747725178341 0.23829732981246332 2
1747725194673 0.2381328469686234 3
1747725210450 0.23799627162267342 4
1747725226945 0.23787600585819466 5
1747725242701 0.23787558392070474 6
1747725259026 0.23768952279328104 7
1747725275987 0.2375690874227166 8
1747725292365 0.23751293429181533 9
1747725309065 0.23750536023290397 10
1747725325841 0.237284428931667 11
1747725341868 0.23733674258109416 12
1747725357810 0.23714046724972562 13
1747725375883 0.23720153038325426 14
1747725391188 0.2370807595225534 15
1747725408031 0.23710872558022783 16
1747725423927 0.2370483983074375 17
1747725440189 0.23703160695130543 18
1747725456795 0.2370329797343459 19
1747725473570 0.23701947642078042 20
1747725489987 0.23701395575707856 21
1747725506240 0.23686114687533333 22
1747725523006 0.23680324155595628 23
1747725538541 0.23689078988663292 24
1747725555130 0.23683504374043962 25
1747725571747 0.23667344873248586 26
1747725588243 0.23665173536906423 27
1747725604661 0.23653761004641277 28
1747725620446 0.2367415227192411 29
1747725636777 0.23661540609369638 30
1747725653329 0.236578120236789 31
1747725668821 0.23651690695899838 32
1747725685754 0.23654122511042075 33
1747725701524 0.23650003878267623 34
1747725717825 0.23645288770822145 35
1747725734345 0.2364348106901124 36
1747725750657 0.2363288571807224 37
1747725766873 0.23643506845979556 38
1747725783252 0.23630581520135177 39
1747725799848 0.23633588997043792 40
1747725816487 0.23626961487821194 41
1747725833290 0.23636486442059101 42
1747725849805 0.23631637291954632 43
1747725866334 0.2363689686477742 44
1747725883290 0.23630395839746066 45
1747725899675 0.23622285460280645 46
1747725915854 0.23618857768608126 47
1747725931198 0.23619031568824786 48
1747725948040 0.23609401602911342 49
