1747725145230 0.898352861404419 0
1747725161991 0.9146601557731628 1
1747725178340 0.9146679639816284 2
1747725194672 0.9147617816925049 3
1747725210449 0.9148399829864502 4
1747725226944 0.91512531042099 5
1747725242700 0.9152973294258118 6
1747725259025 0.9152073860168457 7
1747725275986 0.9152386784553528 8
1747725292365 0.9153950214385986 9
1747725309064 0.9153051376342773 10
1747725325840 0.9153168201446533 11
1747725341867 0.9152621030807495 12
1747725357809 0.9155005812644958 13
1747725375883 0.9152660369873047 14
1747725391187 0.9153989553451538 15
1747725408030 0.9153324961662292 16
1747725423927 0.9154927134513855 17
1747725440188 0.9152894616127014 18
1747725456794 0.9152582287788391 19
1747725473569 0.9153950214385986 20
1747725489986 0.9153832793235779 21
1747725506240 0.9154184460639954 22
1747725523006 0.9153754711151123 23
1747725538540 0.9152582287788391 24
1747725555129 0.9154419302940369 25
1747725571746 0.9153754711151123 26
1747725588242 0.915355920791626 27
1747725604660 0.9154028296470642 28
1747725620445 0.9154458045959473 29
1747725636776 0.9155240058898926 30
1747725653328 0.9155552983283997 31
1747725668821 0.9156100153923035 32
1747725685753 0.915574848651886 33
1747725701523 0.9154341220855713 34
1747725717825 0.9154888391494751 35
1747725734344 0.9154770970344543 36
1747725750657 0.9152660369873047 37
1747725766873 0.9154966473579407 38
1747725783250 0.9154497385025024 39
1747725799847 0.9155279397964478 40
1747725816486 0.9154263138771057 41
1747725833289 0.9153637290000916 42
1747725849804 0.9153403043746948 43
1747725866333 0.9156138896942139 44
1747725883289 0.9155318140983582 45
1747725899674 0.9154458045959473 46
1747725915853 0.9154653549194336 47
1747725931197 0.9154614806175232 48
1747725948039 0.9154536724090576 49
