1743867851246 0.2260797543846763 0
1743867874404 0.20397454440519913 1
1743867897654 0.19918149627952392 2
1743867920872 0.2110545837830069 3
1743867943953 0.19566590311537138 4
1743867967349 0.1917523923090006 5
1743867990606 0.19032554544916364 6
1743868013766 0.1827600585321707 7
1743868036781 0.18143661979321285 8
1743868059594 0.17821575366926962 9
1743868082827 0.17514379638704516 10
1743868106146 0.1726832806711133 11
1743868128972 0.16902144719811532 12
1743868151553 0.16825565129158931 13
1743868174367 0.16525608541281206 14
1743868196968 0.16341813463069615 15
1743868220112 0.16117213802684444 16
1743868243165 0.159297562881352 17
1743868266118 0.15788472451664923 18
1743868289298 0.1556738284383403 19
1743868312498 0.15435747428129287 20
1743868335677 0.15149270790620675 21
1743868358835 0.14909472189615983 22
1743868381908 0.14716156642907946 23
1743868404640 0.14427782139132514 24
1743868427848 0.1418023221232904 25
1743868450892 0.1396186423898229 26
1743868474104 0.13652361455192027 27
1743868497169 0.13296432210180245 28
1743868520428 0.13040247276702283 29
1743868543659 0.1276940266029354 30
1743868566991 0.1251668610597901 31
1743868590142 0.12200671074580294 32
1743868613058 0.1189235957658822 33
1743868636049 0.11668938240502097 34
1743868659287 0.11369731276674996 35
1743868682679 0.11138944429499191 36
1743868705668 0.10910253084507389 37
1743868728590 0.10770998972703284 38
1743868751716 0.10527821659434228 39
1743868774674 0.10285545995715298 40
1743868797650 0.10094032935923897 41
1743868820770 0.09867461118022793 42
1743868843874 0.09708822416766007 43
1743868867081 0.0942860372429255 44
1743868890280 0.09327442616603629 45
1743868913201 0.09190702117294491 46
1743868936158 0.090038719884653 47
1743868958790 0.08840785724331196 48
1743868981514 0.08649675737995029 49
