1743709806811 0.9340000152587891 0
1743709830490 0.9381333589553833 1
1743709854283 0.9386666417121887 2
1743709878166 0.9401333332061768 3
1743709902121 0.9426500201225281 4
1743709925981 0.9431333541870117 5
1743709949949 0.9455833435058594 6
1743709973774 0.9462500214576721 7
1743709997651 0.9472166895866394 8
1743710021443 0.9487333297729492 9
1743710045040 0.9484666585922241 10
1743710068734 0.9495499730110168 11
1743710092688 0.9503333568572998 12
1743710116349 0.9506166577339172 13
1743710140285 0.9514999985694885 14
1743710164116 0.9524000287055969 15
1743710187854 0.9541833400726318 16
1743710211747 0.9538999795913696 17
1743710235791 0.9530333280563354 18
1743710259571 0.9541333317756653 19
1743710283258 0.9544666409492493 20
1743710306858 0.9545333385467529 21
1743710330769 0.95496666431427 22
1743710354672 0.9557499885559082 23
1743710378531 0.9556000232696533 24
1743710402350 0.9571166634559631 25
1743710426069 0.956683337688446 26
1743710449866 0.9577166438102722 27
1743710473698 0.9572666883468628 28
1743710497725 0.9576333165168762 29
1743710521628 0.9584000110626221 30
1743710545390 0.9570500254631042 31
1743710569027 0.9592999815940857 32
1743710592817 0.9593666791915894 33
1743710616795 0.9591333270072937 34
1743710640507 0.9594500064849854 35
1743710664461 0.9606999754905701 36
1743710688327 0.9608666896820068 37
1743710712319 0.9594833254814148 38
1743710736376 0.9609166383743286 39
1743710760151 0.9606833457946777 40
1743710784083 0.9607999920845032 41
1743710807747 0.9604166746139526 42
1743710831329 0.9612500071525574 43
1743710855097 0.9607666730880737 44
1743710878863 0.9618833065032959 45
1743710902486 0.9612333178520203 46
1743710926166 0.9617833495140076 47
1743710950146 0.9624666571617126 48
1743710973958 0.9632666707038879 49
