1743752224247 0.371737963464743 0
1743752248067 0.1891396403567509 1
1743752271827 0.1361217221223292 2
1743752295473 0.11147838303907658 3
1743752319170 0.09497603775578263 4
1743752343027 0.08488016223046022 5
1743752367092 0.0744786713066396 6
1743752390795 0.0702676721031952 7
1743752414502 0.06116576169564315 8
1743752438313 0.05773553529623307 9
1743752462112 0.05200708562604246 10
1743752486081 0.05049002566622535 11
1743752509970 0.045117682071306474 12
1743752533700 0.04060093603734471 13
1743752557740 0.040537798788353514 14
1743752581495 0.037835273231414834 15
1743752605500 0.034888422870103346 16
1743752629473 0.036112373468456305 17
1743752653519 0.03333934904753378 18
1743752677369 0.02999621919571039 19
1743752701360 0.029126237188718828 20
1743752725411 0.027440165980880667 21
1743752749221 0.026764866536824857 22
1743752773066 0.021436563418859297 23
1743752797019 0.02650904563556356 24
1743752820973 0.024965676622413394 25
1743752844844 0.021200304119310873 26
1743752868652 0.020747197434651633 27
1743752892372 0.019338762265173903 28
1743752916180 0.017623831129036812 29
1743752940140 0.021739741471549237 30
1743752963899 0.018674358695451827 31
1743752987847 0.016715627207279978 32
1743753011804 0.01910208755493611 33
1743753035565 0.01663360183137889 34
1743753059282 0.01665212060476698 35
1743753083150 0.016207462294058245 36
1743753107143 0.018529455309792178 37
1743753130882 0.013633525311462674 38
1743753154708 0.01708478785031418 39
1743753178542 0.012470018482830808 40
1743753202265 0.017732837716503646 41
1743753225845 0.013241046107556675 42
1743753249744 0.012743115362642615 43
1743753273640 0.014927894980071485 44
1743753297733 0.015703604212657086 45
1743753346365 0.01120814951858224 46
1743753397260 0.010294811702838462 47
1743753448083 0.016702680874959266 48
1743753499149 0.014462582584119381 49
