1743752224246 0.8898666501045227 0
1743752248066 0.9442999958992004 1
1743752271826 0.9592166543006897 2
1743752295472 0.9663333296775818 3
1743752319169 0.970633327960968 4
1743752343026 0.9734333157539368 5
1743752367091 0.9768166542053223 6
1743752390794 0.9778833389282227 7
1743752414501 0.9801833629608154 8
1743752438312 0.9815000295639038 9
1743752462111 0.9832333326339722 10
1743752486080 0.9837499856948853 11
1743752509969 0.985450029373169 12
1743752533699 0.9868333339691162 13
1743752557739 0.9867166876792908 14
1743752581494 0.9872166514396667 15
1743752605499 0.9886666536331177 16
1743752629472 0.9876999855041504 17
1743752653519 0.989133358001709 18
1743752677368 0.9898333549499512 19
1743752701359 0.9897500276565552 20
1743752725410 0.9906666874885559 21
1743752749220 0.9910666942596436 22
1743752773065 0.9927666783332825 23
1743752797018 0.9913666844367981 24
1743752820972 0.9915833473205566 25
1743752844843 0.9929666519165039 26
1743752868651 0.9927499890327454 27
1743752892372 0.9930333495140076 28
1743752916179 0.9942166805267334 29
1743752940139 0.9928333163261414 30
1743752963898 0.9932666420936584 31
1743752987846 0.9941666722297668 32
1743753011803 0.9932500123977661 33
1743753035564 0.9944000244140625 34
1743753059281 0.9944333434104919 35
1743753083150 0.9944166541099548 36
1743753107142 0.9938833117485046 37
1743753130881 0.9952999949455261 38
1743753154708 0.9941999912261963 39
1743753178541 0.9959333539009094 40
1743753202264 0.9939000010490417 41
1743753225844 0.9955666661262512 42
1743753249743 0.9955833554267883 43
1743753273639 0.9948166608810425 44
1743753297733 0.994783341884613 45
1743753346364 0.9959333539009094 46
1743753397259 0.996399998664856 47
1743753448083 0.9944000244140625 48
1743753499148 0.9951666593551636 49
