1747771132112 0.20113636553287506 0
1747771132397 0.4221591055393219 1
1747771132716 0.5971590876579285 2
1747771133065 0.7340909242630005 3
1747771133435 0.8039772510528564 4
1747771134552 0.8602272868156433 5
1747771136333 0.8926136493682861 6
1747771138441 0.9096590876579285 7
1747771139928 0.925000011920929 8
1747771141180 0.9272727370262146 9
1747771142428 0.9340909123420715 10
1747771142729 0.9431818127632141 11
1747771142981 0.9363636374473572 12
1747771143289 0.9323863387107849 13
1747771143556 0.9517045617103577 14
1747771143883 0.9534090757369995 15
1747771144138 0.9482954740524292 16
1747771144467 0.9579545259475708 17
1747771144734 0.9556818008422852 18
1747771145063 0.9511363506317139 19
1747771145389 0.9539772868156433 20
1747771145801 0.9511363506317139 21
1747771146168 0.9613636136054993 22
1747771146591 0.9659090638160706 23
1747771146967 0.9551136493682861 24
1747771147386 0.9539772868156433 25
1747771147724 0.9596590995788574 26
1747771148061 0.9602272510528564 27
1747771148343 0.9653409123420715 28
1747771148673 0.9642045497894287 29
1747771148945 0.956818163394928 30
1747771149269 0.9670454263687134 31
1747771149545 0.9579545259475708 32
1747771149876 0.9590908885002136 33
1747771150169 0.9585227370262146 34
1747771150508 0.9573863744735718 35
1747771150792 0.96875 36
1747771151128 0.9676136374473572 37
1747771151438 0.9676136374473572 38
1747771151858 0.9698863625526428 39
1747771152232 0.9676136374473572 40
1747771152665 0.9704545736312866 41
1747771153059 0.9670454263687134 42
1747771153513 0.9659090638160706 43
1747771153861 0.9681817889213562 44
1747771156466 0.9630681872367859 45
1747771158165 0.9721590876579285 46
1747771159471 0.9738636612892151 47
1747771161411 0.9642045497894287 48
1747771163623 0.9664772748947144 49
