1747771132115 3.162134880974737 0
1747771132399 2.1016803499453958 1
1747771132719 1.5927817684117447 2
1747771133069 1.1257067096214484 3
1747771133438 0.8105749725655115 4
1747771134555 0.5219016288709154 5
1747771136335 0.3748618170391045 6
1747771138444 0.24588928086783432 7
1747771139931 0.22112184465098764 8
1747771141184 0.2049796874415958 9
1747771142431 0.18468252879601252 10
1747771142732 0.16210522245001482 11
1747771142983 0.1574135155676601 12
1747771143291 0.16977947641728605 13
1747771143558 0.1277860901116153 14
1747771143886 0.12429035922948749 15
1747771144141 0.1350423602108995 16
1747771144469 0.11315248874940982 17
1747771144736 0.11841217175695577 18
1747771145066 0.14380383714873282 19
1747771145392 0.11949708596321991 20
1747771145804 0.11949817221268509 21
1747771146172 0.10540873834338801 22
1747771146595 0.09243154491652474 23
1747771146971 0.10196505721746453 24
1747771147389 0.11344051422154822 25
1747771147727 0.10017950024598507 26
1747771148063 0.10267699244276222 27
1747771148346 0.08923128550243989 28
1747771148675 0.0963028650968729 29
1747771148948 0.10513228755259296 30
1747771149271 0.09015260094788065 31
1747771149547 0.09830018447423018 32
1747771149878 0.0924924647665348 33
1747771150172 0.11001742420032153 34
1747771150511 0.1042604501877683 35
1747771150795 0.0855369862867611 36
1747771151131 0.08227957597393938 37
1747771151442 0.09002395439604931 38
1747771151862 0.08165881699325438 39
1747771152235 0.079004819585097 40
1747771152668 0.07604044716297667 41
1747771153063 0.07564602659283526 42
1747771153516 0.08627920506280552 43
1747771153865 0.07859238199682142 44
1747771156469 0.0912812557756285 45
1747771158168 0.06753595601996785 46
1747771159474 0.07150464141360004 47
1747771161413 0.08633264835206447 48
1747771163625 0.08689675460172534 49
