1743846271295 0.8709999918937683 0
1743846295212 0.9367166757583618 1
1743846319356 0.9533666372299194 2
1743846343533 0.9628833532333374 3
1743846367696 0.9678166508674622 4
1743846391893 0.9711166620254517 5
1743846415968 0.9739000201225281 6
1743846439654 0.9764166474342346 7
1743846463814 0.9781333208084106 8
1743846487787 0.9799666404724121 9
1743846511622 0.9810166954994202 10
1743846535651 0.9817166924476624 11
1743846559547 0.9825166463851929 12
1743846583598 0.9840666651725769 13
1743846607562 0.98458331823349 14
1743846631647 0.9862499833106995 15
1743846655762 0.9867166876792908 16
1743846679883 0.9864833354949951 17
1743846703835 0.9885333180427551 18
1743846728071 0.9885500073432922 19
1743846752305 0.9892666935920715 20
1743846776442 0.9898333549499512 21
1743846800571 0.9903500080108643 22
1743846824719 0.989633321762085 23
1743846848944 0.9908999800682068 24
1743846872996 0.9914666414260864 25
1743846897054 0.9916499853134155 26
1743846921014 0.9926666617393494 27
1743846944866 0.9920666813850403 28
1743846968657 0.9925833344459534 29
1743846992592 0.9918166399002075 30
1743847016478 0.9931333065032959 31
1743847040442 0.9942166805267334 32
1743847064438 0.9935833215713501 33
1743847088361 0.9931833148002625 34
1743847112337 0.9929166436195374 35
1743847136073 0.9948999881744385 36
1743847160094 0.9938499927520752 37
1743847183784 0.9935833215713501 38
1743847208002 0.994183361530304 39
1743847232217 0.9948833584785461 40
1743847256462 0.994350016117096 41
1743847280788 0.9939500093460083 42
1743847304758 0.9957000017166138 43
1743847328562 0.9943666458129883 44
1743847352555 0.9954333305358887 45
1743847376674 0.9950666427612305 46
1743847400723 0.9948166608810425 47
1743847424875 0.9952166676521301 48
1743847448636 0.9955499768257141 49
