1743846271296 0.43114820407834825 0
1743846295213 0.21693385715214994 1
1743846319357 0.1571150065204418 2
1743846343535 0.12451334821377841 3
1743846367697 0.10640477653919993 4
1743846391894 0.09502436588967239 5
1743846415969 0.0850223929973492 6
1743846439655 0.07605703161741818 7
1743846463816 0.07015797880122163 8
1743846487789 0.06351329089785203 9
1743846511624 0.06069279787849901 10
1743846535652 0.057604981023708264 11
1743846559548 0.05325857142705045 12
1743846583599 0.049173355867407426 13
1743846607563 0.04744551006871292 14
1743846631648 0.04247718997220234 15
1743846655763 0.040318680314059024 16
1743846679884 0.03962307195384677 17
1743846703836 0.035427054095321216 18
1743846728072 0.03509641227978213 19
1743846752305 0.033138365410411576 20
1743846776443 0.03107637595689133 21
1743846800572 0.028813777129245172 22
1743846824720 0.030807562345130008 23
1743846848945 0.02730493106564206 24
1743846872997 0.025235595306465908 25
1743846897055 0.02562007988991064 26
1743846921015 0.021315995824675225 27
1743846944867 0.02416414139094457 28
1743846968658 0.02216615978984998 29
1743846992593 0.024147640266731437 30
1743847016479 0.020663974828424917 31
1743847040443 0.017153736895822603 32
1743847064439 0.019404437126421856 33
1743847088362 0.019920340989973667 34
1743847112338 0.0200869333490018 35
1743847136074 0.015990883743227876 36
1743847160095 0.018167450346657548 37
1743847183785 0.019330880161774207 38
1743847208003 0.017869178327403545 39
1743847232218 0.014971474095112227 40
1743847256464 0.01680449289641832 41
1743847280789 0.017713498328812954 42
1743847304759 0.013079881310581598 43
1743847328563 0.01700592697898664 44
1743847352556 0.012949461165169924 45
1743847376675 0.014615332226768347 46
1743847400724 0.014908076295176285 47
1743847424876 0.013397638425508496 48
1743847448637 0.012090719974932898 49
