1743887316171 0.3287339176845351 0
1743887337669 0.23969200597657409 1
1743887359572 0.2266527262966398 2
1743887381392 0.21785948569782604 3
1743887403272 0.2082687311739711 4
1743887425095 0.2012726548107208 5
1743887447099 0.19611063911987955 6
1743887468960 0.19129328598696968 7
1743887490955 0.1870647490264881 8
1743887512885 0.18280877551848856 9
1743887534726 0.17959912926747149 10
1743887556510 0.17708366323799207 11
1743887578443 0.17498295484205206 12
1743887600346 0.1730571535479427 13
1743887622158 0.1711405421847547 14
1743887644051 0.1691559615553456 15
1743887665719 0.16723423266233045 16
1743887687819 0.16536555971536018 17
1743887709700 0.1636906827457239 18
1743887731667 0.1618104340480715 19
1743887753650 0.16025650713275147 20
1743887775527 0.15897773528922107 21
1743887797342 0.1575811423077135 22
1743887819051 0.15618770643849117 23
1743887841041 0.15497771386746576 24
1743887862692 0.153816976307589 25
1743887884581 0.1529810046684536 26
1743887906388 0.1519422920976717 27
1743887928151 0.15091689736423164 28
1743887949946 0.14996350392028968 29
1743887971648 0.14930451324511534 30
1743887993406 0.14853246390427227 31
1743888015437 0.1478669356468686 32
1743888037432 0.14714979446208254 33
1743888059372 0.14647729636183518 34
1743888081535 0.14589977488007794 35
1743888103341 0.14518000762503816 36
1743888125366 0.1445412870421261 37
1743888147404 0.14391318441722323 38
1743888169494 0.14325031520284706 39
1743888191583 0.14266358830695683 40
1743888213666 0.14209518849766706 41
1743888235674 0.14154771637359354 42
1743888257556 0.14120562062301795 43
1743888279565 0.1413846803377407 44
1743888301549 0.14062843177101686 45
1743888323440 0.13996394796933578 46
1743888345343 0.13962622164530972 47
1743888367271 0.13920461613183535 48
1743888389563 0.13879321930121713 49
