1743947075867 0.2828904986381531 0
1743947100710 0.26477810740470886 1
1743947125479 0.2522205114364624 2
1743947150323 0.24249114096164703 3
1743947175288 0.23474793136119843 4
1743947200105 0.22848546504974365 5
1743947224928 0.22283779084682465 6
1743947249827 0.21956948935985565 7
1743947274978 0.28140002489089966 8
1743947299960 0.28081491589546204 9
1743947324818 0.2571442723274231 10
1743947349586 0.24882227182388306 11
1743947374309 0.24045301973819733 12
1743947399115 0.23417089879512787 13
1743947423931 0.23039068281650543 14
1743947448802 0.2247733473777771 15
1743947473659 0.2213708609342575 16
1743947498529 0.21880511939525604 17
1743947523583 0.2162553369998932 18
1743947548386 0.21433530747890472 19
1743947573297 0.21185927093029022 20
1743947598107 0.20929700136184692 21
1743947622842 0.20671330392360687 22
1743947647726 0.20479650795459747 23
1743947672616 0.2022884339094162 24
1743947697417 0.2003994733095169 25
1743947722130 0.19816137850284576 26
1743947746837 0.19653423130512238 27
1743947771871 0.1949429214000702 28
1743947796802 0.19333969056606293 29
1743947821633 0.19196926057338715 30
1743947846585 0.19056245684623718 31
1743947871529 0.1889854222536087 32
1743947896393 0.18824158608913422 33
1743947921213 0.18748585879802704 34
1743947946167 0.18614426255226135 35
1743947971148 0.18489974737167358 36
1743947995929 0.1841244250535965 37
1743948020837 0.18330644071102142 38
1743948045861 0.18221862614154816 39
1743948070875 0.18126283586025238 40
1743948095517 0.18099460005760193 41
1743948120245 0.1792963445186615 42
1743948144950 0.1791333705186844 43
1743948169767 0.17802800238132477 44
1743948194617 0.17731429636478424 45
1743948219466 0.176445871591568 46
1743948244365 0.17587986588478088 47
1743948269082 0.17537908256053925 48
1743948294189 0.17472687363624573 49
