1743879833797 0.3419375901181726 0
1743879855617 0.24671124910254982 1
1743879877431 0.2254728080526731 2
1743879899088 0.21266117717965044 3
1743879920927 0.20587082337645965 4
1743879942992 0.20048578653711074 5
1743879964743 0.19681677653966065 6
1743879986629 0.19395543287421368 7
1743880008493 0.19152730085682265 8
1743880030293 0.18910219080565427 9
1743880052213 0.18657141489777687 10
1743880074419 0.1841053137808715 11
1743880096245 0.18176292940080832 12
1743880118248 0.17965447847707877 13
1743880140217 0.17832193128514084 14
1743880161873 0.1760702695631357 15
1743880183719 0.17459617874462224 16
1743880205674 0.17329984245443142 17
1743880227717 0.17190927864482147 18
1743880249600 0.17063417023613361 19
1743880271686 0.1693370699267262 20
1743880293321 0.1681212278900457 21
1743880315248 0.16687518126135473 22
1743880336981 0.1657703114935119 23
1743880358644 0.16509662844630332 24
1743880380820 0.16357471662841372 25
1743880402681 0.16355905694055034 26
1743880424659 0.16190667049904786 27
1743880446805 0.16089405930230272 28
1743880468738 0.16062875576014557 29
1743880490623 0.15962670510032345 30
1743880512539 0.15870161401618527 31
1743880534457 0.15785465201680524 32
1743880556268 0.16069670818209442 33
1743880578157 0.15703231526650768 34
1743880600186 0.15593220245964587 35
1743880621984 0.1552527891419417 36
1743880644134 0.1549092840227312 37
1743880665791 0.15385570139529758 38
1743880687526 0.1532321235459557 39
1743880709446 0.15245505793788383 40
1743880731588 0.1527447521640366 41
1743880753722 0.15206601704038158 42
1743880775603 0.1511415788661223 43
1743880797365 0.15015653467463616 44
1743880819310 0.14952351805522981 45
1743880841035 0.1498899863237163 46
1743880862897 0.1492746446347961 47
1743880884779 0.148061265084323 48
1743880906797 0.14735594049743841 49
