1743931623980 0.3043331170949994 0
1743931646848 0.26649864560215725 1
1743931669831 0.2665626475886927 2
1743931692779 0.26645170157502523 3
1743931715821 0.2663275719782975 4
1743931738869 0.24408890443085818 5
1743931761741 0.2271104541481552 6
1743931784537 0.21332370885986615 7
1743931807259 0.20438874473843088 8
1743931830328 0.19694178565883075 9
1743931853375 0.1916895187866366 10
1743931876278 0.18737471955539756 11
1743931899002 0.18353227211440595 12
1743931921802 0.18035221515993674 13
1743931944842 0.17748410825774974 14
1743931967866 0.17476520463686426 15
1743931990958 0.17237273393918068 16
1743932013833 0.17036804198602637 17
1743932036581 0.16847101662565472 18
1743932059449 0.16675132044150007 19
1743932082363 0.16496514817399963 20
1743932105529 0.1632089089101622 21
1743932128389 0.16172899611869068 22
1743932151563 0.1603684290539488 23
1743932174601 0.15862779520578474 24
1743932197664 0.15731143272193074 25
1743932220740 0.1560982477572312 26
1743932243594 0.15491462017772617 27
1743932266699 0.15371715974203132 28
1743932289897 0.1524005720447468 29
1743932312918 0.15117581486885853 30
1743932335916 0.15008420190902894 31
1743932359232 0.14910241766497634 32
1743932382306 0.14811268277604478 33
1743932405240 0.14707503573078087 34
1743932428245 0.1462329892793278 35
1743932451459 0.1455020173824236 36
1743932474492 0.14435153585463487 37
1743932497608 0.14362003484140248 38
1743932520851 0.14288701544279203 39
1743932543698 0.14208907958484546 40
1743932566614 0.14123399498282455 41
1743932589533 0.14061785631843562 42
1743932612496 0.13982638257821464 43
1743932635360 0.13903879310474204 44
1743932658285 0.1384095749840936 45
1743932681224 0.13787257861267002 46
1743932704239 0.13705975751737257 47
1743932727347 0.13634120719757753 48
1743932750314 0.13576275322668807 49
