1743931623978 0.35664960741996765 0
1743931646847 0.31806451082229614 1
1743931669830 0.3181522786617279 2
1743931692777 0.31811684370040894 3
1743931715819 0.3181375563144684 4
1743931738867 0.2877899408340454 5
1743931761740 0.2738988399505615 6
1743931784536 0.2625715732574463 7
1743931807258 0.2557903826236725 8
1743931830326 0.24943453073501587 9
1743931853374 0.24497868120670319 10
1743931876277 0.24135401844978333 11
1743931899000 0.23809415102005005 12
1743931921801 0.23550112545490265 13
1743931944841 0.2331361025571823 14
1743931967864 0.23099829256534576 15
1743931990957 0.22899222373962402 16
1743932013832 0.22727783024311066 17
1743932036580 0.22562338411808014 18
1743932059447 0.2241896092891693 19
1743932082362 0.22259235382080078 20
1743932105528 0.22093184292316437 21
1743932128388 0.21985775232315063 22
1743932151561 0.2185528725385666 23
1743932174600 0.21716120839118958 24
1743932197662 0.21632948517799377 25
1743932220739 0.21518772840499878 26
1743932243593 0.21434929966926575 27
1743932266698 0.21329931914806366 28
1743932289896 0.21216145157814026 29
1743932312917 0.21116332709789276 30
1743932335915 0.21022889018058777 31
1743932359231 0.20944717526435852 32
1743932382304 0.20851823687553406 33
1743932405238 0.20748460292816162 34
1743932428244 0.20688050985336304 35
1743932451457 0.20613443851470947 36
1743932474491 0.20484110713005066 37
1743932497607 0.20440170168876648 38
1743932520850 0.20378567278385162 39
1743932543696 0.20310436189174652 40
1743932566613 0.2024567574262619 41
1743932589531 0.2017659693956375 42
1743932612495 0.20128268003463745 43
1743932635359 0.20052982866764069 44
1743932658284 0.19997644424438477 45
1743932681223 0.19955892860889435 46
1743932704237 0.19858279824256897 47
1743932727345 0.19820532202720642 48
1743932750312 0.1975744068622589 49
