1747770828680 0.08295454829931259 0
1747770828927 0.18465909361839294 1
1747770829173 0.15795454382896423 2
1747770829461 0.17954544723033905 3
1747770829739 0.18863636255264282 4
1747770830024 0.2232954502105713 5
1747770830300 0.31590908765792847 6
1747770830563 0.3346590995788574 7
1747770830872 0.36704546213150024 8
1747770831212 0.4056818187236786 9
1747770831554 0.44999998807907104 10
1747770831897 0.5244318246841431 11
1747770832248 0.5482954382896423 12
1747770832591 0.6107954382896423 13
1747770832934 0.6585227251052856 14
1747770833251 0.6948863863945007 15
1747770833508 0.7045454382896423 16
1747770833788 0.7124999761581421 17
1747770834092 0.7767045497894287 18
1747770834364 0.7909091114997864 19
1747770834638 0.8045454621315002 20
1747770834902 0.8113636374473572 21
1747770835166 0.8130682110786438 22
1747770835447 0.8193181753158569 23
1747770835752 0.8448863625526428 24
1747770836022 0.8482954502105713 25
1747770836299 0.8420454263687134 26
1747770836598 0.8477272987365723 27
1747770836894 0.84375 28
1747770837274 0.8681818246841431 29
1747770837628 0.863068163394928 30
1747770837981 0.8613636493682861 31
1747770838353 0.863068163394928 32
1747770838718 0.862500011920929 33
1747770839086 0.8710227012634277 34
1747770839409 0.8659090995788574 35
1747770839658 0.8761363625526428 36
1747770839914 0.8693181872367859 37
1747770840177 0.8812500238418579 38
1747770840436 0.8812500238418579 39
1747770840690 0.887499988079071 40
1747770840946 0.8835227489471436 41
1747770841201 0.8926136493682861 42
1747770841462 0.8914772868156433 43
1747770841749 0.8886363506317139 44
1747770842024 0.8948863744735718 45
1747770842289 0.9039772748947144 46
1747770842548 0.9028409123420715 47
1747770842804 0.9045454263687134 48
1747770843064 0.9051136374473572 49
