1743901179913 0.14344173574267283 0
1743901204559 0.12112844448439188 1
1743901229795 0.102257332707152 2
1743901254955 0.10195392301842289 3
1743901280103 0.09666526333007475 4
1743901304929 0.07280028735195034 5
1743901330158 0.0793479056155316 6
1743901355091 0.05807428100543333 7
1743901380445 0.06956654312495486 8
1743901405369 0.048308320039337195 9
1743901430027 0.049723700737663315 10
1743901454694 0.03851798959656757 11
1743901479622 0.034973986039285754 12
1743901504508 0.04862321475010698 13
1743901528919 0.03300790258202381 14
1743901553731 0.02583429582641847 15
1743901578799 0.03519532200489115 16
1743901603367 0.022428412025229494 17
1743901628178 0.03966833100717696 18
1743901653319 0.0190161637939473 19
1743901678295 0.0194868074578029 20
1743901703230 0.0170872714318432 21
1743901728124 0.0158664294019561 22
1743901753070 0.06133340751302446 23
1743901777743 0.022229500689348633 24
1743901802590 0.014343976003689578 25
1743901827158 0.012741763048837259 26
1743901851857 0.012526328439879 27
1743901876391 0.013538609831664444 28
1743901901321 0.013378499170469828 29
1743901926412 0.01384311915867051 30
1743901951530 0.012238700245878385 31
1743901976746 0.012228150040752341 32
1743902001889 0.012028632220612729 33
1743902027058 0.05832407075870043 34
1743902052416 0.009829746801314041 35
1743902077647 0.005834691410153006 36
1743902102745 0.0067444350614235685 37
1743902127568 0.010619034043358651 38
1743902152435 0.008784744603438806 39
1743902177350 0.009228272750183177 40
1743902202375 0.010394936678035118 41
1743902227651 0.010151098952141245 42
1743902252399 0.009129968462509068 43
1743902277148 0.010762667356134537 44
1743902302037 0.007346377183430984 45
1743902326680 0.008191718372682271 46
1743902351317 0.009725019802305047 47
1743902376376 0.019144218684892654 48
1743902401126 0.0021133896114823216 49
