1747770270091 20.25636100769043 0
1747770270208 14.093008041381836 1
1747770270320 9.349213600158691 2
1747770270428 6.344661712646484 3
1747770270541 4.3280253410339355 4
1747770270644 3.1488943099975586 5
1747770270748 2.5299198627471924 6
1747770270858 2.1296591758728027 7
1747770270967 1.8602057695388794 8
1747770271092 1.681962251663208 9
1747770271205 1.554962396621704 10
1747770271311 1.4389163255691528 11
1747770271411 1.3509714603424072 12
1747770271512 1.2497713565826416 13
1747770271615 1.1812645196914673 14
1747770271717 1.112934947013855 15
1747770271823 1.05470871925354 16
1747770271925 0.9974943995475769 17
1747770272030 0.9544726014137268 18
1747770272134 0.9110507965087891 19
1747770272240 0.8700748682022095 20
1747770272344 0.8385588526725769 21
1747770272450 0.8129501342773438 22
1747770272554 0.7796794176101685 23
1747770272668 0.7502894997596741 24
1747770272812 0.7215004563331604 25
1747770272969 0.7016516923904419 26
1747770273122 0.6837506890296936 27
1747770273281 0.6685219407081604 28
1747770273435 0.6516087651252747 29
1747770273594 0.6293774247169495 30
1747770273748 0.6104603409767151 31
1747770273905 0.5969038605690002 32
1747770274059 0.5847973823547363 33
1747770274219 0.5796639919281006 34
1747770274374 0.5606628656387329 35
1747770274531 0.5545836091041565 36
1747770274682 0.5409931540489197 37
1747770274839 0.529998779296875 38
1747770274993 0.5206559896469116 39
1747770275143 0.5049028992652893 40
1747770275268 0.502389132976532 41
1747770275383 0.4958246350288391 42
1747770275488 0.48477602005004883 43
1747770275598 0.4804430603981018 44
1747770275709 0.47054657340049744 45
1747770275825 0.4627349078655243 46
1747770275939 0.4578006863594055 47
1747770276054 0.4495708644390106 48
1747770276166 0.4405827820301056 49
