1743889580250 0.27919256687164307 0
1743889602939 0.24905730783939362 1
1743889625718 0.23666512966156006 2
1743889648608 0.22543522715568542 3
1743889671378 0.21567681431770325 4
1743889694109 0.20693746209144592 5
1743889716818 0.1989176720380783 6
1743889739646 0.19088467955589294 7
1743889762419 0.18401628732681274 8
1743889785030 0.17877084016799927 9
1743889807760 0.17445741593837738 10
1743889830577 0.17026005685329437 11
1743889853399 0.16737446188926697 12
1743889876368 0.1644226610660553 13
1743889899337 0.16258560121059418 14
1743889922282 0.1601778268814087 15
1743889945104 0.15847380459308624 16
1743889968051 0.15680034458637238 17
1743889990848 0.155093714594841 18
1743890013820 0.1535218358039856 19
1743890036773 0.1521599441766739 20
1743890059689 0.15070435404777527 21
1743890082349 0.14988118410110474 22
1743890104948 0.14887917041778564 23
1743890127695 0.14732129871845245 24
1743890150614 0.14746110141277313 25
1743890173448 0.14560285210609436 26
1743890196151 0.14503087103366852 27
1743890218927 0.14432582259178162 28
1743890241764 0.14399456977844238 29
1743890264678 0.1430719494819641 30
1743890287526 0.14255811274051666 31
1743890310502 0.14212578535079956 32
1743890333467 0.14150899648666382 33
1743890356294 0.14094245433807373 34
1743890379255 0.13989625871181488 35
1743890402150 0.14052307605743408 36
1743890424808 0.13952277600765228 37
1743890447531 0.13952992856502533 38
1743890470227 0.13848622143268585 39
1743890492862 0.1389474868774414 40
1743890515935 0.13838179409503937 41
1743890538985 0.1382991373538971 42
1743890562042 0.1373388022184372 43
1743890585173 0.13690467178821564 44
1743890608139 0.13660727441310883 45
1743890631050 0.13636824488639832 46
1743890653968 0.13571451604366302 47
1743890676918 0.13581526279449463 48
1743890699730 0.13579149544239044 49
