1743889580251 0.2301669292184848 0
1743889602940 0.19513986777898154 1
1743889625719 0.1810521464738024 2
1743889648610 0.16768560734950597 3
1743889671380 0.15578651870127827 4
1743889694111 0.14516770114265146 5
1743889716820 0.13542036092897025 6
1743889739648 0.12643608951096968 7
1743889762421 0.11849961896168335 8
1743889785031 0.11248747013581943 9
1743889807761 0.1075402227810403 10
1743889830578 0.10313783229228742 11
1743889853400 0.09988816420460947 12
1743889876369 0.09690539894990878 13
1743889899338 0.09479164617546201 14
1743889922283 0.09249863123462077 15
1743889945105 0.0906714098854136 16
1743889968052 0.08886471550125898 17
1743889990849 0.0871780975937373 18
1743890013821 0.08558931253621026 19
1743890036774 0.08406269227072037 20
1743890059690 0.08271418490538611 21
1743890082351 0.08163909762512152 22
1743890104949 0.08080048333619906 23
1743890127696 0.07936136826784088 24
1743890150615 0.07903731003108205 25
1743890173449 0.07760512596957321 26
1743890196152 0.07690473607867031 27
1743890218928 0.07626173615890655 28
1743890241765 0.07571731445219662 29
1743890264679 0.07503977745837738 30
1743890287527 0.07439337201862359 31
1743890310504 0.07387250486801064 32
1743890333468 0.07332028138270819 33
1743890356295 0.07268644362924616 34
1743890379256 0.07196745622543385 35
1743890402151 0.07213816871400927 36
1743890424809 0.07138806825519053 37
1743890447532 0.07124492820964862 38
1743890470228 0.07049173704863282 39
1743890492863 0.07060697069474298 40
1743890515937 0.07034144040675046 41
1743890538986 0.07005218893772824 42
1743890562043 0.06935810102880637 43
1743890585174 0.06894914541327128 44
1743890608141 0.06860249620241705 45
1743890631051 0.06843855786733795 46
1743890653969 0.06795969852926548 47
1743890676920 0.0678647650707914 48
1743890699731 0.06779605265896715 49
