1747759689988 0.24694008793195107 0
1747759708165 0.2401439294467376 1
1747759726345 0.23888323397908687 2
1747759744655 0.23836850685750754 3
1747759762804 0.23809077108352839 4
1747759780942 0.23796508891595453 5
1747759799400 0.23769793260771352 6
1747759817843 0.23754035265659376 7
1747759835730 0.23758469501442667 8
1747759853928 0.23734202730746934 9
1747759872182 0.2371822211840798 10
1747759890162 0.23721666416206233 11
1747759908847 0.23718279547573287 12
1747759926644 0.23703533858043113 13
1747759944904 0.2370032421486723 14
1747759963230 0.23711914552553942 15
1747759981204 0.23682241939443596 16
1747759999662 0.23667313420112898 17
1747760017979 0.2367713614227274 18
1747760035761 0.2366419932407865 19
1747760054177 0.23670641572885012 20
1747760072666 0.23653212741129723 21
1747760091053 0.2364539001783344 22
1747760109366 0.23647045837694702 23
1747760127476 0.2364269837671771 24
1747760145807 0.23645733870989075 25
1747760164337 0.23631172037023868 26
1747760182595 0.2361604684931874 27
1747760200691 0.2363148829587017 28
1747760219019 0.2360935067725402 29
1747760237352 0.23592560068354743 30
1747760255154 0.23593233932621158 31
1747760273589 0.2361089346250676 32
1747760292010 0.2359230315793184 33
1747760310011 0.23598180329049964 34
1747760328344 0.2357264017496512 35
1747760346662 0.23575339983510588 36
1747760364707 0.235682351392924 37
1747760382984 0.23568872093469193 38
1747760401070 0.2356460175679344 39
1747760419049 0.23557526949681454 40
1747760437446 0.23550945245589622 41
1747760455692 0.23543407105043862 42
1747760473787 0.2355056067788701 43
1747760492267 0.23567203742536397 44
1747760510637 0.23535356245003636 45
1747760528612 0.23531331882233947 46
1747760547020 0.23536157090696241 47
1747760565253 0.23524071055837584 48
1747760583233 0.23542898242769147 49
