1747759689987 0.9147031903266907 0
1747759708163 0.9147813320159912 1
1747759726343 0.9149064421653748 2
1747759744653 0.9151917695999146 3
1747759762801 0.9151644110679626 4
1747759780941 0.9152073860168457 5
1747759799398 0.9151722192764282 6
1747759817842 0.9151800274848938 7
1747759835728 0.9150901436805725 8
1747759853926 0.9151409268379211 9
1747759872179 0.9153481125831604 10
1747759890160 0.9153246879577637 11
1747759908845 0.9153598546981812 12
1747759926643 0.9153832793235779 13
1747759944903 0.9154184460639954 14
1747759963228 0.9153676629066467 15
1747759981203 0.9154692888259888 16
1747759999660 0.9156100153923035 17
1747760017977 0.9153676629066467 18
1747760035760 0.9153832793235779 19
1747760054175 0.9153715372085571 20
1747760072664 0.9153598546981812 21
1747760091051 0.9153363704681396 22
1747760109365 0.9153051376342773 23
1747760127473 0.9156060814857483 24
1747760145805 0.9155200719833374 25
1747760164336 0.915457546710968 26
1747760182593 0.9154888391494751 27
1747760200690 0.9155982732772827 28
1747760219017 0.9155396223068237 29
1747760237350 0.9154927134513855 30
1747760255152 0.9156529903411865 31
1747760273588 0.915574848651886 32
1747760292007 0.9156842827796936 33
1747760310009 0.915574848651886 34
1747760328343 0.9156060814857483 35
1747760346661 0.9156569242477417 36
1747760364706 0.9156022071838379 37
1747760382982 0.9156569242477417 38
1747760401068 0.9155943393707275 39
1747760419047 0.9157546162605286 40
1747760437444 0.9158093333244324 41
1747760455689 0.9157819747924805 42
1747760473785 0.9154028296470642 43
1747760492265 0.9155826568603516 44
1747760510635 0.9157781004905701 45
1747760528610 0.9157624244689941 46
1747760547019 0.9156022071838379 47
1747760565252 0.915586531162262 48
1747760583231 0.9156842827796936 49
