1743854208223 0.43473794286951734 0
1743854232230 0.20190691895282808 1
1743854256216 0.14374985540636948 2
1743854279974 0.11633597833663792 3
1743854303778 0.1004375245598294 4
1743854327929 0.0895770917980039 5
1743854351850 0.07875234520780808 6
1743854375975 0.072133230293372 7
1743854399874 0.06789903454106981 8
1743854423897 0.05941202991226504 9
1743854448194 0.05650278459495461 10
1743854472651 0.05139251109400809 11
1743854496847 0.04869821260697283 12
1743854520835 0.043617339342893365 13
1743854544863 0.0436439858607219 14
1743854569121 0.038744440776743536 15
1743854593158 0.039842475210725495 16
1743854616975 0.034563897102226925 17
1743854640675 0.0331905187663695 18
1743854664835 0.03197443484813424 19
1743854689009 0.029117994611588805 20
1743854712950 0.028209577390717645 21
1743854737150 0.025604748304457737 22
1743854761037 0.02865912662557751 23
1743854784935 0.02589610321204004 24
1743854809196 0.02295786688251617 25
1743854833204 0.023158463991316252 26
1743854857451 0.020552737614737214 27
1743854882170 0.02226335843378461 28
1743854906134 0.019828952382890234 29
1743854930351 0.01896665681263136 30
1743854954187 0.021617369807704134 31
1743854978145 0.01781811211676567 32
1743855002115 0.01729076313939331 33
1743855026223 0.02009925570856921 34
1743855050334 0.01709268245520833 35
1743855074348 0.015184781430935884 36
1743855098412 0.015687737217759984 37
1743855122447 0.01620095828937848 38
1743855146273 0.015933389618503237 39
1743855170410 0.015108044458042608 40
1743855194480 0.014545912012302051 41
1743855218447 0.014575167647239292 42
1743855242175 0.015330288063647701 43
1743855265928 0.013935270138000578 44
1743855289824 0.014046109060524782 45
1743855313840 0.017515127320634857 46
1743855337879 0.010819988228479944 47
1743855361912 0.01187564334405458 48
1743855386204 0.015122816964832555 49
