1743854208222 0.8660666942596436 0
1743854232229 0.9398499727249146 1
1743854256215 0.9573666453361511 2
1743854279973 0.9655666947364807 3
1743854303777 0.9693666696548462 4
1743854327928 0.972766637802124 5
1743854351849 0.9752833247184753 6
1743854375973 0.9771833419799805 7
1743854399873 0.9782166481018066 8
1743854423896 0.9808666706085205 9
1743854448193 0.9816333055496216 10
1743854472650 0.9832500219345093 11
1743854496846 0.9839000105857849 12
1743854520834 0.9858666658401489 13
1743854544862 0.9860166907310486 14
1743854569120 0.9867666959762573 15
1743854593157 0.9868833422660828 16
1743854616974 0.9885500073432922 17
1743854640674 0.9886000156402588 18
1743854664834 0.9890499711036682 19
1743854689008 0.9901333451271057 20
1743854712949 0.9907666444778442 21
1743854737149 0.9911333322525024 22
1743854761036 0.9904999732971191 23
1743854784934 0.9907833337783813 24
1743854809195 0.9919333457946777 25
1743854833203 0.9922333359718323 26
1743854857450 0.9933000206947327 27
1743854882169 0.9921333193778992 28
1743854906133 0.9934499859809875 29
1743854930350 0.9938166737556458 30
1743854954186 0.9925833344459534 31
1743854978144 0.9938666820526123 32
1743855002114 0.9938499927520752 33
1743855026222 0.9926499724388123 34
1743855050333 0.9936833381652832 35
1743855074347 0.9948499798774719 36
1743855098411 0.9948333501815796 37
1743855122446 0.9943000078201294 38
1743855146272 0.9944999814033508 39
1743855170409 0.9944666624069214 40
1743855194479 0.9950833320617676 41
1743855218446 0.9951500296592712 42
1743855242174 0.9948333501815796 43
1743855265927 0.9951666593551636 44
1743855289823 0.995033323764801 45
1743855313839 0.9942333102226257 46
1743855337878 0.9964500069618225 47
1743855361911 0.9958333373069763 48
1743855386203 0.9951333403587341 49
