1747769981643 47.08091354370117 0
1747769981782 45.24034118652344 1
1747769981918 42.32102584838867 2
1747769982056 38.271888732910156 3
1747769982191 34.155845642089844 4
1747769982329 30.846664428710938 5
1747769982464 27.7545166015625 6
1747769982598 25.08355140686035 7
1747769982730 23.579647064208984 8
1747769982864 22.22995376586914 9
1747769982996 19.81223487854004 10
1747769983098 19.1192684173584 11
1747769983184 18.465423583984375 12
1747769983274 17.796491622924805 13
1747769983371 17.06789207458496 14
1747769983464 16.358932495117188 15
1747769983564 15.724404335021973 16
1747769983659 15.157607078552246 17
1747769983754 14.682004928588867 18
1747769983850 14.265154838562012 19
1747769983947 13.915684700012207 20
1747769984040 13.617172241210938 21
1747769984130 13.354683876037598 22
1747769984221 13.091961860656738 23
1747769984313 12.874449729919434 24
1747769984403 12.637290954589844 25
1747769984493 12.398629188537598 26
1747769984585 12.186620712280273 27
1747769984679 11.96263599395752 28
1747769984770 11.739852905273438 29
1747769984867 11.522765159606934 30
1747769984961 11.310203552246094 31
1747769985055 11.101996421813965 32
1747769985152 10.895561218261719 33
1747769985246 10.709990501403809 34
1747769985347 10.515091896057129 35
1747769985448 10.34027099609375 36
1747769985552 10.180445671081543 37
1747769985652 10.011011123657227 38
1747769985752 9.872002601623535 39
1747769985850 9.73669147491455 40
1747769985948 9.581704139709473 41
1747769986045 9.449316024780273 42
1747769986139 9.304259300231934 43
1747769986237 9.161823272705078 44
1747769986331 9.013140678405762 45
1747769986423 8.804112434387207 46
1747769986519 8.494434356689453 47
1747769986609 8.218870162963867 48
1747769986717 7.932496547698975 49
