1747684701863 0.2470345838288834 0
1747684717287 0.23882748472959128 1
1747684732366 0.23827355058915575 2
1747684747686 0.23827443140036622 3
1747684763301 0.2380313256567756 4
1747684778695 0.23801752652656333 5
1747684793629 0.2377660885011303 6
1747684808533 0.23790446716801436 7
1747684823682 0.23769212076501373 8
1747684839015 0.23763201876970938 9
1747684854493 0.23748952928384873 10
1747684869728 0.23765924935053453 11
1747684884678 0.23744167010528597 12
1747684899688 0.23740698733925525 13
1747684914923 0.2374078260688535 14
1747684930297 0.237370388875669 15
1747684945053 0.23736746875707612 16
1747684959631 0.23728182182043747 17
1747684974940 0.23725416308758723 18
1747684990180 0.23726024430490902 19
1747685004737 0.23717345612093801 20
1747685019994 0.2371692068734498 21
1747685035285 0.23718416650422935 22
1747685050888 0.23707703480518105 23
1747685065737 0.2371085236172057 24
1747685081454 0.2369255527006867 25
1747685097131 0.23699892943369041 26
1747685112486 0.23696359374275594 27
1747685127302 0.23702684322216966 28
1747685142529 0.23688704952567796 29
1747685157917 0.23682976363375838 30
1747685173611 0.23686259021423986 31
1747685188515 0.23700513628741124 32
1747685203724 0.23684055309819607 33
1747685218043 0.23676334280408043 34
1747685232476 0.2367292072535606 35
1747685247996 0.23681116632138116 36
1747685263470 0.23673693684368993 37
1747685278820 0.23678039188424627 38
1747685294340 0.23675672830241784 39
1747685309844 0.23676565482172335 40
1747685325418 0.23668742363776915 41
1747685341117 0.23669341447714057 42
1747685356083 0.23653718222391917 43
1747685370938 0.23662626340545215 44
1747685385470 0.2365739591175819 45
1747685399751 0.23664838853732872 46
1747685415045 0.23652905773715988 47
1747685430818 0.23661813044419114 48
1747685446036 0.23648020118056012 49
