1747757737726 0.9146797060966492 0
1747757756153 0.9147735238075256 1
1747757774047 0.9149923920631409 2
1747757792396 0.9151292443275452 3
1747757810615 0.915168285369873 4
1747757828777 0.9153207540512085 5
1747757847116 0.9152151942253113 6
1747757865524 0.9152151942253113 7
1747757883297 0.9152777791023254 8
1747757901767 0.9150823354721069 9
1747757920241 0.9152464866638184 10
1747757938533 0.9151878356933594 11
1747757956893 0.9155044555664062 12
1747757975220 0.9153051376342773 13
1747757993349 0.9151878356933594 14
1747758011576 0.9151566028594971 15
1747758030032 0.9153520464897156 16
1747758048289 0.9153403043746948 17
1747758066316 0.9153715372085571 18
1747758084613 0.9153832793235779 19
1747758102593 0.9152738451957703 20
1747758120722 0.9155357480049133 21
1747758139085 0.9155044555664062 22
1747758157269 0.9155943393707275 23
1747758175507 0.9153832793235779 24
1747758193897 0.9153598546981812 25
1747758212306 0.9154223799705505 26
1747758230549 0.9154106378555298 27
1747758248897 0.9154301881790161 28
1747758267220 0.9153794050216675 29
1747758285173 0.9155982732772827 30
1747758303349 0.9153794050216675 31
1747758321615 0.9155200719833374 32
1747758339500 0.915414571762085 33
1747758357832 0.9156060814857483 34
1747758375976 0.915473222732544 35
1747758394274 0.9156686067581177 36
1747758412863 0.9155631065368652 37
1747758431310 0.9156959652900696 38
1747758449394 0.9156138896942139 39
1747758467708 0.9156686067581177 40
1747758485869 0.9158250093460083 41
1747758503683 0.9156060814857483 42
1747758522021 0.9156138896942139 43
1747758540391 0.9156491160392761 44
1747758558940 0.9156686067581177 45
1747758577314 0.915746808052063 46
1747758595574 0.9155122637748718 47
1747758614001 0.9157389998435974 48
1747758632509 0.9157077074050903 49
