1747770205204 1.7833501100540161 0
1747770205345 1.4506754875183105 1
1747770205487 1.283577561378479 2
1747770205639 1.1576594114303589 3
1747770205839 1.0743447542190552 4
1747770206039 0.9733754992485046 5
1747770206241 0.9030113816261292 6
1747770206442 0.8114467859268188 7
1747770206642 0.7413221597671509 8
1747770206847 0.6761440634727478 9
1747770207046 0.6128450632095337 10
1747770207248 0.5552564263343811 11
1747770207444 0.507255494594574 12
1747770207645 0.456797331571579 13
1747770207842 0.4190292954444885 14
1747770208039 0.38170140981674194 15
1747770208182 0.35818561911582947 16
1747770208309 0.3279905617237091 17
1747770208439 0.29882413148880005 18
1747770208572 0.27346405386924744 19
1747770208710 0.2514728605747223 20
1747770208850 0.2331598401069641 21
1747770208990 0.21680492162704468 22
1747770209136 0.2077542245388031 23
1747770209291 0.19549505412578583 24
1747770209439 0.18335653841495514 25
1747770209578 0.1716906726360321 26
1747770209715 0.16614320874214172 27
1747770209846 0.15582013130187988 28
1747770209982 0.15394572913646698 29
1747770210115 0.1459711194038391 30
1747770210252 0.14311876893043518 31
1747770210385 0.13270223140716553 32
1747770210521 0.13439449667930603 33
1747770210654 0.1262940615415573 34
1747770210791 0.12111329287290573 35
1747770210925 0.1190393939614296 36
1747770211062 0.11717364937067032 37
1747770211201 0.11432816088199615 38
1747770211344 0.10592254996299744 39
1747770211482 0.09808932989835739 40
1747770211632 0.09674514830112457 41
1747770211783 0.09331557899713516 42
1747770211977 0.0906301885843277 43
1747770212177 0.08960951119661331 44
1747770212373 0.09001051634550095 45
1747770212578 0.08133631944656372 46
1747770212782 0.0778164193034172 47
1747770212983 0.07762275636196136 48
1747770213188 0.07518839836120605 49
