1747714018891 0.26200054311359156 0
1747714035261 0.23882471067994604 1
1747714050421 0.23834953118729788 2
1747714066049 0.23811500528076013 3
1747714081726 0.2380616387798405 4
1747714098005 0.237841563935563 5
1747714114380 0.23768962780590902 6
1747714130776 0.23762387421100925 7
1747714146547 0.23753341450919455 8
1747714162911 0.23739968432565103 9
1747714179370 0.23737534893929443 10
1747714195937 0.2373273064207393 11
1747714212353 0.2372909303294599 12
1747714229008 0.23715398256864934 13
1747714245469 0.2369909415108397 14
1747714261983 0.2370582875714395 15
1747714278110 0.23697690241679226 16
1747714294090 0.2369499058358116 17
1747714310404 0.23697121349096606 18
1747714326208 0.23684607259638576 19
1747714341891 0.23684242003783787 20
1747714358179 0.23682417075053427 21
1747714374777 0.23672757755181079 22
1747714391315 0.23680481150701146 23
1747714407653 0.2366232977770322 24
1747714423940 0.23670191376109587 25
1747714440374 0.23657065777205077 26
1747714456770 0.23661037220662395 27
1747714473017 0.23656602996007006 28
1747714489856 0.2365641183141916 29
1747714506054 0.23661136158426685 30
1747714522484 0.23650498246775425 31
1747714538984 0.2364370215926297 32
1747714554743 0.2364030725353636 33
1747714570051 0.23642674807311193 34
1747714586306 0.23645605137360623 35
1747714601825 0.23641254291916472 36
1747714618166 0.23639304282950685 37
1747714634453 0.23637388323407046 38
1747714651144 0.23632255760737877 39
1747714667478 0.2363290818343117 40
1747714683370 0.23620820013846405 41
1747714699677 0.23626464569169367 42
1747714715975 0.23621238878162631 43
1747714731893 0.23615494118931635 44
1747714748001 0.23629942482499217 45
1747714764498 0.23613984292959145 46
1747714780870 0.23632951672081529 47
1747714797344 0.2362598516835103 48
1747714813900 0.23620611976320027 49
