1743905360619 0.881683349609375 0
1743905385378 0.9526333212852478 1
1743905410369 0.9638000130653381 2
1743905434856 0.9698833227157593 3
1743905459593 0.974133312702179 4
1743905484396 0.9771833419799805 5
1743905509128 0.9795833230018616 6
1743905533986 0.982450008392334 7
1743905558781 0.9830666780471802 8
1743905583427 0.9849166870117188 9
1743905608080 0.9856333136558533 10
1743905632544 0.9878000020980835 11
1743905657309 0.9877499938011169 12
1743905682093 0.9880333542823792 13
1743905706977 0.9884833097457886 14
1743905731575 0.9899333119392395 15
1743905756358 0.9904666543006897 16
1743905781015 0.9902499914169312 17
1743905805768 0.9916499853134155 18
1743905830407 0.9914000034332275 19
1743905854990 0.9918666481971741 20
1743905879991 0.9923333525657654 21
1743905904891 0.9937666654586792 22
1743905929587 0.9923999905586243 23
1743905954170 0.9924833178520203 24
1743905978661 0.9934166669845581 25
1743906003430 0.9929999709129333 26
1743906028012 0.9945499897003174 27
1743906052699 0.9941166639328003 28
1743906077199 0.9942833185195923 29
1743906101764 0.9943333268165588 30
1743906126340 0.9937166571617126 31
1743906151043 0.9956666827201843 32
1743906175623 0.9937833547592163 33
1743906200326 0.9955833554267883 34
1743906225165 0.9946833252906799 35
1743906249495 0.9950000047683716 36
1743906273857 0.9954000115394592 37
1743906298320 0.9948499798774719 38
1743906322990 0.9951000213623047 39
1743906347602 0.9957833290100098 40
1743906372062 0.9945999979972839 41
1743906396739 0.9961166381835938 42
1743906421279 0.9957666397094727 43
1743906445821 0.995033323764801 44
1743906470455 0.9960833191871643 45
1743906494977 0.9962833523750305 46
1743906519343 0.9956166744232178 47
1743906543736 0.9952166676521301 48
1743906568036 0.9967666864395142 49
