1747625449755 5.767795326016335 0
1747625460040 3.7388713716708843 1
1747625471077 1.4624864049190043 2
1747625481595 0.3216784556193144 3
1747625492306 0.2527147281793865 4
1747625503221 0.1238504831246563 5
1747625514055 0.12072670934787165 6
1747625524898 0.09497694134198711 7
1747625535540 0.0845773021131208 8
1747625545832 0.07627338275866792 9
1747625556420 0.07356754556887439 10
1747625567132 0.06933951247150151 11
1747625577956 0.10077407210053681 12
1747625589273 0.061119720785207325 13
1747625599936 0.058123499049750504 14
1747625610584 0.05480269177870062 15
1747625620644 0.052762736145294684 16
1747625631015 0.05086415077410114 17
1747625641857 0.049295712801670465 18
1747625652640 0.04767080689840417 19
1747625662946 0.052145259450200945 20
1747625673246 0.04528866916732183 21
1747625683785 0.04247382678648892 22
1747625694811 0.04225621943067628 23
1747625705624 0.035326942345700434 24
1747625715416 0.032003718733711495 25
1747625726229 0.02926767361047887 26
1747625737248 0.028426360858764727 27
1747625747690 0.032573867288950294 28
1747625758232 0.028857269553857454 29
1747625769083 0.029526604844925388 30
1747625779994 0.06456226629931813 31
1747625791061 0.04162079087972261 32
1747625801507 0.02846849282965605 33
1747625811992 0.02584281303798528 34
1747625822864 0.02229568369969957 35
1747625833574 0.023087109596803605 36
1747625843839 0.019469785231270173 37
1747625854547 0.0201134311681281 38
1747625865338 0.01661413705828405 39
1747625875485 0.01861017399760524 40
1747625886354 0.015042500076120758 41
1747625896800 0.013542108590136685 42
1747625907022 0.014626208706677267 43
1747625917913 0.01595812288823654 44
1747625928775 0.014918830403730848 45
1747625939348 0.014134546755993342 46
1747625950119 0.013124035752287141 47
1747625960801 0.012877044980218806 48
1747625971370 0.012739303396565276 49
