1747770725465 26.1243331413003 0
1747770725614 9.473268510946992 1
1747770725760 6.436482348998327 2
1747770725908 5.178137119753019 3
1747770726055 4.223560484551928 4
1747770726202 3.469574912294671 5
1747770726388 2.8291246510035415 6
1747770726594 2.0491927679064537 7
1747770726802 1.5874924041199652 8
1747770727007 1.1092292388710292 9
1747770727214 0.7967710066280028 10
1747770727423 0.6489743285038382 11
1747770727634 0.5443364621339131 12
1747770727841 0.4983758668325914 13
1747770728058 0.5331474744256096 14
1747770728263 0.4137936584327573 15
1747770728471 0.4256307401720286 16
1747770728682 0.3979291509917989 17
1747770728842 0.3481898557990344 18
1747770728988 0.361967319621609 19
1747770729139 0.2986329943790823 20
1747770729294 0.29015076469170203 21
1747770729447 0.26873924591641896 22
1747770729597 0.2821311399410595 23
1747770729753 0.26530000779461144 24
1747770729912 0.25155868036198514 25
1747770730068 0.2820594716412673 26
1747770730227 0.3802653532404778 27
1747770730386 0.45812194363305064 28
1747770730546 0.3955173328834568 29
1747770730701 0.27759427061434294 30
1747770730854 0.2542466795717066 31
1747770731000 0.38414022436838563 32
1747770731153 0.4077053803655307 33
1747770731308 0.3858888957063592 34
1747770731470 0.3249377520695123 35
1747770731628 0.36991791363428306 36
1747770731785 0.34376505286738296 37
1747770731952 0.2728858013086293 38
1747770732115 0.2887016656459803 39
1747770732268 0.4442821290915379 40
1747770732415 0.24923762098837912 41
1747770732603 0.20045200258058732 42
1747770732807 0.2568238939048813 43
1747770733016 0.34093514767275934 44
1747770733223 0.2754058451516583 45
1747770733429 0.1774047335850554 46
1747770733638 0.19630961557415624 47
1747770733846 0.2012604267590988 48
1747770734055 0.2666290853232595 49
