1747770725464 3.6207621097564697 0
1747770725613 2.1607000827789307 1
1747770725759 1.7235420942306519 2
1747770725906 1.4983268976211548 3
1747770726054 1.3200597763061523 4
1747770726201 1.1776686906814575 5
1747770726386 1.074865460395813 6
1747770726592 0.9367389678955078 7
1747770726800 0.8608196377754211 8
1747770727005 0.7279627323150635 9
1747770727212 0.6374971866607666 10
1747770727422 0.5995034575462341 11
1747770727632 0.54836505651474 12
1747770727839 0.5346225500106812 13
1747770728056 0.5589744448661804 14
1747770728262 0.48792344331741333 15
1747770728469 0.5010481476783752 16
1747770728681 0.4822499454021454 17
1747770728841 0.44017112255096436 18
1747770728987 0.45511239767074585 19
1747770729138 0.41370901465415955 20
1747770729293 0.4065469205379486 21
1747770729446 0.38888874650001526 22
1747770729596 0.4001271426677704 23
1747770729751 0.3900565803050995 24
1747770729910 0.37713727355003357 25
1747770730067 0.403109073638916 26
1747770730226 0.4693305492401123 27
1747770730384 0.4991038143634796 28
1747770730545 0.46680116653442383 29
1747770730700 0.4001842439174652 30
1747770730853 0.37746819853782654 31
1747770730999 0.46872901916503906 32
1747770731152 0.47066694498062134 33
1747770731306 0.46360403299331665 34
1747770731469 0.4235595166683197 35
1747770731627 0.4664209485054016 36
1747770731784 0.4500441551208496 37
1747770731951 0.3975920081138611 38
1747770732113 0.40536078810691833 39
1747770732267 0.4999583959579468 40
1747770732414 0.37377825379371643 41
1747770732601 0.33479511737823486 42
1747770732805 0.3849291205406189 43
1747770733014 0.4515113830566406 44
1747770733221 0.4004167914390564 45
1747770733428 0.31219348311424255 46
1747770733636 0.32967835664749146 47
1747770733845 0.33582180738449097 48
1747770734053 0.3933779299259186 49
