1747658844553 0.915054976940155 0
1747658858877 0.9150393009185791 1
1747658873184 0.9151487946510315 2
1747658887140 0.9152621030807495 3
1747658900724 0.9152777791023254 4
1747658914693 0.9153207540512085 5
1747658928618 0.9154067635536194 6
1747658942748 0.915355920791626 7
1747658956686 0.9151644110679626 8
1747658970657 0.9153715372085571 9
1747658984674 0.915285587310791 10
1747658999031 0.9153403043746948 11
1747659013089 0.9154614806175232 12
1747659027200 0.9153637290000916 13
1747659041163 0.9154614806175232 14
1747659055319 0.9155318140983582 15
1747659069090 0.9154419302940369 16
1747659083099 0.9155279397964478 17
1747659096661 0.9153832793235779 18
1747659110909 0.9154379963874817 19
1747659125162 0.9154810309410095 20
1747659139294 0.9154692888259888 21
1747659152981 0.9154653549194336 22
1747659167030 0.9154614806175232 23
1747659181275 0.9155200719833374 24
1747659194735 0.9154770970344543 25
1747659208631 0.9155396223068237 26
1747659222384 0.9154653549194336 27
1747659235882 0.9155005812644958 28
1747659249931 0.9156686067581177 29
1747659264032 0.9155396223068237 30
1747659278013 0.915473222732544 31
1747659292073 0.9155240058898926 32
1747659305982 0.9153872132301331 33
1747659320122 0.9156295657157898 34
1747659334098 0.9155200719833374 35
1747659347989 0.9155396223068237 36
1747659361928 0.9154849052429199 37
1747659376055 0.9155044555664062 38
1747659389960 0.915645182132721 39
1747659404182 0.9155826568603516 40
1747659418434 0.915516197681427 41
1747659432585 0.9154849052429199 42
1747659446838 0.9155669808387756 43
1747659461028 0.9154770970344543 44
1747659474598 0.9156529903411865 45
1747659488351 0.915473222732544 46
1747659502579 0.9155396223068237 47
1747659517049 0.915516197681427 48
1747659531150 0.9155474305152893 49
