1747574677833 0.12343700975179672 0
1747574682957 0.010570485144853592 1
1747574687974 0.0041818940080702305 2
1747574693416 0.004016781225800514 3
1747574698937 0.003979056142270565 4
1747574704424 0.003919747192412615 5
1747574709731 0.0038131086621433496 6
1747574714933 0.0038154637441039085 7
1747574720096 0.003765242639929056 8
1747574725389 0.0036330115981400013 9
1747574731049 0.0036180908791720867 10
1747574736702 0.003631421597674489 11
1747574742239 0.0035308371298015118 12
1747574747857 0.0035492617171257734 13
1747574753567 0.0034271935001015663 14
1747574759088 0.0034567241091281176 15
1747574764297 0.0033780839294195175 16
1747574769592 0.0033875289373099804 17
1747574774828 0.0033183114137500525 18
1747574780336 0.0032957838848233223 19
1747574785910 0.0032534950878471136 20
1747574791444 0.003276314353570342 21
1747574796896 0.0032003335654735565 22
1747574802322 0.0030905180610716343 23
1747574807392 0.003047554986551404 24
1747574812413 0.0031327875331044197 25
1747574817873 0.00307090044952929 26
1747574823224 0.0029166261665523052 27
1747574828777 0.00302055268548429 28
1747574834393 0.002973846858367324 29
1747574840074 0.0029665231704711914 30
1747574845630 0.0029488003347069025 31
1747574850946 0.002998393028974533 32
1747574856205 0.002895770128816366 33
1747574861800 0.0028906064108014107 34
1747574867407 0.0028729080222547054 35
1747574872983 0.002888819668442011 36
1747574878414 0.0029219721909612417 37
1747574883948 0.0027469461783766747 38
1747574889540 0.002685693558305502 39
1747574895006 0.0028738053515553474 40
1747574900288 0.0028615619521588087 41
1747574905603 0.002726480597630143 42
1747574911283 0.0028526154346764088 43
1747574916788 0.0027125675696879625 44
1747574922162 0.002777887973934412 45
1747574927656 0.0027280410286039114 46
1747574933278 0.0027806521393358707 47
1747574938790 0.0026548414025455713 48
1747574943791 0.0027118695434182882 49
