1747574677835 0.730893489265148 0
1747574682959 0.0035494549199376513 1
1747574687975 0.00011881740927153529 2
1747574693417 0.0001150134440535508 3
1747574698939 0.00010199232752414257 4
1747574704425 0.00010063273491318908 5
1747574709733 0.00014407508267565443 6
1747574714934 7.970588648954357e-05 7
1747574720098 9.294483476952184e-05 8
1747574725391 9.159274726500683e-05 9
1747574731051 8.277080146467275e-05 10
1747574736704 8.271812314172184e-05 11
1747574742241 9.721127904868805e-05 12
1747574747858 8.178034224073844e-05 13
1747574753569 7.053365022995981e-05 14
1747574759090 7.578144738318543e-05 15
1747574764298 7.089904165182346e-05 16
1747574769594 7.301864738719455e-05 17
1747574774830 6.968625207348136e-05 18
1747574780337 7.276220824021017e-05 19
1747574785911 6.894313955148776e-05 20
1747574791445 7.075145379037396e-05 21
1747574796898 6.4001518317256e-05 22
1747574802324 6.321954385538918e-05 23
1747574807394 6.711733672960382e-05 24
1747574812414 6.788268848444659e-05 25
1747574817875 6.819732800653522e-05 26
1747574823225 5.645252392670265e-05 27
1747574828779 6.007154260120839e-05 28
1747574834394 6.532249559600237e-05 29
1747574840076 5.627182330884449e-05 30
1747574845632 5.889176562347221e-05 31
1747574850948 6.14734183119632e-05 32
1747574856207 6.0536460488081156e-05 33
1747574861801 5.434908762417171e-05 34
1747574867408 6.108183686807247e-05 35
1747574872985 6.721555276251986e-05 36
1747574878415 6.318879990224263e-05 37
1747574883949 5.001897968347466e-05 38
1747574889541 6.240499528290169e-05 39
1747574895008 5.709685634516109e-05 40
1747574900289 5.684131679453836e-05 41
1747574905604 5.776405314520437e-05 42
1747574911284 5.440840977617273e-05 43
1747574916789 6.278882304031382e-05 44
1747574922163 5.878648159503552e-05 45
1747574927657 5.1164307645060306e-05 46
1747574933280 5.7512409145101047e-05 47
1747574938792 5.139935741253591e-05 48
1747574943792 5.2589123664477124e-05 49
