1747732971251 0.24303274612574466 0
1747732988471 0.23922046490364987 1
1747733005707 0.23847157660347532 2
1747733022761 0.23802129637611097 3
1747733039760 0.23788479062754844 4
1747733056949 0.23764563708777076 5
1747733073750 0.23752809031634683 6
1747733090944 0.23749520774805524 7
1747733108084 0.2373696121864146 8
1747733125597 0.2373273504186429 9
1747733142515 0.2371986043336806 10
1747733159646 0.23719904373568637 11
1747733176446 0.23693608015921896 12
1747733193150 0.23698928066023925 13
1747733210344 0.23673143124691248 14
1747733227244 0.2366763437160672 15
1747733244509 0.23659277542660975 16
1747733261348 0.23657365397351707 17
1747733278233 0.23650183242991615 18
1747733295401 0.2364278486754351 19
1747733312130 0.23646307300156488 20
1747733329702 0.23635033699629535 21
1747733346952 0.23628787804287352 22
1747733364389 0.23621551984853384 23
1747733381402 0.2362494817147629 24
1747733398807 0.23608827630673368 25
1747733415789 0.2360762204357767 26
1747733433010 0.23597015593225323 27
1747733449866 0.2359612388279834 28
1747733466781 0.2359234686377944 29
1747733484065 0.235747188510981 30
1747733500677 0.23592877418424638 31
1747733517988 0.23566537904921742 32
1747733535218 0.23584802054730505 33
1747733552698 0.23588259157997518 34
1747733569519 0.23569732736280902 35
1747733586925 0.23568876306340555 36
1747733604013 0.23556265255653183 37
1747733620822 0.2357395371377231 38
1747733638029 0.23551253120015817 39
1747733654864 0.2354752690799311 40
1747733672095 0.23540878263533682 41
1747733689102 0.23539776835722964 42
1747733706361 0.23539843631614488 43
1747733723064 0.23526393113314412 44
1747733740158 0.23518287270424706 45
1747733757457 0.2352358611338079 46
1747733774756 0.2351326401777167 47
1747733791702 0.2350856955196463 48
1747733808684 0.23504878814822072 49
