1747770600714 6.326571001584163 0
1747770601113 0.9711169272411062 1
1747770601433 0.4554761930835544 2
1747770601798 0.34173318086657484 3
1747770602068 0.2860067203100326 4
1747770602328 0.2503218438867813 5
1747770602570 0.23316248081377172 6
1747770602842 0.2257645387908082 7
1747770603140 0.21768605138221384 8
1747770603393 0.18107945531259512 9
1747770603686 0.16716683392153256 10
1747770603918 0.1621158008821615 11
1747770604187 0.1580151807632151 12
1747770604421 0.1584636083745082 13
1747770604689 0.13996108438666438 14
1747770604971 0.13880733202380266 15
1747770605206 0.13486690434005166 16
1747770605580 0.1278104446441412 17
1747770606000 0.13647746101184816 18
1747770606315 0.12272271315438373 19
1747770606657 0.1222677630025114 20
1747770606970 0.11685476620567603 21
1747770607322 0.11979595198594373 22
1747770607641 0.13608730896813326 23
1747770608008 0.10253610450335211 24
1747770608285 0.12848682890567184 25
1747770608554 0.10899077653186706 26
1747770608783 0.10154503413577234 27
1747770609050 0.10183550124417863 28
1747770609353 0.10867927910951196 29
1747770609593 0.11697022091919526 30
1747770609870 0.12717695683654598 31
1747770610101 0.11098469406592859 32
1747770610369 0.1141793746638862 33
1747770610602 0.11143083620632761 34
1747770610879 0.1085069559624616 35
1747770611116 0.10888876476671784 36
1747770611388 0.12389231900432063 37
1747770611615 0.11540516372416601 38
1747770611877 0.10019021506671219 39
1747770612181 0.0981708086640632 40
1747770612536 0.1061419182326332 41
1747770612854 0.10541394230923133 42
1747770613214 0.09047427073812439 43
1747770613528 0.09259203244995343 44
1747770613896 0.08751858657971148 45
1747770614222 0.09127651701322322 46
1747770614544 0.08519754053707408 47
1747770614761 0.095768718633351 48
1747770615023 0.08113295220999925 49
