1743949634654 0.8652999997138977 0
1743949660076 0.9528166651725769 1
1743949686042 0.9635833501815796 2
1743949711808 0.9693499803543091 3
1743949737548 0.9749666452407837 4
1743949763376 0.9768499732017517 5
1743949788867 0.9788500070571899 6
1743949814663 0.9824833273887634 7
1743949840358 0.9831333160400391 8
1743949865546 0.9841499924659729 9
1743949890772 0.98580002784729 10
1743949916131 0.9869833588600159 11
1743949941494 0.9880333542823792 12
1743949966788 0.988183319568634 13
1743949992202 0.989300012588501 14
1743950017691 0.989633321762085 15
1743950042920 0.9897833466529846 16
1743950068171 0.9902833104133606 17
1743950093233 0.9916499853134155 18
1743950118676 0.9916666746139526 19
1743950143906 0.9917833209037781 20
1743950169012 0.992816686630249 21
1743950194468 0.9928333163261414 22
1743950219612 0.9920833110809326 23
1743950244724 0.9922166466712952 24
1743950270113 0.9938166737556458 25
1743950295247 0.993066668510437 26
1743950320339 0.9937000274658203 27
1743950345415 0.9940833449363708 28
1743950370731 0.9946666955947876 29
1743950396022 0.9940333366394043 30
1743950421261 0.9942166805267334 31
1743950446117 0.9946833252906799 32
1743950471400 0.9941999912261963 33
1743950496628 0.994533360004425 34
1743950521857 0.9955333471298218 35
1743950547147 0.9953333139419556 36
1743950572476 0.9944333434104919 37
1743950597901 0.994533360004425 38
1743950623031 0.9968833327293396 39
1743950648129 0.9947999715805054 40
1743950673076 0.9951000213623047 41
1743950698242 0.9954833388328552 42
1743950723341 0.9955833554267883 43
1743950748614 0.9960166811943054 44
1743950773638 0.9963499903678894 45
1743950798718 0.9957833290100098 46
1743950823770 0.9961166381835938 47
1743950848888 0.9964500069618225 48
1743950873901 0.996649980545044 49
