1743949634656 0.41955612935123987 0
1743949660077 0.15662890904530669 1
1743949686043 0.12040037126047876 2
1743949711810 0.1019928772037587 3
1743949737549 0.08272051163666415 4
1743949763378 0.07385270804831051 5
1743949788869 0.06979842666418141 6
1743949814665 0.05670362125990671 7
1743949840360 0.05635451889851209 8
1743949865547 0.05084107037467447 9
1743949890773 0.04616278663423043 10
1743949916132 0.041986531743572995 11
1743949941495 0.038480192049351464 12
1743949966789 0.037864883411058585 13
1743949992203 0.03436318478674987 14
1743950017692 0.03294892863800769 15
1743950042922 0.033315260564068354 16
1743950068173 0.031420059239816306 17
1743950093234 0.02816120749279498 18
1743950118677 0.027379233501336957 19
1743950143908 0.027755305468703185 20
1743950169014 0.02316236665000822 21
1743950194469 0.023028541360664016 22
1743950219614 0.026732889839810006 23
1743950244726 0.023836817365766854 24
1743950270115 0.020799959634019417 25
1743950295248 0.022309258606041132 26
1743950320341 0.021476473146665793 27
1743950345416 0.01959330075100731 28
1743950370732 0.018317548177701485 29
1743950396023 0.0201455635185905 30
1743950421262 0.020212371489618023 31
1743950446118 0.018717320540608675 32
1743950471402 0.01927947690316382 33
1743950496629 0.01915418222760911 34
1743950521859 0.015813482327313656 35
1743950547149 0.016062104728673886 36
1743950572478 0.019216752524375495 37
1743950597902 0.019755468140919684 38
1743950623032 0.010315354225729005 39
1743950648131 0.018965635383329217 40
1743950673077 0.01731397522960252 41
1743950698243 0.01625772803880424 42
1743950723343 0.01648530115842477 43
1743950748616 0.014148629885242691 44
1743950773640 0.013083395911067478 45
1743950798720 0.015615126255032722 46
1743950823771 0.013141280691849201 47
1743950848890 0.013671788583363313 48
1743950873903 0.01214382456831607 49
