1747770341886 0.07613636553287506 0
1747770342120 0.31534090638160706 1
1747770342411 0.5363636612892151 2
1747770342717 0.6568182110786438 3
1747770343065 0.737500011920929 4
1747770343360 0.7880681753158569 5
1747770343636 0.8579545617103577 6
1747770343834 0.8738636374473572 7
1747770344061 0.8840909004211426 8
1747770344283 0.8840909004211426 9
1747770344520 0.8835227489471436 10
1747770344760 0.8914772868156433 11
1747770344982 0.9022727012634277 12
1747770345378 0.9034090638160706 13
1747770345600 0.9051136374473572 14
1747770345803 0.9045454263687134 15
1747770346027 0.9085227251052856 16
1747770346236 0.9079545736312866 17
1747770346469 0.9136363863945007 18
1747770346681 0.9102272987365723 19
1747770346916 0.9085227251052856 20
1747770347125 0.9113636612892151 21
1747770347409 0.9119318127632141 22
1747770347717 0.9198863506317139 23
1747770348084 0.9193181991577148 24
1747770348383 0.9142045378684998 25
1747770348718 0.918181836605072 26
1747770349023 0.9210227131843567 27
1747770349360 0.9215909242630005 28
1747770349666 0.9232954382896423 29
1747770349925 0.9198863506317139 30
1747770350136 0.918181836605072 31
1747770350388 0.9210227131843567 32
1747770350608 0.9227272868156433 33
1747770350861 0.9204545617103577 34
1747770351081 0.9204545617103577 35
1747770351323 0.9267045259475708 36
1747770351544 0.9238636493682861 37
1747770351767 0.9267045259475708 38
1747770351969 0.9215909242630005 39
1747770352196 0.9227272868156433 40
1747770352432 0.9244318008422852 41
1747770352669 0.918181836605072 42
1747770352882 0.9267045259475708 43
1747770353124 0.9284090995788574 44
1747770353350 0.9306818246841431 45
1747770353645 0.925000011920929 46
1747770353941 0.9278408885002136 47
1747770354577 0.9261363744735718 48
1747770355175 0.9267045259475708 49
