1747770341888 10.617936812730523 0
1747770342122 3.0013132510429585 1
1747770342414 1.5840267415254743 2
1747770342720 1.2127537606608223 3
1747770343067 0.9639565206965136 4
1747770343363 0.7608624146362386 5
1747770343638 0.5517724588229451 6
1747770343836 0.5055055295502544 7
1747770344063 0.4477345413599788 8
1747770344285 0.44278557473806057 9
1747770344522 0.42502436387346115 10
1747770344762 0.4131422324996543 11
1747770344984 0.38296140533981154 12
1747770345380 0.3659574331667202 13
1747770345602 0.36813553510396035 14
1747770345805 0.367605258464664 15
1747770346029 0.3444009669606708 16
1747770346238 0.33862863882895583 17
1747770346471 0.33129531386332245 18
1747770346683 0.33691769977566216 19
1747770346918 0.32742801881840705 20
1747770347127 0.3269959194113215 21
1747770347412 0.31609556831012114 22
1747770347719 0.3060842290590598 23
1747770348086 0.3069239404440041 24
1747770348386 0.31214081096657936 25
1747770348721 0.2972860423752738 26
1747770349026 0.29742958047977736 27
1747770349363 0.291037746389157 28
1747770349669 0.2933014194245559 29
1747770349927 0.2969486075009527 30
1747770350138 0.28791250436322785 31
1747770350390 0.28211053614660214 32
1747770350610 0.27658694545653056 33
1747770350863 0.28227184068622935 34
1747770351083 0.27841185223034837 35
1747770351325 0.26573619678668764 36
1747770351546 0.27051521024803127 37
1747770351769 0.2701442861882794 38
1747770351971 0.2710530492146613 39
1747770352197 0.26660782249349185 40
1747770352433 0.2631885392693346 41
1747770352671 0.27985999279168655 42
1747770352884 0.26322144639879125 43
1747770353126 0.2569284012345639 44
1747770353354 0.25002543697918667 45
1747770353648 0.25466245498389367 46
1747770353944 0.24773740171188482 47
1747770354579 0.24791970724172593 48
1747770355178 0.24996592915109947 49
