1747770626490 nan 0
1747770626649 nan 1
1747770626808 nan 2
1747770626979 nan 3
1747770627159 nan 4
1747770627337 nan 5
1747770627515 nan 6
1747770627694 nan 7
1747770627918 nan 8
1747770628086 nan 9
1747770628270 nan 10
1747770628451 nan 11
1747770628635 nan 12
1747770628880 nan 13
1747770629127 nan 14
1747770629399 nan 15
1747770629669 nan 16
1747770629971 nan 17
1747770630235 nan 18
1747770630475 nan 19
1747770630719 nan 20
1747770631048 nan 21
1747770631302 nan 22
1747770631600 nan 23
1747770631833 nan 24
1747770631996 nan 25
1747770632157 nan 26
1747770632389 nan 27
1747770632619 nan 28
1747770632857 nan 29
1747770633099 nan 30
1747770633343 nan 31
1747770633524 nan 32
1747770633698 nan 33
1747770633883 nan 34
1747770634063 nan 35
1747770634242 nan 36
1747770634430 nan 37
1747770634603 nan 38
1747770634773 nan 39
1747770634949 nan 40
1747770635149 nan 41
1747770635340 nan 42
1747770635536 nan 43
1747770635778 nan 44
1747770636119 nan 45
1747770636414 nan 46
1747770636757 nan 47
1747770637057 nan 48
1747770637308 nan 49
