1747568987458 0.4756292700767517 0
1747568992910 0.18919216096401215 1
1747568998344 0.1390848457813263 2
1747569003998 0.1296115517616272 3
1747569009620 0.12652455270290375 4
1747569015180 0.12099763005971909 5
1747569020588 0.11402762681245804 6
1747569025601 0.112901471555233 7
1747569030662 0.11343157291412354 8
1747569036257 0.11284837126731873 9
1747569041929 0.11266942322254181 10
1747569047516 0.11238595098257065 11
1747569053007 0.11173372715711594 12
1747569058599 0.11202335357666016 13
1747569064264 0.11217325925827026 14
1747569069242 0.11221154034137726 15
1747569074303 0.11207018047571182 16
1747569079667 0.11224586516618729 17
1747569085225 0.11209788918495178 18
1747569090433 0.11195199191570282 19
1747569095941 0.1123497262597084 20
1747569101604 0.11271316558122635 21
1747569106755 0.11285044997930527 22
1747569111692 0.11260909587144852 23
1747569117051 0.11287131160497665 24
1747569122630 0.11297063529491425 25
1747569128073 0.11320691555738449 26
1747569133573 0.11323368549346924 27
1747569139215 0.1132785752415657 28
1747569144776 0.11341018974781036 29
1747569149846 0.11334218084812164 30
1747569154788 0.11339461803436279 31
1747569160314 0.11347796022891998 32
1747569165777 0.11337775737047195 33
1747569171243 0.11361624300479889 34
1747569176806 0.11347127705812454 35
1747569182385 0.11362481117248535 36
1747569187711 0.11365792900323868 37
1747569192670 0.11373050510883331 38
1747569197875 0.11362907290458679 39
1747569203361 0.11369159072637558 40
1747569208684 0.11369901150465012 41
1747569214249 0.11372843384742737 42
1747569219365 0.11381428688764572 43
1747569224848 0.11383570730686188 44
1747569230127 0.11376948654651642 45
1747569235079 0.11373093724250793 46
1747569240512 0.11381442844867706 47
1747569246134 0.11381325125694275 48
1747569251813 0.11379502713680267 49
