1747770100365 1.9529213327602604 0
1747770100574 1.8350045721662724 1
1747770100808 1.7097685162623022 2
1747770101040 1.6585772586994392 3
1747770101307 1.5980975684986662 4
1747770101564 1.4720954298624473 5
1747770101884 1.397918678019373 6
1747770102199 1.3007166892680735 7
1747770102574 1.2599438708642883 8
1747770102902 1.2055041700470743 9
1747770103239 1.1454908111310949 10
1747770103555 1.0832517671476172 11
1747770103963 1.0288907790264044 12
1747770104295 0.9288423691093403 13
1747770104567 0.8201649358931341 14
1747770104805 0.7549278235519615 15
1747770105042 0.7016258816886053 16
1747770105294 0.6543793091351043 17
1747770105558 0.6106083403196131 18
1747770105821 0.5736102055429776 19
1747770106104 0.5381289306316213 20
1747770106352 0.5044202574524765 21
1747770106624 0.45923204444438304 22
1747770106894 0.429524573492126 23
1747770107152 0.396553946062705 24
1747770107433 0.37550435316128195 25
1747770107688 0.35606295409841554 26
1747770107920 0.3340967859733745 27
1747770108203 0.32232437411372 28
1747770108498 0.31014795664678696 29
1747770109136 0.29761282505153686 30
1747770109908 0.2914653516530154 31
1747770110634 0.28562206229085635 32
1747770111228 0.27621695535392166 33
1747770111826 0.27040959755309407 34
1747770112352 0.2626282432233561 35
1747770112899 0.25462109552531514 36
1747770113159 0.249560562218425 37
1747770113420 0.24813661679148585 38
1747770113703 0.24477941864771827 39
1747770114148 0.24398052983832594 40
1747770114828 0.2365792918090916 41
1747770115198 0.2358034075159504 42
1747770115538 0.22944905642786775 43
1747770115859 0.22439956862488725 44
1747770116216 0.22540712632727383 45
1747770116543 0.21857807766743226 46
1747770116897 0.21425422541014508 47
1747770117182 0.21616136342831838 48
1747770117483 0.2130078491386178 49
