1747771811223 0.2851058110613598 0
1747771811543 0.13887456184834748 1
1747771811864 0.1387345183809797 2
1747771812189 0.122585844218295 3
1747771812426 0.1301130297726066 4
1747771812637 0.13221694255503297 5
1747771812854 0.10856863555413145 6
1747771813077 0.111991072723604 7
1747771813304 0.11676138145871276 8
1747771813530 0.11341815535847642 9
1747771813758 0.12405123508473752 10
1747771813988 0.09432952668198437 11
1747771814218 0.09872563756746053 12
1747771814448 0.09312491482196619 13
1747771814679 0.10580497191596305 14
1747771814907 0.10011172434731772 15
1747771815132 0.10579212571418702 16
1747771815359 0.0832310099200907 17
1747771815590 0.09501648640381473 18
1747771815822 0.10535086774559775 19
1747771816082 0.12150862803890147 20
1747771816413 0.0962871931340281 21
1747771816745 0.08748986983202907 22
1747771817077 0.0811443832031834 23
1747771817347 0.07812460582007248 24
1747771817570 0.08385899747136309 25
1747771817803 0.10695183679106716 26
1747771818018 0.0818833368027309 27
1747771818238 0.0888455116534683 28
1747771818474 0.08688893648474015 29
1747771818706 0.07842120019604301 30
1747771818938 0.07977349049927004 31
1747771819170 0.06767278962573334 32
1747771819395 0.08380364664729094 33
1747771819625 0.09156409714516603 34
1747771819858 0.07873657431581112 35
1747771820090 0.07598582299988203 36
1747771820325 0.08425369704878531 37
1747771820557 0.08505190486649625 38
1747771820783 0.07893055178732898 39
1747771821041 0.07402686929564016 40
1747771821380 0.06130626904177936 41
1747771821715 0.06311757536354042 42
1747771822047 0.07130594711695824 43
1747771822316 0.07731819354753958 44
1747771822538 0.06413088508230934 45
1747771822765 0.07495510860661925 46
1747771822995 0.06707011024382824 47
1747771823227 0.06625617264644493 48
1747771823459 0.06320219207528802 49
