1747613394340 0.9149103164672852 0
1747613433760 0.91512531042099 1
1747613473596 0.9150158762931824 2
1747613512911 0.9150588512420654 3
1747613553187 0.9149807095527649 4
1747613593693 0.9151566028594971 5
1747613633827 0.9150862097740173 6
1747613673435 0.9150862097740173 7
1747613714415 0.9151644110679626 8
1747613754712 0.9150705933570862 9
1747613793942 0.9151448607444763 10
1747613832696 0.9151292443275452 11
1747613859545 0.9151487946510315 12
1747613898866 0.9152035117149353 13
1747613939333 0.9152504205703735 14
1747613979674 0.915285587310791 15
1747614019621 0.9153520464897156 16
1747614059979 0.9151175022125244 17
1747614100232 0.9152894616127014 18
1747614140407 0.9151722192764282 19
1747614180128 0.9152464866638184 20
1747614220177 0.9153051376342773 21
1747614260061 0.9153363704681396 22
1747614300232 0.9153637290000916 23
1747614382028 0.9154849052429199 24
1747614483521 0.9153246879577637 25
1747614551463 0.9152504205703735 26
1747614591222 0.9153676629066467 27
1747614630787 0.9153832793235779 28
1747614670860 0.9151917695999146 29
1747614710233 0.9153481125831604 30
1747614750164 0.9152464866638184 31
1747614789629 0.9155122637748718 32
1747614829852 0.9152973294258118 33
1747614869237 0.9153363704681396 34
1747614908812 0.9152699112892151 35
1747614948932 0.9153090119361877 36
1747614988836 0.915457546710968 37
1747615063028 0.9154106378555298 38
1747615164180 0.9154067635536194 39
1747615266520 0.9154301881790161 40
1747615369468 0.9153832793235779 41
1747615471074 0.9153285622596741 42
1747615574046 0.9154028296470642 43
1747615675973 0.9153872132301331 44
1747615778546 0.9155396223068237 45
1747615879972 0.915414571762085 46
1747615981114 0.9154692888259888 47
1747616083967 0.9153363704681396 48
1747616128401 0.9155279397964478 49
