1747770408813 45.070064544677734 0
1747770408992 42.64091491699219 1
1747770409168 40.591915130615234 2
1747770409375 37.573326110839844 3
1747770409486 31.197052001953125 4
1747770409593 26.442251205444336 5
1747770409704 23.77313232421875 6
1747770409817 22.36252212524414 7
1747770409931 21.75861930847168 8
1747770410045 21.611530303955078 9
1747770410160 21.4705867767334 10
1747770410275 21.440338134765625 11
1747770410391 21.389163970947266 12
1747770410507 21.33408546447754 13
1747770410623 21.30512046813965 14
1747770410744 21.246976852416992 15
1747770410861 21.20952796936035 16
1747770410981 21.194942474365234 17
1747770411098 21.156688690185547 18
1747770411221 21.137462615966797 19
1747770411337 21.093786239624023 20
1747770411463 21.052797317504883 21
1747770411593 21.033138275146484 22
1747770411724 21.007217407226562 23
1747770411854 20.95637321472168 24
1747770411985 20.89833641052246 25
1747770412117 20.879140853881836 26
1747770412249 20.74315643310547 27
1747770412380 20.639589309692383 28
1747770412512 20.44562530517578 29
1747770412642 20.21042823791504 30
1747770412774 19.765138626098633 31
1747770412905 19.278635025024414 32
1747770413036 18.750844955444336 33
1747770413188 18.2373046875 34
1747770413370 17.802032470703125 35
1747770413553 17.5025634765625 36
1747770413729 17.281925201416016 37
1747770413903 17.189443588256836 38
1747770414078 17.11567497253418 39
1747770414252 17.110694885253906 40
1747770414428 17.122570037841797 41
1747770414601 17.0648250579834 42
1747770414777 16.991714477539062 43
1747770414951 16.891996383666992 44
1747770415126 16.717071533203125 45
1747770415300 16.541563034057617 46
1747770415476 16.358070373535156 47
1747770415632 16.20081329345703 48
1747770415742 16.07794189453125 49
