1747770408815 3991.6696373044365 0
1747770408994 3750.819349862642 1
1747770409169 3571.495676353569 2
1747770409376 3307.9877170936525 3
1747770409487 2590.6615818070313 4
1747770409593 1954.936079678094 5
1747770409705 1472.6627306406133 6
1747770409818 1167.8120933812727 7
1747770409932 1016.7718521037274 8
1747770410046 971.2088624377578 9
1747770410161 958.2339745476154 10
1747770410276 951.4984802118823 11
1747770410392 945.6080367106155 12
1747770410508 944.2251768143136 13
1747770410624 930.5596860115704 14
1747770410745 928.4820411499974 15
1747770410862 926.2372207100268 16
1747770410982 927.7948011885194 17
1747770411098 927.9088407871595 18
1747770411222 920.8548903109466 19
1747770411338 921.0531669517865 20
1747770411464 917.7562428067158 21
1747770411594 911.4683496255994 22
1747770411725 910.3296465586924 23
1747770411855 904.0246817928403 24
1747770411986 899.6236160881641 25
1747770412118 892.5261309897177 26
1747770412250 879.8328300142382 27
1747770412381 867.4709667560666 28
1747770412513 848.1831126022256 29
1747770412643 823.8872804909857 30
1747770412775 796.8703039859038 31
1747770412906 766.1756833463595 32
1747770413037 736.076819445945 33
1747770413189 699.5235316812174 34
1747770413371 672.7077460623342 35
1747770413555 653.2018538213224 36
1747770413730 637.5330136839726 37
1747770413904 627.9970089917458 38
1747770414079 616.5535778150136 39
1747770414254 611.9114346903216 40
1747770414429 599.3719012617058 41
1747770414603 593.6843488335259 42
1747770414778 581.8374655027308 43
1747770414952 566.4047548260238 44
1747770415127 551.0650352092964 45
1747770415302 538.5237787463858 46
1747770415478 519.3816786082517 47
1747770415633 501.8120205282448 48
1747770415743 491.48172606621876 49
