1747711398805 0.24231117483357262 0
1747711414369 0.23917959941044414 1
1747711429824 0.2385550092205427 2
1747711445481 0.2383886061275203 3
1747711461155 0.2382026411826972 4
1747711476831 0.23796006925101265 5
1747711492191 0.23776664857613453 6
1747711507804 0.23771233656813262 7
1747711523580 0.2375369608023777 8
1747711539099 0.23729882980724581 9
1747711554758 0.23731863123358202 10
1747711570411 0.23729602941755054 11
1747711585749 0.23712020720220442 12
1747711601150 0.23703434589741276 13
1747711616595 0.23687240000461882 14
1747711632729 0.23687143441038078 15
1747711648486 0.2368729457617021 16
1747711664152 0.23672538514582087 17
1747711679824 0.23669467599684216 18
1747711695288 0.23668876545387826 19
1747711710644 0.23655724759643254 20
1747711726397 0.2365053837650003 21
1747711742342 0.2363607637050483 22
1747711757869 0.23644813428948538 23
1747711773313 0.23639150009006676 24
1747711788632 0.23624759225066758 25
1747711804091 0.23619893764309968 26
1747711819627 0.2360995166972914 27
1747711835391 0.23613307640674494 28
1747711851231 0.2361490593808558 29
1747711866949 0.2360550788255474 30
1747711882281 0.23591669710895466 31
1747711897561 0.2357693541073954 32
1747711913029 0.235825587110541 33
1747711928518 0.23569764215923197 34
1747711943995 0.23573499472708792 35
1747711959468 0.23565237398231578 36
1747711975008 0.23562844346272888 37
1747711991124 0.23571273393562722 38
1747712006885 0.23542921619004076 39
1747712022238 0.23549860132552167 40
1747712037576 0.2353595294534039 41
1747712053010 0.23541469692754705 42
1747712068343 0.23528044309512522 43
1747712083721 0.2351444607853516 44
1747712099090 0.23508218958832064 45
1747712114453 0.2350558221772707 46
1747712129909 0.23493199268725024 47
1747712145417 0.2349155511535073 48
1747712160883 0.23498215025297728 49
