1743877456744 0.3439974110860427 0
1743877478685 0.2569292897549376 1
1743877500587 0.23390869024446453 2
1743877522455 0.22373701077789246 3
1743877544504 0.21164707425234797 4
1743877566452 0.20271576845112468 5
1743877588112 0.19759835906831222 6
1743877610016 0.1936571891119726 7
1743877631910 0.18980663065518594 8
1743877653667 0.18629244613645382 9
1743877675714 0.1829613762924076 10
1743877697478 0.18049484638751323 11
1743877719361 0.17847832177775097 12
1743877741077 0.17658444760844128 13
1743877762784 0.17513016214821012 14
1743877784645 0.17365006122077092 15
1743877806458 0.1723111764537134 16
1743877828165 0.17110210730141692 17
1743877850185 0.16976318034019094 18
1743877872016 0.16845070036750762 19
1743877893795 0.1670589554707967 20
1743877915641 0.16569351383302658 21
1743877937557 0.16401774326847413 22
1743877959469 0.16309136931472568 23
1743877981175 0.1614458417353534 24
1743878002982 0.1600564941305484 25
1743878025145 0.15880576161538004 26
1743878047262 0.15756401394046668 27
1743878069119 0.1566011633613754 28
1743878090849 0.15509435205316655 29
1743878112555 0.15380742167830577 30
1743878134141 0.1526459083128612 31
1743878156009 0.1519475396212865 32
1743878177902 0.15063773661712482 33
1743878199761 0.149633350273764 34
1743878221526 0.14849130699485016 35
1743878243395 0.14749255686623305 36
1743878265391 0.14667925975232893 37
1743878287414 0.14546719627340832 38
1743878309342 0.14438781173508666 39
1743878331206 0.14326021252353788 40
1743878353302 0.14225176739710388 41
1743878375125 0.14154475574017603 42
1743878397130 0.14057776688519308 43
1743878418876 0.1396749527981861 44
1743878440781 0.13908045181047185 45
1743878462701 0.13840446516969138 46
1743878484688 0.13794809917983478 47
1743878506561 0.13718384840936262 48
1743878528370 0.15977684368171943 49
