1747770424299 45.0882453918457 0
1747770424431 42.667049407958984 1
1747770424566 40.637630462646484 2
1747770424699 37.633602142333984 3
1747770424833 31.31777000427246 4
1747770424965 26.546600341796875 5
1747770425100 23.753665924072266 6
1747770425232 22.301233291625977 7
1747770425368 21.77654457092285 8
1747770425500 21.575162887573242 9
1747770425672 21.49352264404297 10
1747770425870 21.41817855834961 11
1747770426059 21.406240463256836 12
1747770426259 21.311767578125 13
1747770426451 21.284725189208984 14
1747770426642 21.212560653686523 15
1747770426830 21.229103088378906 16
1747770427030 21.20919418334961 17
1747770427222 21.1624813079834 18
1747770427421 21.157299041748047 19
1747770427614 21.12627410888672 20
1747770427816 21.0382080078125 21
1747770428010 21.021352767944336 22
1747770428141 20.990812301635742 23
1747770428275 20.92922592163086 24
1747770428415 20.83304786682129 25
1747770428553 20.85673713684082 26
1747770428694 20.7266845703125 27
1747770428834 20.568967819213867 28
1747770428976 20.38642120361328 29
1747770429117 20.09653091430664 30
1747770429256 19.59856605529785 31
1747770429395 19.06226348876953 32
1747770429537 18.603891372680664 33
1747770429678 18.0585994720459 34
1747770429821 17.661142349243164 35
1747770429964 17.393091201782227 36
1747770430107 17.239208221435547 37
1747770430253 17.129240036010742 38
1747770430395 17.127843856811523 39
1747770430538 17.099262237548828 40
1747770430680 17.119335174560547 41
1747770430825 17.05120277404785 42
1747770430968 16.936994552612305 43
1747770431113 16.787199020385742 44
1747770431255 16.62364387512207 45
1747770431401 16.469764709472656 46
1747770431545 16.301759719848633 47
1747770431691 16.14336395263672 48
1747770431874 16.014461517333984 49
