1747770424300 3983.125412918637 0
1747770424432 3733.018544341873 1
1747770424568 3573.0280634005007 2
1747770424700 3337.7259722681288 3
1747770424834 2617.6954227760702 4
1747770424966 1978.9459245992373 5
1747770425101 1492.138971120998 6
1747770425233 1170.063270762802 7
1747770425369 1022.763731642592 8
1747770425501 973.937894274741 9
1747770425674 951.0386322918561 10
1747770425872 953.5999024485778 11
1747770426061 939.8963329159777 12
1747770426260 935.0741317733256 13
1747770426452 930.9898001596957 14
1747770426643 935.8220545609717 15
1747770426832 932.3350687269415 16
1747770427031 932.5288479680983 17
1747770427223 922.7500653466411 18
1747770427423 924.7168131684305 19
1747770427616 918.7517471338133 20
1747770427817 912.9742660932326 21
1747770428012 907.3643938377401 22
1747770428143 906.2795585188964 23
1747770428276 903.1887862790287 24
1747770428417 900.1159013314594 25
1747770428554 888.2481667660156 26
1747770428695 874.4683794884559 27
1747770428835 859.328892507415 28
1747770428977 845.5629601503113 29
1747770429118 823.939250601515 30
1747770429257 794.2777809466273 31
1747770429396 761.887363065619 32
1747770429538 719.2136408128644 33
1747770429679 684.4786195876195 34
1747770429822 662.452281287042 35
1747770429965 646.8469352413583 36
1747770430108 632.6644305010116 37
1747770430254 626.5440506428603 38
1747770430396 614.8190774682424 39
1747770430539 612.4091791326481 40
1747770430681 599.836605373025 41
1747770430826 586.2155920252707 42
1747770430969 575.8383866010081 43
1747770431114 558.0230667483365 44
1747770431256 545.1430472350338 45
1747770431402 527.855757511656 46
1747770431546 514.8664237296739 47
1747770431693 499.66481532756137 48
1747770431876 486.649745200749 49
