1747770641607 nan 0
1747770641791 nan 1
1747770642072 nan 2
1747770642318 nan 3
1747770642564 nan 4
1747770642810 nan 5
1747770643033 nan 6
1747770643185 nan 7
1747770643346 nan 8
1747770643510 nan 9
1747770643676 nan 10
1747770643843 nan 11
1747770644009 nan 12
1747770644191 nan 13
1747770644361 nan 14
1747770644528 nan 15
1747770644699 nan 16
1747770644868 nan 17
1747770645036 nan 18
1747770645219 nan 19
1747770645399 nan 20
1747770645584 nan 21
1747770645768 nan 22
1747770645956 nan 23
1747770646143 nan 24
1747770646327 nan 25
1747770646517 nan 26
1747770646703 nan 27
1747770646948 nan 28
1747770647201 nan 29
1747770647448 nan 30
1747770647696 nan 31
1747770647945 nan 32
1747770648191 nan 33
1747770648456 nan 34
1747770648705 nan 35
1747770648953 nan 36
1747770649201 nan 37
1747770649369 nan 38
1747770649544 nan 39
1747770649728 nan 40
1747770649909 nan 41
1747770650093 nan 42
1747770650284 nan 43
1747770650468 nan 44
1747770650652 nan 45
1747770650842 nan 46
1747770651027 nan 47
1747770651213 nan 48
1747770651404 nan 49
