1747770641606 nan 0
1747770641789 nan 1
1747770642070 nan 2
1747770642315 nan 3
1747770642562 nan 4
1747770642808 nan 5
1747770643031 nan 6
1747770643183 nan 7
1747770643345 nan 8
1747770643509 nan 9
1747770643675 nan 10
1747770643841 nan 11
1747770644008 nan 12
1747770644189 nan 13
1747770644360 nan 14
1747770644527 nan 15
1747770644697 nan 16
1747770644866 nan 17
1747770645035 nan 18
1747770645217 nan 19
1747770645398 nan 20
1747770645582 nan 21
1747770645766 nan 22
1747770645954 nan 23
1747770646141 nan 24
1747770646325 nan 25
1747770646515 nan 26
1747770646701 nan 27
1747770646946 nan 28
1747770647199 nan 29
1747770647446 nan 30
1747770647693 nan 31
1747770647943 nan 32
1747770648189 nan 33
1747770648454 nan 34
1747770648703 nan 35
1747770648951 nan 36
1747770649199 nan 37
1747770649367 nan 38
1747770649542 nan 39
1747770649727 nan 40
1747770649908 nan 41
1747770650091 nan 42
1747770650282 nan 43
1747770650466 nan 44
1747770650650 nan 45
1747770650841 nan 46
1747770651025 nan 47
1747770651211 nan 48
1747770651402 nan 49
