1747635405629 0.3019428253173828 0
1747635416037 0.19962139427661896 1
1747635426443 0.17984601855278015 2
1747635436249 0.12405549734830856 3
1747635446633 0.10743655264377594 4
1747635457258 0.10420504957437515 5
1747635466964 0.09065110981464386 6
1747635477519 0.07488697022199631 7
1747635487744 0.061031851917505264 8
1747635497642 0.061599716544151306 9
1747635507976 0.053818345069885254 10
1747635518104 0.05202694609761238 11
1747635528154 0.04328645020723343 12
1747635538366 0.03822661191225052 13
1747635547944 0.035152699798345566 14
1747635558319 0.03129817545413971 15
1747635568650 0.03028056211769581 16
1747635578973 0.029923703521490097 17
1747635589448 0.028009483590722084 18
1747635599536 0.031531091779470444 19
1747635609617 0.027578888460993767 20
1747635619655 0.02849745936691761 21
1747635629700 0.033708419650793076 22
1747635640161 0.025679470971226692 23
1747635650715 0.024423673748970032 24
1747635661081 0.024864235892891884 25
1747635671585 0.021279776468873024 26
1747635681952 0.020824020728468895 27
1747635691852 0.022091520950198174 28
1747635702097 0.021103892475366592 29
1747635712474 0.019643286243081093 30
1747635722400 0.0216568261384964 31
1747635732694 0.019740521907806396 32
1747635743007 0.019344491884112358 33
1747635752950 0.019223380833864212 34
1747635763719 0.022308219224214554 35
1747635774119 0.017970651388168335 36
1747635783967 0.017064986750483513 37
1747635794478 0.017395708709955215 38
1747635804828 0.0181569904088974 39
1747635814488 0.017778823152184486 40
1747635824530 0.01629042811691761 41
1747635835016 0.01641067862510681 42
1747635844864 0.017840377986431122 43
1747635855173 0.017500139772892 44
1747635865453 0.018891194835305214 45
1747635875291 0.015775958076119423 46
1747635885872 0.028516555204987526 47
1747635895833 0.021281937137246132 48
1747635906055 0.01797628030180931 49
