1747635405631 0.5002897231303413 0
1747635416038 0.17575443283300454 1
1747635426444 0.15620527282913152 2
1747635436251 0.09059737588366255 3
1747635446635 0.07401478987418253 4
1747635457260 0.06697766668988396 5
1747635466966 0.05534872405220655 6
1747635477520 0.04464335388016276 7
1747635487746 0.033234427743213994 8
1747635497643 0.03316790901862302 9
1747635507977 0.024514331318085076 10
1747635518105 0.02165189541721044 11
1747635528155 0.014930719872894212 12
1747635538367 0.011656310206762862 13
1747635547945 0.010355008372080452 14
1747635558320 0.008692525108692476 15
1747635568652 0.008958311059112812 16
1747635578974 0.00894696549454826 17
1747635589449 0.00809016405673935 18
1747635599538 0.010769528464128347 19
1747635609618 0.008099342933632597 20
1747635619656 0.008000894186680057 21
1747635629702 0.0120075812084442 22
1747635640162 0.006480362435500226 23
1747635650716 0.0071515164692068775 24
1747635661083 0.007078306857675965 25
1747635671587 0.00452574207238868 26
1747635681954 0.004460908977691145 27
1747635691854 0.005692040997284425 28
1747635702098 0.00526764459706221 29
1747635712475 0.004164919604452335 30
1747635722402 0.005598056057099048 31
1747635732696 0.004438731351933533 32
1747635743009 0.00471513785499584 33
1747635752951 0.004744852696433731 34
1747635763721 0.0065092637082994325 35
1747635774121 0.003354792483073198 36
1747635783968 0.003381477054806703 37
1747635794479 0.003217723650882649 38
1747635804830 0.004264154964662703 39
1747635814489 0.0038398346190169027 40
1747635824531 0.0031712047001619032 41
1747635835017 0.003132996248036819 42
1747635844866 0.004333290195166916 43
1747635855175 0.003560695525050938 44
1747635865455 0.0047955642019151395 45
1747635875292 0.0029697359112494603 46
1747635885873 0.013043924026343448 47
1747635895835 0.0036928608613122815 48
1747635906056 0.0033225325078620155 49
