1747770658556 2.5553392049287362 0
1747770659422 1.8066770710197209 1
1747770660278 1.0614253120061465 2
1747770660946 0.6152451072527628 3
1747770661206 0.37488210870915994 4
1747770661444 0.2692891414457857 5
1747770661730 0.20502388782377673 6
1747770661984 0.1820771145346154 7
1747770662278 0.1609138082544426 8
1747770662545 0.14470257262803815 9
1747770662859 0.13779760717711537 10
1747770663133 0.13301791014975445 11
1747770663435 0.13179241534786992 12
1747770663691 0.12128580009150504 13
1747770663986 0.11440800658858781 14
1747770664325 0.10903789528940576 15
1747770664725 0.10433247747094498 16
1747770665082 0.10604568787982895 17
1747770665487 0.09753140792782791 18
1747770665847 0.09579946073207227 19
1747770666257 0.1007564507991988 20
1747770666614 0.0998853877969058 21
1747770666902 0.09535738089494009 22
1747770667146 0.08895511735910537 23
1747770667446 0.08757847717413413 24
1747770667691 0.08452587850019742 25
1747770667987 0.08187542831390877 26
1747770668239 0.07853372721793114 27
1747770668548 0.08329908317676962 28
1747770668805 0.0752352567763924 29
1747770669112 0.08913011281195653 30
1747770669366 0.08275791722049863 31
1747770669679 0.08051471867971072 32
1747770669919 0.08012788424040529 33
1747770670228 0.07290659288513472 34
1747770670540 0.07268092206204732 35
1747770670948 0.07614087404631376 36
1747770671279 0.07240438305770554 37
1747770671729 0.0723004251488029 38
1747770672107 0.07651248365980412 39
1747770672499 0.0760904259701599 40
1747770672858 0.06922272527075349 41
1747770673137 0.07175559094372162 42
1747770673473 0.07273426310645578 43
1747770673754 0.06939660335907173 44
1747770674061 0.06912032761551982 45
1747770674366 0.06459253870116903 46
1747770674649 0.06547607440813487 47
1747770674967 0.0642889659815308 48
1747770675252 0.06412734760164616 49
