1747771991476 2.1429561653180076 0
1747771991684 1.226150537391171 1
1747771991890 0.421524328714014 2
1747771992100 0.28067956373326636 3
1747771992354 0.20468387733598956 4
1747771992646 0.14789988433157975 5
1747771992938 0.13872662222519763 6
1747771993229 0.1420294774303138 7
1747771993498 0.17025881502104845 8
1747771993723 0.2516597597932745 9
1747771993936 0.14096554588594995 10
1747771994158 0.11718464448729225 11
1747771994368 0.1513564819852937 12
1747771994592 0.15932987879834107 13
1747771994807 0.1030534640328956 14
1747771995021 0.09277565721218257 15
1747771995237 0.13686268251110328 16
1747771995453 0.1070867767821825 17
1747771995667 0.12665672512729598 18
1747771995881 0.10922046123831275 19
1747771996100 0.08896092988918983 20
1747771996324 0.07526584804049606 21
1747771996550 0.08072121266418378 22
1747771996775 0.07290691415343066 23
1747771997000 0.09105142732781943 24
1747771997254 0.11361923035875547 25
1747771997558 0.11442829508569917 26
1747771997860 0.08655202951013338 27
1747771998164 0.08164622488504833 28
1747771998442 0.06899874317230596 29
1747771998663 0.06828038072879171 30
1747771998885 0.0829517363338661 31
1747771999110 0.09949164955943808 32
1747771999341 0.09980811249026655 33
1747771999567 0.09978207180045562 34
1747771999792 0.1189033806128238 35
1747772000016 0.11976430912825584 36
1747772000233 0.08988344588343049 37
1747772000449 0.08037153976585305 38
1747772000665 0.07103097819050189 39
1747772000881 0.08441226455828833 40
1747772001096 0.07718032809177926 41
1747772001311 0.07886098375061858 42
1747772001529 0.08214318544671198 43
1747772001744 0.08738057857586239 44
1747772001959 0.0764165497561748 45
1747772002201 0.06566089242051618 46
1747772002498 0.07966032914088148 47
1747772002794 0.06649712723114957 48
1747772003093 0.05424803885430297 49
