1747579881319 0.4555359138002731 0
1747579886970 0.00024857264253875486 1
1747579892493 0.00037211173099757487 2
1747579897736 0.00040055317885996666 3
1747579903157 0.00018503132802760088 4
1747579908666 0.0002494697205349409 5
1747579914258 0.00014688421416555162 6
1747579920051 0.00017374861611919545 7
1747579925848 0.00021475674963147758 8
1747579931621 0.00015359137015383766 9
1747579937383 0.00014996158483793383 10
1747579942924 0.00013757977251833552 11
1747579948492 0.000181179814132098 12
1747579953719 0.00012929384058319037 13
1747579958826 0.00012012909335185399 14
1747579964523 0.00011392051150125245 15
1747579970337 0.00014181415732561077 16
1747579976115 0.00012084541479672648 17
1747579981797 0.00010697934880272438 18
1747579987484 0.00010348677991732906 19
1747579993027 0.00010917261491527227 20
1747579998729 9.342550514803899e-05 21
1747580004327 0.00010636312580283923 22
1747580009873 9.591820958071757e-05 23
1747580015278 0.00010098639727430212 24
1747580020675 0.00010549806845305358 25
1747580026438 9.420536528101249e-05 26
1747580032242 9.48096096656945e-05 27
1747580038059 9.216742497291169e-05 28
1747580043691 9.039764209888321e-05 29
1747580049374 9.187069394519953e-05 30
1747580054968 9.042022376420972e-05 31
1747580060389 9.176734764748537e-05 32
1747580065405 8.328108399089935e-05 33
1747580070543 9.614517591522315e-05 34
1747580076046 7.994228467677254e-05 35
1747580081671 8.593486549709581e-05 36
1747580087201 8.493222036089761e-05 37
1747580092698 8.866838254190965e-05 38
1747580098385 8.253881091050333e-05 39
1747580104097 8.108967091992791e-05 40
1747580109457 8.061602168335482e-05 41
1747580114914 8.858447103392663e-05 42
1747580120151 7.256400124999985e-05 43
1747580125713 7.234798041662986e-05 44
1747580131443 8.789036295823214e-05 45
1747580137021 7.693262975988769e-05 46
1747580142605 8.094273593606892e-05 47
1747580148241 7.731440171453506e-05 48
1747580153924 7.39889939757068e-05 49
