1747579881318 0.08274023234844208 0
1747579886969 0.0047697508707642555 1
1747579892492 0.005285252816975117 2
1747579897734 0.005354107357561588 3
1747579903156 0.005186391994357109 4
1747579908665 0.005087328143417835 5
1747579914257 0.004852298181504011 6
1747579920050 0.004942551255226135 7
1747579925847 0.004733160603791475 8
1747579931620 0.004556435160338879 9
1747579937382 0.004520699847489595 10
1747579942923 0.004334741737693548 11
1747579948490 0.0042871893383562565 12
1747579953718 0.0042748237028717995 13
1747579958825 0.004133880604058504 14
1747579964522 0.004085505846887827 15
1747579970336 0.004112578928470612 16
1747579976114 0.004003689158707857 17
1747579981796 0.003920042421668768 18
1747579987483 0.0038558661472052336 19
1747579993026 0.0039445990696549416 20
1747579998728 0.0036870811600238085 21
1747580004326 0.003809458576142788 22
1747580009872 0.0037791237700730562 23
1747580015277 0.0037512187846004963 24
1747580020674 0.003698015119880438 25
1747580026437 0.003648623824119568 26
1747580032241 0.0036733795423060656 27
1747580038058 0.0035961868707090616 28
1747580043690 0.0035414905287325382 29
1747580049373 0.0035886401310563087 30
1747580054968 0.003626983379945159 31
1747580060387 0.0034921278711408377 32
1747580065404 0.003393553663045168 33
1747580070542 0.0035776945296674967 34
1747580076045 0.00333044258877635 35
1747580081670 0.0035281565506011248 36
1747580087200 0.003408020595088601 37
1747580092697 0.003199282567948103 38
1747580098384 0.0033095756080001593 39
1747580104096 0.003384111914783716 40
1747580109456 0.0033378582447767258 41
1747580114913 0.0033945974428206682 42
1747580120150 0.003181613050401211 43
1747580125713 0.0032477860804647207 44
1747580131442 0.0032329298555850983 45
1747580137020 0.0031153529416769743 46
1747580142604 0.003285788232460618 47
1747580148240 0.0032314585987478495 48
1747580153923 0.0032366025261580944 49
