1747771513269 0.07329545170068741 0
1747771513440 0.16363635659217834 1
1747771513610 0.2755681872367859 2
1747771513774 0.2818181812763214 3
1747771513941 0.3238636255264282 4
1747771514112 0.4005681872367859 5
1747771514299 0.4897727370262146 6
1747771514555 0.5136363506317139 7
1747771514812 0.5465909242630005 8
1747771515068 0.5738636255264282 9
1747771515325 0.5886363387107849 10
1747771515566 0.6187499761581421 11
1747771515728 0.6414772868156433 12
1747771515889 0.6539772748947144 13
1747771516052 0.6818181872367859 14
1747771516221 0.7085227370262146 15
1747771516385 0.7238636612892151 16
1747771516568 0.7744318246841431 17
1747771516732 0.7721590995788574 18
1747771516895 0.7960227131843567 19
1747771517065 0.8011363744735718 20
1747771517236 0.8130682110786438 21
1747771517407 0.8176136612892151 22
1747771517579 0.8392045497894287 23
1747771517750 0.8369318246841431 24
1747771517922 0.8454545736312866 25
1747771518093 0.8659090995788574 26
1747771518266 0.8659090995788574 27
1747771518438 0.8642045259475708 28
1747771518610 0.8795454502105713 29
1747771518782 0.8761363625526428 30
1747771518954 0.8818181753158569 31
1747771519125 0.8835227489471436 32
1747771519314 0.8994318246841431 33
1747771519568 0.8994318246841431 34
1747771519823 0.8982954621315002 35
1747771520078 0.9022727012634277 36
1747771520333 0.90625 37
1747771520559 0.9045454263687134 38
1747771520721 0.9142045378684998 39
1747771520885 0.9119318127632141 40
1747771521052 0.9130681753158569 41
1747771521228 0.9130681753158569 42
1747771521398 0.9170454740524292 43
1747771521569 0.9176136255264282 44
1747771521740 0.9215909242630005 45
1747771521912 0.9136363863945007 46
1747771522090 0.9204545617103577 47
1747771522262 0.9261363744735718 48
1747771522434 0.9238636493682861 49
