1747770419283 0.16477273404598236 0
1747770419665 0.3187499940395355 1
1747770420052 0.42443183064460754 2
1747770420468 0.6000000238418579 3
1747770420842 0.6761363744735718 4
1747770421236 0.7323863506317139 5
1747770421622 0.8198863863945007 6
1747770421947 0.8721590638160706 7
1747770422213 0.9034090638160706 8
1747770422495 0.9346590638160706 9
1747770422780 0.9392045736312866 10
1747770423056 0.9477272629737854 11
1747770423326 0.9517045617103577 12
1747770423586 0.9528409242630005 13
1747770423843 0.9573863744735718 14
1747770424235 0.9624999761581421 15
1747770424511 0.9579545259475708 16
1747770424780 0.9545454382896423 17
1747770425047 0.9590908885002136 18
1747770425314 0.9602272510528564 19
1747770425601 0.9647727012634277 20
1747770425966 0.9624999761581421 21
1747770426342 0.9630681872367859 22
1747770426725 0.9647727012634277 23
1747770427115 0.9676136374473572 24
1747770427508 0.9693182110786438 25
1747770427902 0.9664772748947144 26
1747770428217 0.9659090638160706 27
1747770428514 0.9670454263687134 28
1747770428789 0.9670454263687134 29
1747770429067 0.9613636136054993 30
1747770429344 0.9670454263687134 31
1747770429625 0.9659090638160706 32
1747770429912 0.9647727012634277 33
1747770430199 0.9676136374473572 34
1747770430489 0.9681817889213562 35
1747770430770 0.96875 36
1747770431054 0.9670454263687134 37
1747770431342 0.9630681872367859 38
1747770431631 0.9670454263687134 39
1747770431974 0.9698863625526428 40
1747770432301 0.9676136374473572 41
1747770432664 0.9653409123420715 42
1747770433036 0.9670454263687134 43
1747770433419 0.9721590876579285 44
1747770433806 0.9693182110786438 45
1747770434199 0.9715909361839294 46
1747770434491 0.9681817889213562 47
1747770434780 0.9681817889213562 48
1747770435066 0.96875 49
