1743914934748 0.2986973524093628 0
1743914959360 0.24306781589984894 1
1743914983888 0.22697323560714722 2
1743915008573 0.21359121799468994 3
1743915033235 0.2003221958875656 4
1743915057772 0.18869270384311676 5
1743915082268 0.1789012998342514 6
1743915106949 0.17050084471702576 7
1743915131722 0.1642884463071823 8
1743915156646 0.15968017280101776 9
1743915181427 0.15571944415569305 10
1743915206202 0.1533067226409912 11
1743915231161 0.15010705590248108 12
1743915255994 0.1479853242635727 13
1743915280714 0.1458098441362381 14
1743915305662 0.1447346955537796 15
1743915330333 0.14274877309799194 16
1743915354942 0.14104653894901276 17
1743915379662 0.14050592482089996 18
1743915404356 0.13817383348941803 19
1743915429054 0.13740883767604828 20
1743915453730 0.13557641208171844 21
1743915478331 0.13483157753944397 22
1743915502876 0.13380759954452515 23
1743915527531 0.132926344871521 24
1743915552194 0.1332388073205948 25
1743915576977 0.1310303509235382 26
1743915601643 0.13063423335552216 27
1743915626308 0.13001181185245514 28
1743915650977 0.1296686828136444 29
1743915675695 0.1287098526954651 30
1743915700267 0.12784241139888763 31
1743915724447 0.12779322266578674 32
1743915748710 0.12651517987251282 33
1743915772847 0.12743468582630157 34
1743915796753 0.1259683221578598 35
1743915821270 0.1259240061044693 36
1743915846065 0.1250428855419159 37
1743915870795 0.12565141916275024 38
1743915895580 0.12428363412618637 39
1743915920365 0.12429540604352951 40
1743915945148 0.12423356622457504 41
1743915969617 0.12267954647541046 42
1743915994263 0.12270001322031021 43
1743916018895 0.12207695841789246 44
1743916043424 0.12189619243144989 45
1743916068123 0.1217450350522995 46
1743916092876 0.12306184321641922 47
1743916117532 0.12141697853803635 48
1743916142088 0.12105688452720642 49
