1743929133758 0.3569431006908417 0
1743929156584 0.3180639147758484 1
1743929179830 0.31811603903770447 2
1743929202788 0.3044731020927429 3
1743929225492 0.2815370559692383 4
1743929248384 0.26984262466430664 5
1743929271207 0.26171642541885376 6
1743929293822 0.25654134154319763 7
1743929316961 0.2523641586303711 8
1743929339889 0.24798649549484253 9
1743929362758 0.24374713003635406 10
1743929385742 0.23933914303779602 11
1743929408729 0.23539377748966217 12
1743929431736 0.23244595527648926 13
1743929454715 0.23006543517112732 14
1743929477572 0.22807572782039642 15
1743929500486 0.22600039839744568 16
1743929523514 0.22422431409358978 17
1743929546395 0.22273202240467072 18
1743929569449 0.22137141227722168 19
1743929592226 0.2204316109418869 20
1743929614921 0.21925151348114014 21
1743929638040 0.21803191304206848 22
1743929661122 0.21684783697128296 23
1743929684197 0.21567264199256897 24
1743929707189 0.21481674909591675 25
1743929730407 0.21357890963554382 26
1743929753400 0.21255742013454437 27
1743929776481 0.21173369884490967 28
1743929799468 0.21057823300361633 29
1743929822579 0.20957839488983154 30
1743929845570 0.20839689671993256 31
1743929868405 0.2072453796863556 32
1743929891232 0.20639440417289734 33
1743929913981 0.2056492418050766 34
1743929936950 0.20418520271778107 35
1743929960098 0.20385153591632843 36
1743929983354 0.20302589237689972 37
1743930006313 0.20199906826019287 38
1743930029222 0.201847642660141 39
1743930052228 0.20091022551059723 40
1743930075221 0.2001672238111496 41
1743930097975 0.1997634768486023 42
1743930120829 0.19925114512443542 43
1743930143934 0.19873502850532532 44
1743930166811 0.19800043106079102 45
1743930189789 0.19777897000312805 46
1743930212565 0.19747315347194672 47
1743930235498 0.19704315066337585 48
1743930258355 0.1965257078409195 49
