1743929133760 0.304635694365681 0
1743929156585 0.26655232550867997 1
1743929179831 0.2665451148326605 2
1743929202789 0.25685040048632185 3
1743929225494 0.23703527468881028 4
1743929248386 0.223587260670626 5
1743929271208 0.2135917999826239 6
1743929293824 0.20703187333845194 7
1743929316962 0.20178417781528757 8
1743929339890 0.19601467375034962 9
1743929362760 0.18976657634932634 10
1743929385744 0.1842956804462119 11
1743929408730 0.17981808941460636 12
1743929431737 0.17655375143671187 13
1743929454716 0.1736307852653655 14
1743929477573 0.17111331940444244 15
1743929500487 0.16885542740765067 16
1743929523516 0.16695200015614253 17
1743929546397 0.16519964338501048 18
1743929569451 0.16349203364956866 19
1743929592227 0.16204044725557798 20
1743929614922 0.16060361522452443 21
1743929638041 0.1590698318753408 22
1743929661123 0.15770750476969647 23
1743929684199 0.15649442315072623 24
1743929707190 0.15527689339370368 25
1743929730409 0.15402450945373075 26
1743929753401 0.1529190274307661 27
1743929776483 0.15189178404168435 28
1743929799470 0.150707276987435 29
1743929822580 0.14955552837315625 30
1743929845571 0.1484743122699232 31
1743929868407 0.14730464236306012 32
1743929891234 0.146318912822255 33
1743929913983 0.14541642435898036 34
1743929936951 0.14421117686761686 35
1743929960099 0.14358416887794617 36
1743929983356 0.1424837322016047 37
1743930006315 0.14164280084500241 38
1743930029223 0.14110301348599966 39
1743930052229 0.1402445280696459 40
1743930075223 0.1395563634281422 41
1743930097976 0.13905577817472503 42
1743930120830 0.13871838506339085 43
1743930143935 0.13797756715872356 44
1743930166813 0.13742328228699283 45
1743930189791 0.13697870243670576 46
1743930212566 0.13648980887760068 47
1743930235500 0.13607831304242105 48
1743930258357 0.13549645447525516 49
