1743905912405 0.26992979645729065 0
1743905936775 0.23702536523342133 1
1743905961066 0.22310461103916168 2
1743905985301 0.21176618337631226 3
1743906009607 0.20129276812076569 4
1743906033904 0.19229333102703094 5
1743906058281 0.18328800797462463 6
1743906082480 0.17636817693710327 7
1743906106720 0.17086870968341827 8
1743906130945 0.16586697101593018 9
1743906155345 0.16209761798381805 10
1743906179683 0.15960001945495605 11
1743906204068 0.15641483664512634 12
1743906228592 0.15421676635742188 13
1743906252908 0.15290407836437225 14
1743906277271 0.1508554369211197 15
1743906301664 0.1495571881532669 16
1743906326213 0.147604838013649 17
1743906350623 0.14700402319431305 18
1743906375005 0.1457671970129013 19
1743906399487 0.14428336918354034 20
1743906423865 0.14280308783054352 21
1743906448223 0.14301198720932007 22
1743906472672 0.1408100724220276 23
1743906497041 0.13992004096508026 24
1743906521177 0.13898460566997528 25
1743906545483 0.13811352849006653 26
1743906569694 0.13757522404193878 27
1743906593945 0.13612444698810577 28
1743906618234 0.1357375532388687 29
1743906642406 0.13572552800178528 30
1743906666338 0.1345100998878479 31
1743906690488 0.13378196954727173 32
1743906714699 0.13348187506198883 33
1743906738943 0.13310718536376953 34
1743906763133 0.13278891146183014 35
1743906787454 0.13176050782203674 36
1743906811972 0.132695734500885 37
1743906836302 0.13098962604999542 38
1743906860671 0.12995342910289764 39
1743906885165 0.12964913249015808 40
1743906909666 0.12898841500282288 41
1743906934205 0.129530131816864 42
1743906958466 0.12853248417377472 43
1743906982951 0.12757399678230286 44
1743907007415 0.1272541582584381 45
1743907031673 0.12755665183067322 46
1743907055970 0.1271873563528061 47
1743907080436 0.12678034603595734 48
1743907104903 0.12617364525794983 49
