1743905912407 0.22450041664840967 0
1743905936776 0.18283400735728744 1
1743905961068 0.16644533993981722 2
1743905985302 0.15299348222669187 3
1743906009609 0.14014699329964228 4
1743906033906 0.12862241191044113 5
1743906058282 0.11818648116050069 6
1743906082481 0.11001837860133798 7
1743906106721 0.10374971347267618 8
1743906130947 0.09855341719548862 9
1743906155346 0.0944590903078847 10
1743906179685 0.09165016912999734 11
1743906204069 0.0885298940046848 12
1743906228593 0.08624491539692462 13
1743906252910 0.08477950187886309 14
1743906277273 0.08282087701297845 15
1743906301666 0.08134747683221462 16
1743906326215 0.0795227173596928 17
1743906350624 0.07871806991326068 18
1743906375006 0.07747805002139582 19
1743906399489 0.07619530612287491 20
1743906423867 0.07496450604678308 21
1743906448225 0.07461922395402432 22
1743906472673 0.07291102982504581 23
1743906497042 0.07200244942204481 24
1743906521178 0.07110756011812633 25
1743906545485 0.07024503584223504 26
1743906569695 0.06963449466776375 27
1743906593946 0.06856453690647418 28
1743906618235 0.06812929564528827 29
1743906642408 0.06803882348091105 30
1743906666340 0.06707227179237021 31
1743906690489 0.06646970216356012 32
1743906714701 0.0659846407303513 33
1743906738944 0.06562504598752897 34
1743906763134 0.06529779856172813 35
1743906787455 0.06444017139674796 36
1743906811973 0.06488983987360487 37
1743906836304 0.06366576043164707 38
1743906860673 0.06297040294201754 39
1743906885166 0.06252477418065777 40
1743906909668 0.061951555328707136 41
1743906934206 0.06207313269764808 42
1743906958468 0.06134612142462477 43
1743906982953 0.06065957478786843 44
1743907007416 0.060339720032782304 45
1743907031674 0.06045376699972633 46
1743907055971 0.06007854200056418 47
1743907080437 0.05982784203218236 48
1743907104904 0.0592854148911528 49
