1747770919414 0.04374999925494194 0
1747770919701 0.04374999925494194 1
1747770920030 0.08749999850988388 2
1747770920329 0.08295454829931259 3
1747770920704 0.05795454606413841 4
1747770921072 0.11420454829931259 5
1747770921449 0.1823863685131073 6
1747770921868 0.1926136314868927 7
1747770922211 0.21079544723033905 8
1747770922603 0.19943182170391083 9
1747770922839 0.24318182468414307 10
1747770923109 0.28920453786849976 11
1747770923402 0.29431816935539246 12
1747770923713 0.30965909361839294 13
1747770924018 0.31988635659217834 14
1747770924253 0.31534090638160706 15
1747770924525 0.34090909361839294 16
1747770924832 0.3443181812763214 17
1747770925159 0.3687500059604645 18
1747770925422 0.39829546213150024 19
1747770925825 0.3954545557498932 20
1747770926162 0.4579545557498932 21
1747770926453 0.4948863685131073 22
1747770926850 0.5289772748947144 23
1747770927217 0.543749988079071 24
1747770927611 0.5653409361839294 25
1747770927836 0.581250011920929 26
1747770928101 0.574999988079071 27
1747770928414 0.613068163394928 28
1747770928663 0.6267045736312866 29
1747770928937 0.6465908885002136 30
1747770929230 0.6534090638160706 31
1747770929527 0.6778408885002136 32
1747770929770 0.7107954621315002 33
1747770930047 0.7034090757369995 34
1747770930344 0.6971591114997864 35
1747770930606 0.7102272510528564 36
1747770930895 0.7448863387107849 37
1747770931148 0.7403408885002136 38
1747770931467 0.7471590638160706 39
1747770931877 0.7426136136054993 40
1747770932228 0.7562500238418579 41
1747770932627 0.769318163394928 42
1747770932972 0.7704545259475708 43
1747770933363 0.7755681872367859 44
1747770933710 0.7749999761581421 45
1747770934020 0.7863636612892151 46
1747770934334 0.7829545736312866 47
1747770934575 0.7920454740524292 48
1747770934868 0.8034090995788574 49
