1747771060734 168.11509303884142 0
1747771060954 138.14120922695878 1
1747771061177 101.1904537595942 2
1747771061396 52.75937743572733 3
1747771061616 32.927922574391 4
1747771061842 23.97591032200598 5
1747771062059 17.316929211097136 6
1747771062280 13.743728835732506 7
1747771062502 11.660115255482728 8
1747771062723 10.040316184021057 9
1747771062946 8.57407414478264 10
1747771063136 8.008679952962344 11
1747771063283 6.9534707359704075 12
1747771063437 6.225448737186636 13
1747771063599 5.687830286561843 14
1747771063796 5.108551873583971 15
1747771063952 4.823032400577403 16
1747771064109 4.703001468565259 17
1747771064270 4.17536376340861 18
1747771064428 3.7846753757376126 19
1747771064603 3.4559010917520108 20
1747771064769 3.0222902009799024 21
1747771064935 2.4954982904565632 22
1747771065102 1.8378095069341343 23
1747771065275 1.6066022721041693 24
1747771065440 1.3060403992615963 25
1747771065606 1.0483805120920624 26
1747771065771 0.7580308701386341 27
1747771065936 0.72552469383493 28
1747771066097 0.6091434519814543 29
1747771066258 0.5901500744377259 30
1747771066426 0.6744414860234292 31
1747771066588 0.5454849532545397 32
1747771066752 0.44671685729208804 33
1747771066952 0.49052550892142766 34
1747771067176 0.39418938281870425 35
1747771067398 0.5223921577321016 36
1747771067621 0.57598975388217 37
1747771067839 0.40776766975867196 38
1747771068059 0.40092717571692266 39
1747771068282 0.5930325223984182 40
1747771068502 0.49001868993609693 41
1747771068726 0.8896670627965102 42
1747771068951 0.3384950935232664 43
1747771069174 0.3416776478176701 44
1747771069365 0.38108064580124257 45
1747771069514 0.28464763342552596 46
1747771069671 0.29650494290931395 47
1747771069833 0.35795108735679065 48
1747771070000 0.3696651756984178 49
