1743896860873 0.2969542443752289 0
1743896884428 0.25854015350341797 1
1743896907889 0.24769729375839233 2
1743896931250 0.2406945377588272 3
1743896954745 0.23589791357517242 4
1743896978388 0.23201994597911835 5
1743897001773 0.22824060916900635 6
1743897025514 0.2242364138364792 7
1743897049119 0.22081029415130615 8
1743897071735 0.21628890931606293 9
1743897094862 0.21159783005714417 10
1743897118300 0.20505830645561218 11
1743897141480 0.1987716257572174 12
1743897165163 0.19238223135471344 13
1743897188417 0.18677876889705658 14
1743897211541 0.18153169751167297 15
1743897234138 0.1775386482477188 16
1743897257287 0.17335675656795502 17
1743897280556 0.16983428597450256 18
1743897303471 0.16673311591148376 19
1743897326895 0.16431249678134918 20
1743897350064 0.16253475844860077 21
1743897373468 0.16012918949127197 22
1743897396902 0.15908212959766388 23
1743897420627 0.15687549114227295 24
1743897444229 0.15570135414600372 25
1743897467309 0.15418386459350586 26
1743897490550 0.15368054807186127 27
1743897513835 0.1518605351448059 28
1743897536983 0.1509697437286377 29
1743897559902 0.14934363961219788 30
1743897583333 0.14923222362995148 31
1743897606759 0.14842389523983002 32
1743897629601 0.14717704057693481 33
1743897652654 0.1464378982782364 34
1743897676115 0.14538712799549103 35
1743897699791 0.14534662663936615 36
1743897723304 0.14404505491256714 37
1743897746359 0.14341652393341064 38
1743897769664 0.14303426444530487 39
1743897792816 0.14273196458816528 40
1743897816081 0.14212410151958466 41
1743897839573 0.1407506912946701 42
1743897862790 0.14097002148628235 43
1743897885796 0.14078015089035034 44
1743897908548 0.1395666003227234 45
1743897931813 0.1399753987789154 46
1743897955426 0.13876213133335114 47
1743897979047 0.13878178596496582 48
1743898002235 0.13790370523929596 49
