1743896860875 0.2986458024984581 0
1743896884429 0.20492817028198446 1
1743896907890 0.19442850168234335 2
1743896931251 0.18771690051377024 3
1743896954746 0.18203130950323562 4
1743896978389 0.17729595522594718 5
1743897001774 0.17289591130313955 6
1743897025516 0.16824147544422546 7
1743897049120 0.16372834267118538 8
1743897071736 0.15826252715466174 9
1743897094863 0.15194675313646303 10
1743897118302 0.14384051992212216 11
1743897141482 0.13627437263003542 12
1743897165164 0.12880260017662373 13
1743897188418 0.12240580141573537 14
1743897211542 0.11668417189416849 15
1743897234139 0.11206490771231829 16
1743897257289 0.10765564349385262 17
1743897280557 0.10382100487722383 18
1743897303472 0.1006298964821261 19
1743897326896 0.09797230685228182 20
1743897350065 0.09587390836612918 21
1743897373469 0.09351001167972174 22
1743897396903 0.09227548329630961 23
1743897420628 0.09019823261495782 24
1743897444230 0.08881767794275144 25
1743897467310 0.0874617075672805 26
1743897490551 0.0867205914665715 27
1743897513836 0.08519032883230145 28
1743897536984 0.08416093565169107 29
1743897559903 0.08272072832797714 30
1743897583334 0.08226425197227694 31
1743897606760 0.08137598409324252 32
1743897629602 0.08037443101507996 33
1743897652655 0.07945433296839231 34
1743897676116 0.07847837501868131 35
1743897699793 0.078101832272059 36
1743897723305 0.07718038761917974 37
1743897746360 0.07641761124749892 38
1743897769665 0.07586387728022594 39
1743897792817 0.0754298717780306 40
1743897816082 0.0748745041375916 41
1743897839574 0.07385487381436279 42
1743897862791 0.07368736904130165 43
1743897885798 0.07353262200616753 44
1743897908549 0.0723229262795415 45
1743897931814 0.07244874690865853 46
1743897955427 0.0715809784778314 47
1743897979048 0.07138078652132852 48
1743898002237 0.07067937497838467 49
