1747771193326 0.17329545319080353 0
1747771193731 0.2863636314868927 1
1747771194086 0.415909081697464 2
1747771194417 0.6505681872367859 3
1747771194771 0.8295454382896423 4
1747771195132 0.9011363387107849 5
1747771195520 0.9357954263687134 6
1747771195911 0.9193181991577148 7
1747771196295 0.9420454502105713 8
1747771196689 0.9426136612892151 9
1747771197073 0.9477272629737854 10
1747771197424 0.9551136493682861 11
1747771197749 0.9596590995788574 12
1747771198131 0.9596590995788574 13
1747771198440 0.9585227370262146 14
1747771198754 0.9659090638160706 15
1747771199129 0.9630681872367859 16
1747771199446 0.9664772748947144 17
1747771199767 0.9647727012634277 18
1747771200089 0.9607954621315002 19
1747771200409 0.9585227370262146 20
1747771200805 0.9659090638160706 21
1747771201155 0.9681817889213562 22
1747771201612 0.9670454263687134 23
1747771202039 0.9732954502105713 24
1747771202442 0.9676136374473572 25
1747771202846 0.9664772748947144 26
1747771203240 0.9721590876579285 27
1747771203610 0.9784091114997864 28
1747771203955 0.9710227251052856 29
1747771204271 0.9715909361839294 30
1747771204649 0.9738636612892151 31
1747771204939 0.9732954502105713 32
1747771205240 0.9772727489471436 33
1747771205555 0.9767045378684998 34
1747771205863 0.9738636612892151 35
1747771206173 0.9772727489471436 36
1747771206538 0.9738636612892151 37
1747771206859 0.9693182110786438 38
1747771207182 0.9698863625526428 39
1747771207499 0.9755681753158569 40
1747771207885 0.9738636612892151 41
1747771208287 0.9710227251052856 42
1747771208699 0.9789772629737854 43
1747771209065 0.9778409004211426 44
1747771209461 0.981249988079071 45
1747771209843 0.9778409004211426 46
1747771210151 0.9789772629737854 47
1747771210446 0.9801136255264282 48
1747771210754 0.9801136255264282 49
