1747771193329 3.0515824704735834 0
1747771193733 2.643671030266052 1
1747771194088 2.0364301694619513 2
1747771194420 1.2301123561533767 3
1747771194773 0.5248999242434478 4
1747771195135 0.29410528405566827 5
1747771195524 0.21032903259590813 6
1747771195914 0.210692866041133 7
1747771196298 0.16981007043303728 8
1747771196692 0.15781028835226904 9
1747771197077 0.14495343897837776 10
1747771197426 0.1221350256183076 11
1747771197751 0.11173830920243953 12
1747771198134 0.11518250165208295 13
1747771198442 0.11034912121371732 14
1747771198756 0.09357035978075533 15
1747771199132 0.09226659924444254 16
1747771199449 0.09343918855983384 17
1747771199769 0.0962987096516507 18
1747771200091 0.1045694164001242 19
1747771200412 0.11121624229058856 20
1747771200807 0.08899673782434855 21
1747771201158 0.08423483832103813 22
1747771201616 0.0861362481293334 23
1747771202042 0.08015968095524936 24
1747771202445 0.09120327549330633 25
1747771202849 0.09070163661968225 26
1747771203243 0.08137430934400358 27
1747771203612 0.07513609394718157 28
1747771203957 0.074616289504123 29
1747771204274 0.06891074622587863 30
1747771204651 0.0767184822052637 31
1747771204942 0.0715153568621113 32
1747771205242 0.06305174859317648 33
1747771205557 0.059944863750090505 34
1747771205865 0.06431215550531848 35
1747771206175 0.06125554416095585 36
1747771206540 0.06299156972137276 37
1747771206862 0.07226852292291193 38
1747771207185 0.08220448532437362 39
1747771207503 0.06471503170046447 40
1747771207888 0.0665321981231764 41
1747771208290 0.0750947836203064 42
1747771208702 0.05792592635261663 43
1747771209069 0.06266064070140041 44
1747771209465 0.052824855673169836 45
1747771209845 0.0547908831352228 46
1747771210153 0.05600439529743074 47
1747771210448 0.052745421322208184 48
1747771210757 0.050870216414766696 49
