1747770447289 0.6982954740524292 0
1747770447531 0.8664772510528564 1
1747770447732 0.9227272868156433 2
1747770447962 0.9272727370262146 3
1747770448163 0.9261363744735718 4
1747770448379 0.9426136612892151 5
1747770448575 0.9528409242630005 6
1747770448758 0.9437500238418579 7
1747770448978 0.9517045617103577 8
1747770449178 0.9511363506317139 9
1747770449378 0.9585227370262146 10
1747770449548 0.9573863744735718 11
1747770449734 0.9551136493682861 12
1747770449949 0.9647727012634277 13
1747770450150 0.9528409242630005 14
1747770450330 0.9551136493682861 15
1747770450597 0.9539772868156433 16
1747770450859 0.9539772868156433 17
1747770451125 0.9534090757369995 18
1747770451384 0.9585227370262146 19
1747770451670 0.9630681872367859 20
1747770451945 0.9681817889213562 21
1747770452211 0.9647727012634277 22
1747770452515 0.9676136374473572 23
1747770452791 0.9528409242630005 24
1747770453012 0.9636363387107849 25
1747770453253 0.9624999761581421 26
1747770453478 0.9693182110786438 27
1747770453730 0.9704545736312866 28
1747770453948 0.9676136374473572 29
1747770454194 0.96875 30
1747770454414 0.9659090638160706 31
1747770454605 0.9607954621315002 32
1747770454815 0.9607954621315002 33
1747770455013 0.9642045497894287 34
1747770455235 0.9681817889213562 35
1747770455435 0.9664772748947144 36
1747770455619 0.9624999761581421 37
1747770455817 0.9545454382896423 38
1747770456014 0.9607954621315002 39
1747770456234 0.9710227251052856 40
1747770456432 0.9727272987365723 41
1747770456639 0.9732954502105713 42
1747770456913 0.9681817889213562 43
1747770457182 0.9732954502105713 44
1747770457445 0.9647727012634277 45
1747770457712 0.9715909361839294 46
1747770457955 0.9664772748947144 47
1747770458146 0.9613636136054993 48
1747770458354 0.9619318246841431 49
