1747726889122 0.2585775456414343 0
1747726905418 0.2384856722625389 1
1747726921656 0.2381188791852497 2
1747726938481 0.23795185848279063 3
1747726954859 0.23794640827885702 4
1747726971745 0.23760124840744556 5
1747726988494 0.23755629837587033 6
1747727005157 0.23738943609189245 7
1747727021762 0.2374477887576489 8
1747727037540 0.23727580933937836 9
1747727053772 0.23736436574942407 10
1747727070046 0.2372365378654845 11
1747727087400 0.2372394459729431 12
1747727103997 0.23733031972430726 13
1747727120722 0.23711720912270115 14
1747727137709 0.23707182839497645 15
1747727154278 0.23706324407694024 16
1747727170764 0.23701464873279085 17
1747727186130 0.236984208109299 18
1747727202370 0.23694984536675717 19
1747727218720 0.23687948487343222 20
1747727235591 0.23690113500510043 21
1747727251989 0.23688540305090702 22
1747727268420 0.23680753130589496 23
1747727285092 0.23677312482919727 24
1747727301861 0.23681827284835896 25
1747727318383 0.2368143858081885 26
1747727335237 0.23670141612619633 27
1747727351603 0.23674772657917614 28
1747727367885 0.23668683252776873 29
1747727384525 0.23661831157688903 30
1747727399954 0.23666197038429845 31
1747727417003 0.23668762009320915 32
1747727433612 0.2366400228593211 33
1747727449454 0.23648555216506284 34
1747727465344 0.2366484473880868 35
1747727481746 0.23655765619777203 36
1747727498229 0.23652706389622546 37
1747727515200 0.23638517032184533 38
1747727531487 0.2365009274417512 39
1747727548531 0.23646838687798583 40
1747727565032 0.23649947731266502 41
1747727581655 0.23650213563230169 42
1747727598583 0.23630574325441894 43
1747727615006 0.23635580538442252 44
1747727631453 0.23640307103311747 45
1747727647901 0.23633631229893368 46
1747727664471 0.23645752062429465 47
1747727680540 0.23641154459137154 48
1747727696608 0.23631213776333185 49
