1747726889121 0.9028244614601135 0
1747726905417 0.9146601557731628 1
1747726921655 0.9148868918418884 2
1747726938480 0.9152151942253113 3
1747726954859 0.9151644110679626 4
1747726971745 0.9151604771614075 5
1747726988493 0.9152347445487976 6
1747727005156 0.9152425527572632 7
1747727021761 0.9153324961662292 8
1747727037539 0.9153598546981812 9
1747727053771 0.9153989553451538 10
1747727070045 0.9154263138771057 11
1747727087399 0.9152816534042358 12
1747727103997 0.9152347445487976 13
1747727120721 0.9151722192764282 14
1747727137708 0.9152582287788391 15
1747727154277 0.9152035117149353 16
1747727170763 0.9154966473579407 17
1747727186129 0.9153441786766052 18
1747727202369 0.9153051376342773 19
1747727218719 0.9153324961662292 20
1747727235590 0.9153676629066467 21
1747727251988 0.9153051376342773 22
1747727268419 0.9153637290000916 23
1747727285091 0.9155044555664062 24
1747727301860 0.9154692888259888 25
1747727318382 0.9154263138771057 26
1747727335236 0.9154497385025024 27
1747727351602 0.9154184460639954 28
1747727367885 0.9154263138771057 29
1747727384524 0.9152894616127014 30
1747727399953 0.9154106378555298 31
1747727417002 0.9154458045959473 32
1747727433612 0.9155200719833374 33
1747727449453 0.9153246879577637 34
1747727465343 0.9152504205703735 35
1747727481746 0.9153637290000916 36
1747727498228 0.9154067635536194 37
1747727515200 0.9153246879577637 38
1747727531486 0.9153481125831604 39
1747727548529 0.9154028296470642 40
1747727565032 0.9153715372085571 41
1747727581654 0.9153832793235779 42
1747727598582 0.9155200719833374 43
1747727615005 0.9154497385025024 44
1747727631453 0.9154341220855713 45
1747727647900 0.915414571762085 46
1747727664470 0.9153207540512085 47
1747727680539 0.9154028296470642 48
1747727696607 0.9153090119361877 49
