1747771957080 0.7545454502105713 0
1747771957277 0.8710227012634277 1
1747771957495 0.9147727489471436 2
1747771957769 0.9272727370262146 3
1747771958047 0.9426136612892151 4
1747771958326 0.9505681991577148 5
1747771958599 0.9340909123420715 6
1747771958810 0.9465909004211426 7
1747771959008 0.9551136493682861 8
1747771959213 0.956818163394928 9
1747771959421 0.9482954740524292 10
1747771959630 0.9522727131843567 11
1747771959839 0.9505681991577148 12
1747771960050 0.9545454382896423 13
1747771960261 0.9579545259475708 14
1747771960474 0.9545454382896423 15
1747771960686 0.9670454263687134 16
1747771960976 0.9579545259475708 17
1747771961188 0.9545454382896423 18
1747771961406 0.9551136493682861 19
1747771961618 0.9613636136054993 20
1747771961830 0.9624999761581421 21
1747771962047 0.9670454263687134 22
1747771962258 0.9642045497894287 23
1747771962498 0.9710227251052856 24
1747771962776 0.9715909361839294 25
1747771963059 0.9676136374473572 26
1747771963342 0.9710227251052856 27
1747771963624 0.9642045497894287 28
1747771963843 0.9596590995788574 29
1747771964048 0.9585227370262146 30
1747771964254 0.9630681872367859 31
1747771964466 0.9659090638160706 32
1747771964676 0.9727272987365723 33
1747771964880 0.9698863625526428 34
1747771965090 0.9710227251052856 35
1747771965303 0.9693182110786438 36
1747771965505 0.9653409123420715 37
1747771965718 0.9619318246841431 38
1747771965921 0.9630681872367859 39
1747771966126 0.956818163394928 40
1747771966331 0.9613636136054993 41
1747771966535 0.9693182110786438 42
1747771966747 0.9732954502105713 43
1747771966952 0.9727272987365723 44
1747771967157 0.9778409004211426 45
1747771967370 0.9721590876579285 46
1747771967649 0.96875 47
1747771967929 0.9698863625526428 48
1747771968208 0.9715909361839294 49
