1747771456226 0.2874999940395355 0
1747771456567 0.5653409361839294 1
1747771456910 0.7857954502105713 2
1747771457216 0.918749988079071 3
1747771457436 0.9386363625526428 4
1747771457665 0.9477272629737854 5
1747771457904 0.9613636136054993 6
1747771458151 0.9642045497894287 7
1747771458400 0.9659090638160706 8
1747771458648 0.9653409123420715 9
1747771458896 0.9624999761581421 10
1747771459144 0.9590908885002136 11
1747771459393 0.9670454263687134 12
1747771459641 0.9681817889213562 13
1747771459889 0.9693182110786438 14
1747771460137 0.9767045378684998 15
1747771460386 0.9727272987365723 16
1747771460634 0.9732954502105713 17
1747771460886 0.9710227251052856 18
1747771461228 0.9772727489471436 19
1747771461570 0.9772727489471436 20
1747771461913 0.9795454740524292 21
1747771462211 0.9767045378684998 22
1747771462450 0.9761363863945007 23
1747771462695 0.9772727489471436 24
1747771462943 0.9761363863945007 25
1747771463191 0.9744318127632141 26
1747771463440 0.981249988079071 27
1747771463689 0.9818181991577148 28
1747771463932 0.9835227131843567 29
1747771464178 0.9801136255264282 30
1747771464426 0.9767045378684998 31
1747771464674 0.9755681753158569 32
1747771464922 0.9738636612892151 33
1747771465170 0.980681836605072 34
1747771465418 0.9795454740524292 35
1747771465665 0.981249988079071 36
1747771465942 0.9823863506317139 37
1747771466289 0.980681836605072 38
1747771466635 0.9761363863945007 39
1747771466981 0.981249988079071 40
1747771467258 0.9801136255264282 41
1747771467499 0.980681836605072 42
1747771467746 0.9846590757369995 43
1747771467994 0.980681836605072 44
1747771468244 0.9840909242630005 45
1747771468494 0.9750000238418579 46
1747771468743 0.9715909361839294 47
1747771468993 0.9710227251052856 48
1747771469242 0.9818181991577148 49
