1747770498207 0.9210227131843567 0
1747770498505 0.9352272748947144 1
1747770498800 0.9488636255264282 2
1747770499072 0.9420454502105713 3
1747770499375 0.9522727131843567 4
1747770499673 0.9482954740524292 5
1747770499984 0.949999988079071 6
1747770500213 0.9579545259475708 7
1747770500649 0.9528409242630005 8
1747770501378 0.9517045617103577 9
1747770502072 0.956250011920929 10
1747770502878 0.9602272510528564 11
1747770503549 0.9624999761581421 12
1747770504165 0.9573863744735718 13
1747770504731 0.9539772868156433 14
1747770505402 0.9596590995788574 15
1747770506146 0.9596590995788574 16
1747770506920 0.9630681872367859 17
1747770507110 0.9602272510528564 18
1747770507343 0.9664772748947144 19
1747770507565 0.9693182110786438 20
1747770507786 0.9681817889213562 21
1747770507991 0.96875 22
1747770508219 0.9607954621315002 23
1747770508434 0.9647727012634277 24
1747770508620 0.9613636136054993 25
1747770508876 0.9681817889213562 26
1747770509177 0.9659090638160706 27
1747770509475 0.9670454263687134 28
1747770509757 0.96875 29
1747770510062 0.9659090638160706 30
1747770510262 0.9710227251052856 31
1747770510458 0.9670454263687134 32
1747770510705 0.9670454263687134 33
1747770510920 0.9721590876579285 34
1747770511107 0.9704545736312866 35
1747770511339 0.9659090638160706 36
1747770511558 0.9732954502105713 37
1747770511769 0.9534090757369995 38
1747770512003 0.9681817889213562 39
1747770512223 0.9585227370262146 40
1747770512446 0.9653409123420715 41
1747770512675 0.9744318127632141 42
1747770512913 0.9727272987365723 43
1747770513154 0.9693182110786438 44
1747770513372 0.9738636612892151 45
1747770513613 0.9744318127632141 46
1747770513874 0.9704545736312866 47
1747770514146 0.9732954502105713 48
1747770514462 0.9732954502105713 49
