1747633796176 0.1187993660569191 0
1747633806850 0.08016882091760635 1
1747633817042 0.061420004814863205 2
1747633827110 0.047886013984680176 3
1747633837655 0.03312946856021881 4
1747633847990 0.027570098638534546 5
1747633857861 0.02568499930202961 6
1747633868304 0.023165421560406685 7
1747633878318 0.02151109091937542 8
1747633888641 0.019638272002339363 9
1747633898747 0.01810639724135399 10
1747633908822 0.017715027555823326 11
1747633918896 0.018014099448919296 12
1747633929356 0.01635861210525036 13
1747633939233 0.015697864815592766 14
1747633949472 0.01607951521873474 15
1747633959880 0.01568835787475109 16
1747633969485 0.015503120608627796 17
1747633979954 0.014671046286821365 18
1747633990403 0.015010925941169262 19
1747634000535 0.014649257995188236 20
1747634010941 0.013830140233039856 21
1747634021153 0.013468312099575996 22
1747634031156 0.012799604795873165 23
1747634041762 0.013243962079286575 24
1747634052047 0.01303065288811922 25
1747634062332 0.012804715894162655 26
1747634072756 0.012494045309722424 27
1747634082778 0.012520948424935341 28
1747634093021 0.01205475628376007 29
1747634103601 0.012318221852183342 30
1747634113375 0.012010532431304455 31
1747634123321 0.011836526915431023 32
1747634134024 0.011018780060112476 33
1747634144163 0.011843862012028694 34
1747634154313 0.011549594812095165 35
1747634164491 0.011173535138368607 36
1747634174793 0.011094453744590282 37
1747634185093 0.011222911067306995 38
1747634195604 0.010804707184433937 39
1747634205565 0.011154194362461567 40
1747634215750 0.010763959027826786 41
1747634226103 0.011340366676449776 42
1747634236287 0.012807724066078663 43
1747634246329 0.011845079250633717 44
1747634256817 0.010800872929394245 45
1747634266702 0.010805925354361534 46
1747634277074 0.010122360661625862 47
1747634287543 0.009644214063882828 48
1747634297795 0.010913125239312649 49
