1747633796177 0.28263706094237456 0
1747633806851 0.05523055568742683 1
1747633817044 0.031808831303710296 2
1747633827111 0.018495560803189467 3
1747633837656 0.009406327753203597 4
1747633847992 0.007050443998048445 5
1747633857862 0.006539718258238059 6
1747633868305 0.005501075955839824 7
1747633878320 0.005125925657902391 8
1747633888643 0.0044342456021702085 9
1747633898748 0.0036901642564313906 10
1747633908824 0.003982962750218307 11
1747633918897 0.0040660235825307695 12
1747633929358 0.0034621472432869124 13
1747633939235 0.0034616871735276486 14
1747633949474 0.00360154606081769 15
1747633959882 0.0037293525829504583 16
1747633969487 0.0033854494385462267 17
1747633979956 0.0032314791795883535 18
1747633990405 0.0034789364666793217 19
1747634000537 0.0031813534459533247 20
1747634010943 0.0030523987141847513 21
1747634021155 0.002890865880404865 22
1747634031157 0.002939563063613708 23
1747634041763 0.0029402089801296534 24
1747634052049 0.002958630645942471 25
1747634062333 0.0027450748527412016 26
1747634072757 0.002539649919335455 27
1747634082780 0.0026570759030112075 28
1747634093022 0.0024515677782517677 29
1747634103602 0.002519930283506661 30
1747634113376 0.002449127298791883 31
1747634123322 0.0025461981047512528 32
1747634134025 0.002371752559046647 33
1747634144164 0.002504548775905218 34
1747634154314 0.0024145340131517686 35
1747634164492 0.002374962989099784 36
1747634174795 0.0024040290351982764 37
1747634185095 0.0023206015221968286 38
1747634195605 0.002277119893198396 39
1747634205566 0.0024116807655025444 40
1747634215751 0.002218743334822695 41
1747634226104 0.002353813944642784 42
1747634236288 0.004093317171331048 43
1747634246330 0.0023144865118055933 44
1747634256818 0.002254098187998259 45
1747634266704 0.0023128866107703875 46
1747634277075 0.0022466335539199737 47
1747634287544 0.002164624911004814 48
1747634297797 0.0025300346861858026 49
