1747570805996 4.511918187200139 0
1747570811729 0.19486944140740467 1
1747570817392 0.15656215555019198 2
1747570823128 0.1435626047430429 3
1747570828975 0.1383609467230191 4
1747570834491 0.1331978218307554 5
1747570840161 0.126231383739063 6
1747570845735 0.10758505737949785 7
1747570851350 0.06415919524269187 8
1747570857070 0.06042718770195805 9
1747570862776 0.05950334000823393 10
1747570868510 0.05881123418781735 11
1747570874339 0.058184514271215855 12
1747570880223 0.057716021173799335 13
1747570886125 0.0574669848704127 14
1747570891098 0.0573367659578214 15
1747570896151 0.05723287412334934 16
1747570901778 0.05715671481401759 17
1747570907435 0.057043594904244065 18
1747570913049 0.0569067052865436 19
1747570918752 0.056767614090231046 20
1747570924553 0.05663525228626326 21
1747570930335 0.056559001111661275 22
1747570935685 0.056489926411768476 23
1747570940587 0.056432938299097575 24
1747570946012 0.056410071981758104 25
1747570951586 0.05642415244889248 26
1747570957046 0.05637875559830482 27
1747570962388 0.05637204046424267 28
1747570967898 0.05636113529725817 29
1747570973373 0.056363425457246416 30
1747570978487 0.05631893878529425 31
1747570983768 0.05631876920861588 32
1747570989203 0.0563196996939661 33
1747570994091 0.05629243565442981 34
1747570999713 0.056299140982208125 35
1747571005256 0.056297178554800306 36
1747571011693 0.05628664660846557 37
1747571017158 0.05627644801278946 38
1747571022602 0.0562714290985255 39
1747571027698 0.05626587401276021 40
1747571032836 0.05626761241881368 41
1747571038223 0.056257265879856924 42
1747571043792 0.056278822767056605 43
1747571048892 0.05625404587594273 44
1747571054427 0.056250725521654985 45
1747571059850 0.05626630647806069 46
1747571065224 0.05623845735646909 47
1747571070374 0.05623903366764429 48
1747571075769 0.0562372263224511 49
