1747770196575 3449.8679100455597 0
1747770196778 1704.5268367410604 1
1747770196929 748.6712374055687 2
1747770197085 513.9478219664244 3
1747770197236 370.8693775688096 4
1747770197390 266.33025606455027 5
1747770197551 196.73249901323035 6
1747770197712 143.67296787725542 7
1747770197859 102.03713182899799 8
1747770198011 78.6029179445243 9
1747770198164 62.12160799152047 10
1747770198322 49.782409731593 11
1747770198495 39.93412849460885 12
1747770198654 31.443824106903243 13
1747770198796 24.445648931150718 14
1747770198940 19.155688208246367 15
1747770199082 14.846503285918672 16
1747770199229 11.575580313028336 17
1747770199369 9.19063712396272 18
1747770199559 7.254332753617524 19
1747770199755 6.02805128878405 20
1747770199946 5.2121195338531745 21
1747770200139 4.490156327165139 22
1747770200334 3.9699257300814397 23
1747770200528 3.567392386511216 24
1747770200724 3.247257151675609 25
1747770200919 2.912758029979531 26
1747770201115 2.649770701528158 27
1747770201309 2.4098131206913656 28
1747770201507 2.1372482153697634 29
1747770201708 1.9090336123797964 30
1747770201890 1.7056262769891475 31
1747770202021 1.513350525666707 32
1747770202157 1.3584189313741388 33
1747770202301 1.2335660069873187 34
1747770202443 1.0957313319085682 35
1747770202588 0.9955568036225612 36
1747770202731 0.8998202093724007 37
1747770202900 0.8085307004750509 38
1747770203071 0.7217544132493775 39
1747770203217 0.6454164872693371 40
1747770203364 0.5922316329408067 41
1747770203510 0.5232674966954757 42
1747770203649 0.4780193601363179 43
1747770203789 0.43606653918242594 44
1747770203927 0.40097559229092766 45
1747770204069 0.3620932024617818 46
1747770204209 0.33328082362336797 47
1747770204351 0.3120234579969803 48
1747770204490 0.2865900105820792 49
