1747770196574 42.471435546875 0
1747770196776 27.214950561523438 1
1747770196928 18.676883697509766 2
1747770197084 16.171449661254883 3
1747770197235 13.648240089416504 4
1747770197388 11.634950637817383 5
1747770197550 10.146465301513672 6
1747770197711 8.850650787353516 7
1747770197858 7.508960723876953 8
1747770198010 6.562442779541016 9
1747770198163 5.822828769683838 10
1747770198320 5.240998268127441 11
1747770198494 4.711042881011963 12
1747770198653 4.20529317855835 13
1747770198795 3.7552919387817383 14
1747770198939 3.3084657192230225 15
1747770199081 2.8992557525634766 16
1747770199228 2.5329198837280273 17
1747770199368 2.227949857711792 18
1747770199557 1.9594486951828003 19
1747770199754 1.7725340127944946 20
1747770199945 1.6189820766448975 21
1747770200137 1.4820165634155273 22
1747770200332 1.3674108982086182 23
1747770200527 1.2819976806640625 24
1747770200722 1.205566644668579 25
1747770200917 1.1312905550003052 26
1747770201114 1.0716983079910278 27
1747770201307 1.0174176692962646 28
1747770201505 0.9584053158760071 29
1747770201706 0.8943849205970764 30
1747770201889 0.8494635820388794 31
1747770202020 0.8021785020828247 32
1747770202156 0.7649801969528198 33
1747770202300 0.7261386513710022 34
1747770202442 0.6872758269309998 35
1747770202586 0.654870867729187 36
1747770202730 0.6207271218299866 37
1747770202898 0.5886567831039429 38
1747770203070 0.5541430711746216 39
1747770203216 0.5245569944381714 40
1747770203362 0.5029809474945068 41
1747770203509 0.4712628126144409 42
1747770203648 0.446980357170105 43
1747770203788 0.42564311623573303 44
1747770203925 0.4066563844680786 45
1747770204068 0.3820829391479492 46
1747770204208 0.36522549390792847 47
1747770204350 0.35190349817276 48
1747770204489 0.33921241760253906 49
