1747772083697 2.6581437988972065 0
1747772083935 1.5755146997817797 1
1747772084173 0.5606071108527154 2
1747772084417 0.29498397672133186 3
1747772084656 0.1540624569953066 4
1747772084896 0.1452060594981266 5
1747772085133 0.13018485370771637 6
1747772085371 0.12415376015634881 7
1747772085623 0.1002775530759881 8
1747772085876 0.09676486726733509 9
1747772086134 0.08859124242653503 10
1747772086388 0.07691544532476371 11
1747772086675 0.08075692724141773 12
1747772087014 0.0709003570874053 13
1747772087353 0.06764224877558002 14
1747772087692 0.07253522270601652 15
1747772087971 0.07705141778419657 16
1747772088222 0.06886948650138347 17
1747772088474 0.0913121642411281 18
1747772088729 0.10021947646283244 19
1747772088983 0.08031306085580955 20
1747772089238 0.060888659569894754 21
1747772089493 0.05704579264657395 22
1747772089748 0.0707830586134365 23
1747772090004 0.07484623017293701 24
1747772090259 0.0888085903770603 25
1747772090519 0.06329831551630058 26
1747772090780 0.06981207156279345 27
1747772091040 0.05340965054789372 28
1747772091301 0.06109946217783779 29
1747772091577 0.05822903959531966 30
1747772091921 0.05413424165631121 31
1747772092265 0.06387031691888372 32
1747772092611 0.04846678376014065 33
1747772092903 0.0768824289881408 34
1747772093155 0.10848529901132205 35
1747772093408 0.10145606814906731 36
1747772093663 0.06091464842746778 37
1747772093918 0.06277622736062956 38
1747772094174 0.057429971445534314 39
1747772094429 0.06593421779992739 40
1747772094685 0.04884497131039235 41
1747772094940 0.059452953664121136 42
1747772095202 0.07459560949354752 43
1747772095462 0.055633047078752655 44
1747772095722 0.0447056750017147 45
1747772095981 0.05835279491883507 46
1747772096241 0.04970822445357033 47
1747772096504 0.05350079241408528 48
1747772096847 0.04480871776860786 49
