1743953733995 0.18694482631033765 0
1743953759298 0.11580132215348717 1
1743953784552 0.0975246505273751 2
1743953810028 0.08669193414183285 3
1743953835331 0.09572964513674899 4
1743953860586 0.06735485495244525 5
1743953885665 0.05788663120893027 6
1743953910935 0.055662067672281296 7
1743953936609 0.05482534456788234 8
1743953961735 0.053456721601445954 9
1743953986825 0.041419703878575756 10
1743954011960 0.042947462106053685 11
1743954036999 0.041222780842943105 12
1743954061883 0.03614360610585334 13
1743954087049 0.030192153131902124 14
1743954112132 0.03238234474379418 15
1743954137178 0.027216399435047185 16
1743954162375 0.04711380818884326 17
1743954187642 0.025758696856802193 18
1743954212844 0.02218219330170233 19
1743954238027 0.022695177236507953 20
1743954263377 0.021313941790468888 21
1743954288589 0.04003032188693109 22
1743954314157 0.020245801962896805 23
1743954339271 0.01764383421214834 24
1743954364309 0.019498817501570002 25
1743954389427 0.0338715864184637 26
1743954414274 0.019553622631420464 27
1743954439251 0.015353863706079064 28
1743954464280 0.01708871186896923 29
1743954489455 0.015216035070285365 30
1743954514618 0.01591492488419914 31
1743954539476 0.02115931978279703 32
1743954564624 0.026420208850799168 33
1743954589579 0.01784858538911447 34
1743954614831 0.011609338790197918 35
1743954639995 0.024858992027540768 36
1743954665345 0.011342424977107047 37
1743954690705 0.009256972193107506 38
1743954715890 0.021097507907001618 39
1743954741282 0.010330015128312735 40
1743954766552 0.009269579346897134 41
1743954791940 0.011306587225694074 42
1743954817146 0.010228394286791159 43
1743954842367 0.011994248412130525 44
1743954867900 0.008338619255236962 45
1743954893295 0.012942793573181063 46
1743954918478 0.008598314989954246 47
1743954943941 0.010700874451528862 48
1743954969270 0.009948043932300133 49
