1747621370504 0.40807703216749797 0
1747621380998 0.05781092627553787 1
1747621391581 0.042525662717202636 2
1747621402438 0.021127174845745982 3
1747621412973 0.009086233132919747 4
1747621423828 0.007091056141868317 5
1747621433997 0.005621157205847657 6
1747621444369 0.004624602036222517 7
1747621454857 0.004483716688600584 8
1747621465370 0.003497386245974863 9
1747621476229 0.00297129057500188 10
1747621486887 0.002689840725206798 11
1747621497371 0.0024411906109566475 12
1747621508224 0.0029779205543780714 13
1747621518909 0.0019417785396449701 14
1747621529364 0.0017715875099130487 15
1747621540321 0.0016715166808480327 16
1747621550879 0.0016513334097543464 17
1747621561116 0.0017847326135856337 18
1747621571489 0.0016754844242475471 19
1747621582579 0.001536504699683131 20
1747621593216 0.0016122898742782913 21
1747621603486 0.0015482020123721973 22
1747621614088 0.0012536782182339386 23
1747621625062 0.0010946671030956504 24
1747621636297 0.0013080982106624638 25
1747621646984 0.0011292208567175955 26
1747621657644 0.0011289208546012665 27
1747621667994 0.0012308540680516875 28
1747621678060 0.0010916210978551594 29
1747621688636 0.0010646080286164546 30
1747621699487 0.000924488996583377 31
1747621710250 0.00107020134859402 32
1747621721171 0.0010383511795907623 33
1747621731601 0.0010026077666238705 34
1747621742461 0.0009365840064150067 35
1747621753435 0.00087126896409913 36
1747621764187 0.0009762714381562586 37
1747621774385 0.0009405117799332201 38
1747621785287 0.0010534716268147857 39
1747621796036 0.000817630484603626 40
1747621806912 0.000846139516302222 41
1747621817855 0.0008334957063581491 42
1747621828252 0.0009739841135394765 43
1747621839258 0.0007528263111144174 44
1747621850255 0.000915746612308543 45
1747621860873 0.0007992822028168269 46
1747621871674 0.0010156015142808463 47
1747621882196 0.0007452190777260333 48
1747621893090 0.0008512859562481639 49
