1747621370502 0.143748477101326 0
1747621380997 0.08314517140388489 1
1747621391580 0.0678066536784172 2
1747621402437 0.04945117607712746 3
1747621412972 0.033186305314302444 4
1747621423827 0.02675464004278183 5
1747621433995 0.023535404354333878 6
1747621444367 0.020725904032588005 7
1747621454856 0.019861232489347458 8
1747621465369 0.018528541550040245 9
1747621476228 0.01757705770432949 10
1747621486885 0.017058679834008217 11
1747621497370 0.016133230179548264 12
1747621508223 0.017038961872458458 13
1747621518907 0.015428059734404087 14
1747621529362 0.014749893918633461 15
1747621540319 0.01432664506137371 16
1747621550878 0.014212346635758877 17
1747621561114 0.013623207807540894 18
1747621571487 0.013493108563125134 19
1747621582578 0.012869689613580704 20
1747621593214 0.01305113174021244 21
1747621603485 0.013121780939400196 22
1747621614086 0.012242008931934834 23
1747621625061 0.012020907364785671 24
1747621636296 0.012237193994224072 25
1747621646983 0.011133597232401371 26
1747621657642 0.010740515775978565 27
1747621667992 0.0111964987590909 28
1747621678058 0.01094559021294117 29
1747621688635 0.010929223150014877 30
1747621699486 0.010485108941793442 31
1747621710249 0.010502122342586517 32
1747621721169 0.010513229295611382 33
1747621731599 0.010403450578451157 34
1747621742460 0.009685751982033253 35
1747621753434 0.009719911962747574 36
1747621764185 0.010094748809933662 37
1747621774383 0.009310967288911343 38
1747621785286 0.010043243877589703 39
1747621796034 0.009571797214448452 40
1747621806910 0.009576081298291683 41
1747621817853 0.009188922122120857 42
1747621828250 0.009782716631889343 43
1747621839256 0.008902210742235184 44
1747621850254 0.009576872922480106 45
1747621860871 0.008854547515511513 46
1747621871673 0.009695148095488548 47
1747621882195 0.008787427097558975 48
1747621893089 0.00915802177041769 49
