1747770967283 0.17272727191448212 0
1747770967550 0.42500001192092896 1
1747770967808 0.5363636612892151 2
1747770968034 0.699431836605072 3
1747770968238 0.7738636136054993 4
1747770968490 0.8454545736312866 5
1747770968751 0.8835227489471436 6
1747770969065 0.9011363387107849 7
1747770969368 0.9170454740524292 8
1747770969661 0.9386363625526428 9
1747770969964 0.9426136612892151 10
1747770970273 0.9426136612892151 11
1747770970582 0.9471591114997864 12
1747770970894 0.949999988079071 13
1747770971180 0.9613636136054993 14
1747770971382 0.9511363506317139 15
1747770971621 0.9511363506317139 16
1747770971843 0.9528409242630005 17
1747770972064 0.9556818008422852 18
1747770972279 0.956818163394928 19
1747770972523 0.9596590995788574 20
1747770972761 0.9573863744735718 21
1747770973000 0.9579545259475708 22
1747770973211 0.9522727131843567 23
1747770973457 0.9636363387107849 24
1747770973712 0.956818163394928 25
1747770973947 0.9653409123420715 26
1747770974157 0.9664772748947144 27
1747770974399 0.9573863744735718 28
1747770974623 0.9642045497894287 29
1747770974863 0.9596590995788574 30
1747770975151 0.9607954621315002 31
1747770975457 0.9619318246841431 32
1747770975805 0.9676136374473572 33
1747770976112 0.9630681872367859 34
1747770976437 0.9659090638160706 35
1747770976752 0.9624999761581421 36
1747770977031 0.9693182110786438 37
1747770977886 0.9681817889213562 38
1747770978757 0.9676136374473572 39
1747770979662 0.9624999761581421 40
1747770980545 0.9664772748947144 41
1747770981331 0.9721590876579285 42
1747770981994 0.9676136374473572 43
1747770982655 0.9642045497894287 44
1747770983308 0.956250011920929 45
1747770984150 0.9704545736312866 46
1747770984982 0.9670454263687134 47
1747770985850 0.9670454263687134 48
1747770986754 0.9721590876579285 49
