1747770967285 3.130791273800932 0
1747770967552 2.1551332145328272 1
1747770967810 1.8147601127768247 2
1747770968037 1.2947265422329544 3
1747770968240 0.9013869708974124 4
1747770968493 0.6199775500319002 5
1747770968754 0.4081725849062101 6
1747770969068 0.29130881206509357 7
1747770969372 0.22671496124633592 8
1747770969664 0.18250293988698196 9
1747770969967 0.17337360254074216 10
1747770970276 0.15494436411439824 11
1747770970585 0.1569965370710415 12
1747770970898 0.13491282833531068 13
1747770971182 0.12645454912383766 14
1747770971384 0.13361646166041935 15
1747770971623 0.12087429018664599 16
1747770971845 0.12190195315999418 17
1747770972067 0.11197028637715588 18
1747770972282 0.10498779337405231 19
1747770972526 0.10639302950315142 20
1747770972763 0.10380046095153483 21
1747770973002 0.1288072068495348 22
1747770973213 0.12457219984165549 23
1747770973459 0.10045204450049651 24
1747770973715 0.11438336335953785 25
1747770973950 0.09725725159897256 26
1747770974159 0.09061034813446647 27
1747770974402 0.09750301535155585 28
1747770974625 0.09896634081065388 29
1747770974866 0.10334373540012146 30
1747770975154 0.09229841773785781 31
1747770975461 0.09462767673673178 32
1747770975809 0.08860751163855854 33
1747770976116 0.09213354490652852 34
1747770976440 0.0821015860075213 35
1747770976755 0.09361100460669651 36
1747770977034 0.08323205154566679 37
1747770977888 0.07840551716131869 38
1747770978759 0.0783317262893338 39
1747770979664 0.08964242041538459 40
1747770980547 0.08572991684894524 41
1747770981335 0.07218004398376039 42
1747770981997 0.0880546301162495 43
1747770982658 0.08809802194083459 44
1747770983311 0.10989252338257129 45
1747770984152 0.0777637007580961 46
1747770984985 0.08653925064973353 47
1747770985852 0.08419897719372618 48
1747770986756 0.06752844328887832 49
