1747586459176 0.2444857507944107 0
1747586465453 0.1051318496465683 1
1747586472342 0.10139725357294083 2
1747586479139 0.08380386978387833 3
1747586485978 0.07936662435531616 4
1747586493089 0.07861465215682983 5
1747586500328 0.076215960085392 6
1747586507624 0.07930324226617813 7
1747586514316 0.0811096578836441 8
1747586521388 0.081865593791008 9
1747586528403 0.08263225108385086 10
1747586535404 0.07903622835874557 11
1747586542368 0.07611312717199326 12
1747586549434 0.07490130513906479 13
1747586556661 0.0735187754034996 14
1747586563652 0.07415320724248886 15
1747586570457 0.07416991889476776 16
1747586577251 0.07382797449827194 17
1747586584077 0.07473557442426682 18
1747586591046 0.07556454092264175 19
1747586598035 0.07568815350532532 20
1747586605061 0.0762222409248352 21
1747586612254 0.07659510523080826 22
1747586619315 0.0771305188536644 23
1747586626362 0.07727199047803879 24
1747586633078 0.07739579677581787 25
1747586639840 0.07789750397205353 26
1747586646827 0.07786985486745834 27
1747586653869 0.07800677418708801 28
1747586660995 0.07774852961301804 29
1747586668056 0.0774732157588005 30
1747586675143 0.07728192210197449 31
1747586682886 0.0769876018166542 32
1747586689821 0.07676620781421661 33
1747586696829 0.07669410109519958 34
1747586703766 0.07687706500291824 35
1747586710767 0.07658399641513824 36
1747586717736 0.07666697353124619 37
1747586724720 0.07673268020153046 38
1747586731714 0.07657036185264587 39
1747586738707 0.07671801745891571 40
1747586745837 0.07650034874677658 41
1747586752962 0.0765886902809143 42
1747586760242 0.07680679857730865 43
1747586767137 0.07670655101537704 44
1747586773992 0.07661911100149155 45
1747586780995 0.07655305415391922 46
1747586788005 0.07665753364562988 47
1747586794985 0.07647790014743805 48
1747586802128 0.07638072222471237 49
