1747592070480 0.24978609383106232 0
1747592077683 0.22248610854148865 1
1747592084887 0.17789749801158905 2
1747592092461 0.16006344556808472 3
1747592100054 0.1561022847890854 4
1747592107431 0.1275344043970108 5
1747592114729 0.14053300023078918 6
1747592122003 0.12437347322702408 7
1747592129227 0.10865534842014313 8
1747592136633 0.10148961842060089 9
1747592144252 0.08757387846708298 10
1747592151648 0.08361943066120148 11
1747592158989 0.0700710266828537 12
1747592166388 0.0600716769695282 13
1747592173753 0.05823478102684021 14
1747592181235 0.05408022180199623 15
1747592189042 0.05500680208206177 16
1747592196439 0.051273100078105927 17
1747592203812 0.0542261004447937 18
1747592211110 0.04368983954191208 19
1747592218570 0.04271005466580391 20
1747592226456 0.03916722908616066 21
1747592234006 0.037597764283418655 22
1747592241435 0.03400596231222153 23
1747592248752 0.03175012767314911 24
1747592256179 0.030274497345089912 25
1747592263806 0.030695883557200432 26
1747592271399 0.029929570853710175 27
1747592278901 0.02976018376648426 28
1747592286313 0.027568574994802475 29
1747592293628 0.02729112282395363 30
1747592300756 0.026851285248994827 31
1747592308434 0.024795230478048325 32
1747592315598 0.024854300543665886 33
1747592323015 0.02204727567732334 34
1747592330297 0.02189047820866108 35
1747592337714 0.023098764941096306 36
1747592345304 0.020774737000465393 37
1747592352975 0.0201985202729702 38
1747592360384 0.018989160656929016 39
1747592367667 0.01927616447210312 40
1747592374908 0.020693127065896988 41
1747592382224 0.018986372277140617 42
1747592389828 0.0213994849473238 43
1747592397371 0.017257584258913994 44
1747592404815 0.01683482713997364 45
1747592412009 0.017629561945796013 46
1747592419344 0.01747610978782177 47
1747592426654 0.016902238130569458 48
1747592434143 0.014573690481483936 49
