1747592070481 0.2211012588147973 0
1747592077684 0.1839924803332819 1
1747592084888 0.12318706995768086 2
1747592092463 0.10695215556725808 3
1747592100056 0.11748253586890066 4
1747592107432 0.08358179034064944 5
1747592114731 0.09408854754871299 6
1747592122004 0.07860809219643708 7
1747592129228 0.07063072524232333 8
1747592136634 0.06496113191274507 9
1747592144254 0.055981915324739735 10
1747592151649 0.051792652272761364 11
1747592158991 0.04168733100838341 12
1747592166389 0.03644008830342506 13
1747592173754 0.035529304427089146 14
1747592181237 0.03340395384595307 15
1747592189043 0.033256915075820175 16
1747592196440 0.030338793338256714 17
1747592203814 0.0299609881931689 18
1747592211111 0.021890054716272325 19
1747592218571 0.020221455243115777 20
1747592226457 0.017212036775067358 21
1747592234007 0.014921982864913334 22
1747592241436 0.013028542046657595 23
1747592248753 0.010302511740566607 24
1747592256180 0.009570995862630617 25
1747592263808 0.010366369741567067 26
1747592271400 0.009908108795627799 27
1747592278903 0.010331887897685497 28
1747592286314 0.009050456682844226 29
1747592293629 0.009048413179644011 30
1747592300758 0.008230589675560188 31
1747592308436 0.007222324342671377 32
1747592315599 0.007881723024189964 33
1747592323016 0.006709086878425859 34
1747592330298 0.006918352120105207 35
1747592337715 0.0077191772172835885 36
1747592345306 0.006689981076974632 37
1747592352977 0.006435882358781693 38
1747592360385 0.005876605815712534 39
1747592367668 0.006134540017516908 40
1747592374909 0.0070271773482443785 41
1747592382225 0.006291741205160559 42
1747592389829 0.007495929748979655 43
1747592397372 0.005145364318352831 44
1747592404816 0.004972650822556436 45
1747592412010 0.004643706321498557 46
1747592419345 0.005340322675700744 47
1747592426655 0.00462337549832251 48
1747592434145 0.003137587752859085 49
