1743758435291 0.29943310329545453 0
1743758458831 0.20117438900031392 1
1743758482357 0.1834290458162042 2
1743758506001 0.17371797864949975 3
1743758529630 0.1679616187683404 4
1743758552859 0.16374343282014744 5
1743758576114 0.16009713699607073 6
1743758599449 0.15681971946896106 7
1743758623234 0.15345802802927236 8
1743758647146 0.15028739922404113 9
1743758670556 0.14665131605720524 10
1743758694035 0.14341811807186203 11
1743758717665 0.14009530576839424 12
1743758741173 0.13663411655272256 13
1743758764570 0.13310166989549183 14
1743758787973 0.12937726365738011 15
1743758811489 0.1263262527222329 16
1743758835141 0.12324459307728397 17
1743758858604 0.12041058828619625 18
1743758882037 0.11754182872302694 19
1743758905557 0.11482017647218846 20
1743758929023 0.11215370805834009 21
1743758952578 0.1094965112906965 22
1743758976117 0.10680941859585213 23
1743758999621 0.10447364971437365 24
1743759022985 0.1023638528772449 25
1743759046478 0.10047432980396265 26
1743759069813 0.0986338481472747 27
1743759093340 0.0971189073173233 28
1743759116805 0.09584435570571577 29
1743759140300 0.09446402480276439 30
1743759163735 0.09327404218927893 31
1743759187236 0.09216292425516968 32
1743759210920 0.09106871265795803 33
1743759234378 0.09026899493505101 34
1743759257838 0.08944329379509515 35
1743759281212 0.08877545679147181 36
1743759304781 0.08801836136851535 37
1743759328164 0.08742607634649198 38
1743759351596 0.086911248878633 39
1743759375122 0.08626037743495525 40
1743759398636 0.08572618633008758 41
1743759422220 0.08524086033575662 42
1743759445752 0.08474359535377497 43
1743759469168 0.08431763892761848 44
1743759492625 0.08404496342846786 45
1743759516092 0.08367720566413528 46
1743759539550 0.0833540669228069 47
1743759563075 0.08314063730615824 48
1743759586615 0.08292574014717055 49
