1743924156365 0.11792513349731468 0
1743924181342 0.08629760836332534 1
1743924205890 0.07827209064470422 2
1743924230639 0.06611440113632426 3
1743924255575 0.05978603645178087 4
1743924281022 0.05088310665080041 5
1743924306498 0.047093888329886716 6
1743924331409 0.04145441876619428 7
1743924356659 0.03884880341647707 8
1743924381663 0.03372263477043554 9
1743924406988 0.03017453417477174 10
1743924432447 0.029553234444683083 11
1743924457593 0.02511924457567995 12
1743924483085 0.02375338925793012 13
1743924508231 0.021715519877228313 14
1743924533557 0.0213785704511292 15
1743924558625 0.017800774696529128 16
1743924583636 0.018574857983192538 17
1743924608870 0.017827635407381505 18
1743924633982 0.016544308986672748 19
1743924659170 0.015154894472057227 20
1743924684184 0.017585280641185527 21
1743924709204 0.011880536141443474 22
1743924734285 0.013556467742732836 23
1743924759362 0.015721974992787723 24
1743924784667 0.011357667960877494 25
1743924809918 0.013089314282433434 26
1743924834831 0.01142985294626376 27
1743924859909 0.009816112821775443 28
1743924885008 0.01180309710893193 29
1743924910430 0.011623165323426063 30
1743924935834 0.01182470782798138 31
1743924961443 0.008270774048058977 32
1743924986703 0.00946941440577568 33
1743925012173 0.01076372791102169 34
1743925037328 0.009284867758221684 35
1743925062399 0.011755489969185065 36
1743925087503 0.007698259417951962 37
1743925112610 0.009335568205068333 38
1743925137660 0.009191340446526731 39
1743925162431 0.008825292240663394 40
1743925187275 0.009207398043124612 41
1743925212457 0.005924433123340775 42
1743925237547 0.006063837192504223 43
1743925262573 0.010069785700866894 44
1743925287783 0.007125476671632063 45
1743925312746 0.007430502163865555 46
1743925337993 0.0065287948433265346 47
1743925362983 0.007013472541394679 48
1743925388456 0.007502672929544511 49
