1747583853220 0.11228309571743011 0
1747583860183 0.10422752052545547 1
1747583867025 0.10354367643594742 2
1747583873951 0.10362237691879272 3
1747583880578 0.10261543840169907 4
1747583887646 0.10524247586727142 5
1747583894277 0.09882256388664246 6
1747583901186 0.09370718896389008 7
1747583908045 0.08662392199039459 8
1747583914825 0.08246181160211563 9
1747583921585 0.08338519930839539 10
1747583928586 0.08461747318506241 11
1747583935308 0.085203617811203 12
1747583942280 0.08629830181598663 13
1747583949381 0.08710283786058426 14
1747583956042 0.08742782473564148 15
1747583962605 0.08695457875728607 16
1747583969121 0.08762253820896149 17
1747583975842 0.08700397610664368 18
1747583982780 0.07862742990255356 19
1747583989720 0.07671494036912918 20
1747583996547 0.07635829597711563 21
1747584003841 0.07596494257450104 22
1747584010751 0.07524748891592026 23
1747584017616 0.07544845342636108 24
1747584024434 0.07569872587919235 25
1747584031257 0.07602111995220184 26
1747584038065 0.07607274502515793 27
1747584044909 0.07627984136343002 28
1747584052016 0.076447032392025 29
1747584059253 0.0765380784869194 30
1747584066276 0.07652764022350311 31
1747584072910 0.07666587829589844 32
1747584079635 0.07671777158975601 33
1747584086482 0.07683530449867249 34
1747584093313 0.07704365998506546 35
1747584100169 0.07714685797691345 36
1747584106971 0.07719572633504868 37
1747584113732 0.0772048681974411 38
1747584120977 0.07727819681167603 39
1747584128247 0.07729463279247284 40
1747584134948 0.07748869061470032 41
1747584141789 0.07753179967403412 42
1747584148627 0.07776163518428802 43
1747584155500 0.07800719141960144 44
1747584162407 0.07784200459718704 45
1747584169156 0.07783845067024231 46
1747584176175 0.07801609486341476 47
1747584183320 0.07808751612901688 48
1747584190215 0.07811176031827927 49
