1747755787474 0.24625683158559564 0
1747755805450 0.239880575404372 1
1747755823675 0.2388508179874375 2
1747755842082 0.23854435833534057 3
1747755860232 0.23824202910120515 4
1747755878292 0.23805411997149883 5
1747755896640 0.23771099270958962 6
1747755914580 0.23779936674188343 7
1747755932809 0.2375514849019586 8
1747755951249 0.23750196642915214 9
1747755969445 0.23740772875820565 10
1747755987695 0.2372366824245359 11
1747756005979 0.2372020748839269 12
1747756024085 0.23697251756018492 13
1747756042436 0.23709296264037527 14
1747756060925 0.23695964373488024 15
1747756079286 0.23682124901664797 16
1747756097260 0.23674587865803123 17
1747756115551 0.2368244728117915 18
1747756133922 0.23673900482589413 19
1747756151996 0.23649665348449167 20
1747756170356 0.2366794058197842 21
1747756188727 0.2366018905490405 22
1747756206795 0.23648294325413255 23
1747756225090 0.23646513465216806 24
1747756243322 0.23647357787006107 25
1747756261394 0.2362079445417845 26
1747756279772 0.236677153404944 27
1747756298119 0.23615115094707834 28
1747756316060 0.2362442678754071 29
1747756334407 0.2361182335862992 30
1747756352720 0.23600022188423514 31
1747756370657 0.2359839584497534 32
1747756389047 0.23578897879242963 33
1747756407445 0.23598393032174644 34
1747756425810 0.235917261196662 35
1747756444105 0.23605402626956914 36
1747756462167 0.23600388595497376 37
1747756480486 0.23585666123407917 38
1747756498847 0.23573427419738233 39
1747756516704 0.2356427271668915 40
1747756534885 0.23572390514737676 41
1747756553205 0.23556102950681526 42
1747756571174 0.2359021208931579 43
1747756589444 0.2355332966651788 44
1747756607854 0.2354611904468649 45
1747756626179 0.235317155169197 46
1747756644548 0.23538906820956176 47
1747756663097 0.2351970133866427 48
1747756681276 0.2353556294698848 49
