1747755787472 0.9146171808242798 0
1747755805448 0.9150080680847168 1
1747755823673 0.914836049079895 2
1747755842080 0.9150158762931824 3
1747755860230 0.9150588512420654 4
1747755878291 0.9151370525360107 5
1747755896638 0.9152816534042358 6
1747755914578 0.9152230620384216 7
1747755932808 0.9151800274848938 8
1747755951248 0.915226936340332 9
1747755969442 0.915285587310791 10
1747755987694 0.9152894616127014 11
1747756005978 0.9151213765144348 12
1747756024083 0.9152777791023254 13
1747756042434 0.9153363704681396 14
1747756060923 0.9153676629066467 15
1747756079284 0.9153637290000916 16
1747756097259 0.9153129458427429 17
1747756115549 0.915355920791626 18
1747756133920 0.9153481125831604 19
1747756151995 0.9154810309410095 20
1747756170354 0.9153207540512085 21
1747756188724 0.9154770970344543 22
1747756206793 0.9154341220855713 23
1747756225088 0.9153794050216675 24
1747756243320 0.9153910875320435 25
1747756261392 0.915355920791626 26
1747756279771 0.9154653549194336 27
1747756298118 0.9154497385025024 28
1747756316059 0.9154653549194336 29
1747756334405 0.9155122637748718 30
1747756352719 0.9153872132301331 31
1747756370656 0.9154184460639954 32
1747756389045 0.9156647324562073 33
1747756407444 0.9155318140983582 34
1747756425809 0.9153754711151123 35
1747756444104 0.9154419302940369 36
1747756462165 0.9155669808387756 37
1747756480484 0.915645182132721 38
1747756498846 0.9156100153923035 39
1747756516701 0.9155904650688171 40
1747756534884 0.9156412482261658 41
1747756553204 0.915586531162262 42
1747756571173 0.9155513644218445 43
1747756589442 0.9155943393707275 44
1747756607853 0.915617823600769 45
1747756626177 0.9154223799705505 46
1747756644547 0.9157702326774597 47
1747756663095 0.9156998991966248 48
1747756681274 0.9156842827796936 49
