1747770477493 50.98428726196289 0
1747770477647 50.942378997802734 1
1747770477802 50.890804290771484 2
1747770477956 50.820159912109375 3
1747770478109 50.71633529663086 4
1747770478264 50.572635650634766 5
1747770478435 50.359649658203125 6
1747770478597 50.07400131225586 7
1747770478775 49.691654205322266 8
1747770478937 49.18185806274414 9
1747770479160 48.51311492919922 10
1747770479390 47.652591705322266 11
1747770479626 46.57368469238281 12
1747770479858 45.27411651611328 13
1747770480093 43.79071807861328 14
1747770480329 42.143882751464844 15
1747770480560 40.27433395385742 16
1747770480792 38.19025421142578 17
1747770481026 35.955162048339844 18
1747770481260 33.69951629638672 19
1747770481480 31.55916976928711 20
1747770481628 29.67612648010254 21
1747770481784 28.141895294189453 22
1747770481993 26.850749969482422 23
1747770482163 25.739595413208008 24
1747770482320 24.763765335083008 25
1747770482492 24.021930694580078 26
1747770482669 23.454519271850586 27
1747770482835 23.067874908447266 28
1747770483002 22.81875228881836 29
1747770483172 22.615585327148438 30
1747770483336 22.475669860839844 31
1747770483504 22.37245750427246 32
1747770483682 22.281587600708008 33
1747770483844 22.20057487487793 34
1747770483997 22.132619857788086 35
1747770484150 22.067350387573242 36
1747770484305 22.002735137939453 37
1747770484464 21.95271873474121 38
1747770484638 21.909608840942383 39
1747770484814 21.865558624267578 40
1747770484975 21.828432083129883 41
1747770485143 21.7947998046875 42
1747770485357 21.760528564453125 43
1747770485587 21.7318115234375 44
1747770485821 21.700342178344727 45
1747770486053 21.682830810546875 46
1747770486287 21.65947914123535 47
1747770486519 21.642602920532227 48
1747770486755 21.631546020507812 49
