1747770477494 4635.479985466196 0
1747770477648 4660.430147041372 1
1747770477803 4658.370738532495 2
1747770477957 4620.644959762645 3
1747770478110 4596.809063494407 4
1747770478265 4592.943662472083 5
1747770478436 4577.82225166218 6
1747770478598 4544.648657755142 7
1747770478776 4503.071165639766 8
1747770478938 4434.035832268144 9
1747770479162 4360.857978619341 10
1747770479392 4286.7782155491195 11
1747770479627 4172.495777811914 12
1747770479859 4004.906106718387 13
1747770480094 3830.3020458529586 14
1747770480330 3643.780281032157 15
1747770480562 3441.554491290547 16
1747770480794 3207.794718268405 17
1747770481028 2962.0344206576183 18
1747770481262 2718.8540150983667 19
1747770481480 2470.727410481116 20
1747770481629 2224.0038602558957 21
1747770481785 2010.0800621327573 22
1747770481994 1810.3531313032756 23
1747770482164 1639.9908554810313 24
1747770482321 1511.3419316633842 25
1747770482493 1397.921238182125 26
1747770482670 1299.715278349226 27
1747770482836 1233.2201536198188 28
1747770483003 1190.2470999227558 29
1747770483173 1138.2857629796795 30
1747770483337 1109.0831882074633 31
1747770483505 1081.6094553769124 32
1747770483683 1063.150065765005 33
1747770483845 1040.5657797630854 34
1747770483998 1022.3802313956595 35
1747770484151 1017.1922217801524 36
1747770484306 1006.384122452265 37
1747770484465 991.2668439054947 38
1747770484639 976.3394984194954 39
1747770484815 976.7338903730606 40
1747770484976 968.9327373247592 41
1747770485144 966.1030308457686 42
1747770485358 951.8719140168425 43
1747770485589 954.6305139664563 44
1747770485822 945.175692824175 45
1747770486054 946.1517977499612 46
1747770486288 938.4247152064881 47
1747770486520 944.8645577317462 48
1747770486756 943.3821256921482 49
