1743758806438 0.2793120621984306 0
1743758830429 0.14587667262440174 1
1743758854164 0.10772983724588572 2
1743758877868 0.08664560854090465 3
1743758901726 0.07799266541106319 4
1743758925522 0.0664673047890772 5
1743758949579 0.056695120578652794 6
1743758973375 0.05370698354439926 7
1743758997158 0.04867042464352363 8
1743759021272 0.04246658494082211 9
1743759045059 0.04005839975858373 10
1743759068685 0.035942667392535425 11
1743759092478 0.034257853261416955 12
1743759116405 0.03124753891902585 13
1743759140195 0.03060303410676995 14
1743759163888 0.02836750534151272 15
1743759187496 0.02479818126005286 16
1743759211344 0.024416644187272525 17
1743759235211 0.02419605393205644 18
1743759258866 0.02406206540293708 19
1743759282330 0.0215040375965693 20
1743759305990 0.018218457980399803 21
1743759329530 0.019985090745486194 22
1743759353271 0.016963419657875223 23
1743759377029 0.019554577140105802 24
1743759400845 0.01953769381352417 25
1743759424792 0.016875347562190442 26
1743759448617 0.017385454598946096 27
1743759472548 0.0173178117365069 28
1743759496277 0.01533413705245446 29
1743759520153 0.01421659070003149 30
1743759544090 0.017905592482796853 31
1743759568094 0.015748597068869337 32
1743759592019 0.01258208091377305 33
1743759628181 0.016295087860797666 34
1743759656847 0.01356314624798262 35
1743759680877 0.016140778734198773 36
1743759704796 0.014882605329360359 37
1743759728853 0.014087117453670663 38
1743759752658 0.011283511883796149 39
1743759776428 0.012988395868695029 40
1743759800348 0.01282824825397917 41
1743759824339 0.012236901861832088 42
1743759848168 0.011967187542715117 43
1743759872019 0.012910540016695058 44
1743759895551 0.009868318868989808 45
1743759919560 0.011171616014758452 46
1743759943602 0.011729342607521663 47
1743759967503 0.012065582520218731 48
1743759991250 0.014438625410482358 49
