1743758806437 0.9178000092506409 0
1743758830429 0.956166684627533 1
1743758854163 0.9667166471481323 2
1743758877867 0.9734833240509033 3
1743758901725 0.9756666421890259 4
1743758925522 0.9791833162307739 5
1743758949578 0.9820166826248169 6
1743758973374 0.9827499985694885 7
1743758997157 0.9839333295822144 8
1743759021271 0.9858666658401489 9
1743759045059 0.9867500066757202 10
1743759068685 0.9883666634559631 11
1743759092477 0.9886166453361511 12
1743759116404 0.989383339881897 13
1743759140194 0.9900500178337097 14
1743759163887 0.9904500246047974 15
1743759187495 0.9914833307266235 16
1743759211343 0.9920666813850403 17
1743759235210 0.9916999936103821 18
1743759258865 0.9914666414260864 19
1743759282329 0.9923999905586243 20
1743759305989 0.9936666488647461 21
1743759329529 0.9929333329200745 22
1743759353270 0.9943000078201294 23
1743759377028 0.9935166835784912 24
1743759400844 0.9931333065032959 25
1743759424792 0.9943333268165588 26
1743759448616 0.9939666390419006 27
1743759472547 0.9937833547592163 28
1743759496276 0.994949996471405 29
1743759520152 0.9952333569526672 30
1743759544089 0.9941666722297668 31
1743759568093 0.9948833584785461 32
1743759592018 0.9958666563034058 33
1743759628180 0.994616687297821 34
1743759656846 0.9952333569526672 35
1743759680876 0.9948166608810425 36
1743759704795 0.9953333139419556 37
1743759728852 0.9955333471298218 38
1743759752657 0.9961833357810974 39
1743759776427 0.9953166842460632 40
1743759800347 0.9957500100135803 41
1743759824338 0.9955666661262512 42
1743759848167 0.9961000084877014 43
1743759872018 0.9956499934196472 44
1743759895551 0.9967333078384399 45
1743759919559 0.9964666962623596 46
1743759943601 0.996483325958252 47
1743759967502 0.9963499903678894 48
1743759991249 0.9955166578292847 49
