1747770515090 6.597978233473256 0
1747770515383 1.0066786495693243 1
1747770515700 0.4754867443345502 2
1747770516011 0.3391705751209441 3
1747770516286 0.2992971521905769 4
1747770516498 0.25537138553499134 5
1747770516751 0.2400333119545411 6
1747770517072 0.20983392282868824 7
1747770517310 0.18505012990055322 8
1747770517547 0.1758128624517205 9
1747770517781 0.18372745324329157 10
1747770518052 0.17122968044910272 11
1747770518303 0.15961018445135985 12
1747770518546 0.15315160272924272 13
1747770518788 0.1414335623132227 14
1747770519027 0.13658375699444786 15
1747770519269 0.135594428913296 16
1747770519511 0.14669400395751042 17
1747770519748 0.12846201541511926 18
1747770519988 0.12525543553074045 19
1747770520294 0.1284824029228223 20
1747770520609 0.12055112384331156 21
1747770520933 0.13494631306436855 22
1747770521257 0.12185443587074665 23
1747770521589 0.11361189379526881 24
1747770521920 0.10474219785732189 25
1747770522257 0.10977460855790737 26
1747770522545 0.11396664907112096 27
1747770522785 0.13359335445878145 28
1747770523016 0.11251838718710426 29
1747770523254 0.12260950281111256 30
1747770523459 0.13013571085169015 31
1747770523701 0.10560999708072952 32
1747770523926 0.11355848105994933 33
1747770524146 0.09646222300341553 34
1747770524373 0.10990122559814117 35
1747770524607 0.11708170517972259 36
1747770524839 0.11154923723705326 37
1747770525066 0.10326587438505129 38
1747770525298 0.10329021582400799 39
1747770525547 0.09649215174258574 40
1747770525797 0.10101982727235212 41
1747770526050 0.08940712644777722 42
1747770526339 0.10102615673768321 43
1747770526666 0.092478314513458 44
1747770526997 0.10220677105760707 45
1747770527330 0.10443812396933516 46
1747770527671 0.1135280864213205 47
1747770528010 0.09086431562115029 48
1747770528352 0.08528926502280618 49
