1747771341431 0.3022727370262146 0
1747771341830 0.613068163394928 1
1747771342192 0.7664772868156433 2
1747771342538 0.863068163394928 3
1747771342911 0.8909090757369995 4
1747771343166 0.925000011920929 5
1747771343394 0.9426136612892151 6
1747771343737 0.9403409361839294 7
1747771344036 0.9369317889213562 8
1747771344389 0.9471591114997864 9
1747771344673 0.956818163394928 10
1747771345006 0.9511363506317139 11
1747771345296 0.9585227370262146 12
1747771345641 0.9414772987365723 13
1747771345932 0.949431836605072 14
1747771346281 0.9352272748947144 15
1747771346583 0.9590908885002136 16
1747771346986 0.9551136493682861 17
1747771347353 0.96875 18
1747771347703 0.956250011920929 19
1747771348115 0.9539772868156433 20
1747771348479 0.9624999761581421 21
1747771348838 0.9670454263687134 22
1747771349131 0.9653409123420715 23
1747771349416 0.9755681753158569 24
1747771349702 0.9727272987365723 25
1747771350043 0.9573863744735718 26
1747771350276 0.9659090638160706 27
1747771352400 0.9715909361839294 28
1747771353977 0.9653409123420715 29
1747771355376 0.9659090638160706 30
1747771357822 0.9681817889213562 31
1747771359761 0.9715909361839294 32
1747771361299 0.9670454263687134 33
1747771363774 0.9721590876579285 34
1747771365713 0.9750000238418579 35
1747771367838 0.9642045497894287 36
1747771369318 0.9659090638160706 37
1747771369644 0.9710227251052856 38
1747771369948 0.9784091114997864 39
1747771370290 0.9727272987365723 40
1747771370655 0.9704545736312866 41
1747771371027 0.96875 42
1747771371349 0.9767045378684998 43
1747771371741 0.9676136374473572 44
1747771372105 0.9676136374473572 45
1747771372455 0.9744318127632141 46
1747771372827 0.9710227251052856 47
1747771373117 0.9738636612892151 48
1747771373462 0.9681817889213562 49
