1747698828090 0.9148790836334229 0
1747698843442 0.9152660369873047 1
1747698858997 0.9151175022125244 2
1747698874308 0.9152504205703735 3
1747698889834 0.9152933955192566 4
1747698905208 0.9153129458427429 5
1747698919968 0.915183961391449 6
1747698935714 0.9151604771614075 7
1747698950729 0.9152191281318665 8
1747698966102 0.9153715372085571 9
1747698981605 0.9153676629066467 10
1747698997484 0.9153285622596741 11
1747699012752 0.9153168201446533 12
1747699028815 0.9153051376342773 13
1747699044125 0.9153285622596741 14
1747699059440 0.9154458045959473 15
1747699074924 0.9152425527572632 16
1747699090411 0.9152894616127014 17
1747699105699 0.9152542948722839 18
1747699120495 0.9153481125831604 19
1747699135402 0.9155357480049133 20
1747699150602 0.9154536724090576 21
1747699165814 0.9153715372085571 22
1747699180145 0.9153168201446533 23
1747699195346 0.9153363704681396 24
1747699210726 0.9155357480049133 25
1747699225745 0.9154536724090576 26
1747699241255 0.915457546710968 27
1747699256745 0.9154810309410095 28
1747699271961 0.9155357480049133 29
1747699287287 0.9156607985496521 30
1747699302866 0.915355920791626 31
1747699318823 0.9155122637748718 32
1747699334376 0.9155552983283997 33
1747699350071 0.9154184460639954 34
1747699365198 0.9155396223068237 35
1747699379921 0.9157350659370422 36
1747699394603 0.9155631065368652 37
1747699410155 0.9154653549194336 38
1747699425540 0.9155982732772827 39
1747699440496 0.9156529903411865 40
1747699455371 0.9155474305152893 41
1747699470957 0.9156647324562073 42
1747699486163 0.9155826568603516 43
1747699502170 0.9156607985496521 44
1747699516421 0.9155396223068237 45
1747699531863 0.9156334400177002 46
1747699547516 0.9156412482261658 47
1747699562479 0.9156607985496521 48
1747699578028 0.9154927134513855 49
