1747698828091 0.24232249464873715 0
1747698843442 0.2387851219921135 1
1747698858998 0.2382651678861423 2
1747698874309 0.23819200511101324 3
1747698889836 0.23776489417324997 4
1747698905209 0.23773220511002482 5
1747698919968 0.23758332527791984 6
1747698935715 0.23744873588961918 7
1747698950730 0.23733296721278377 8
1747698966103 0.2372796524739046 9
1747698981605 0.23715757308281396 10
1747698997485 0.23708256160549349 11
1747699012753 0.23700458060333737 12
1747699028816 0.23694995613887787 13
1747699044125 0.23687113208450447 14
1747699059441 0.23699148926328029 15
1747699074925 0.23684954826775412 16
1747699090412 0.23682280995747768 17
1747699105700 0.23675162929891164 18
1747699120496 0.23661732277486294 19
1747699135403 0.23653609902460265 20
1747699150603 0.23654031626466426 21
1747699165814 0.23661102870532885 22
1747699180145 0.23658194650908002 23
1747699195347 0.23647426177476732 24
1747699210726 0.23642499542370682 25
1747699225745 0.23638763293885856 26
1747699241256 0.23631270905629945 27
1747699256746 0.23632090213320592 28
1747699271962 0.2363300331362497 29
1747699287288 0.23619383624311277 30
1747699302867 0.2359979426423557 31
1747699318824 0.23611319758721533 32
1747699334377 0.23609651167963094 33
1747699350072 0.23608372064522345 34
1747699365199 0.23596762142089744 35
1747699379922 0.2358859238357813 36
1747699394604 0.23587770893680418 37
1747699410155 0.23592186408859137 38
1747699425541 0.23581228772369797 39
1747699440497 0.2357780503070649 40
1747699455372 0.23570424066642776 41
1747699470958 0.23562753790007296 42
1747699486164 0.23570049311492827 43
1747699502170 0.23565785014968169 44
1747699516422 0.23548189674574285 45
1747699531864 0.23550406272381888 46
1747699547517 0.23546274152119884 47
1747699562480 0.23548639366498078 48
1747699578029 0.2354578287383002 49
