1747771282028 2486.6297881536448 0
1747771282294 879.2548167005864 1
1747771282549 361.43692735796105 2
1747771282815 155.48825701361307 3
1747771283075 117.20320487291463 4
1747771283259 55.345606786266195 5
1747771283442 23.41069256780267 6
1747771283627 15.311875668079226 7
1747771283819 9.976690503233028 8
1747771284016 7.500857442625882 9
1747771284207 6.173490680080103 10
1747771284391 5.6594623514634845 11
1747771284578 5.328445339148689 12
1747771284760 5.140580780232569 13
1747771284944 4.785805066582154 14
1747771285130 4.369178426342798 15
1747771285316 4.232144670995139 16
1747771285502 4.116770187240138 17
1747771285698 3.6110868295414966 18
1747771285894 3.1946079921694057 19
1747771286088 2.976423207676487 20
1747771286285 2.29043005544978 21
1747771286480 1.751387263551009 22
1747771286680 1.299702762474965 23
1747771286899 0.9691454878131188 24
1747771287160 0.9602908320610666 25
1747771287414 0.6878847587133824 26
1747771287669 0.5849793796368205 27
1747771287924 0.5505912487950424 28
1747771288186 0.4996386463202373 29
1747771288446 0.5746532430965753 30
1747771288699 0.6697164924047504 31
1747771288953 0.4880177901765582 32
1747771289212 0.37996108999085143 33
1747771289430 0.3847086420253875 34
1747771289605 0.37697458429303754 35
1747771289800 0.4142428033805285 36
1747771289996 0.3850565549717874 37
1747771290190 0.374587779163582 38
1747771290386 0.4093944540106312 39
1747771290580 0.3863720155723562 40
1747771290775 0.6231675041376168 41
1747771290973 0.5235527356136298 42
1747771291166 0.5088372049757257 43
1747771291361 0.5677837028749365 44
1747771291546 0.5982739544713 45
1747771291729 0.35820804687094077 46
1747771291919 0.4123621898980841 47
1747771292109 0.5331417226610938 48
1747771292298 0.403877068171101 49
