1743876211311 0.898983359336853 0
1743876235590 0.9293500185012817 1
1743876259809 0.9419833421707153 2
1743876284391 0.9487333297729492 3
1743876308859 0.953000009059906 4
1743876333413 0.9560999870300293 5
1743876357597 0.9595833420753479 6
1743876381939 0.962066650390625 7
1743876406358 0.9640166759490967 8
1743876430588 0.9663500189781189 9
1743876455085 0.9681000113487244 10
1743876479414 0.9685333371162415 11
1743876503687 0.9701333045959473 12
1743876528176 0.970550000667572 13
1743876552455 0.972183346748352 14
1743876576881 0.9732000231742859 15
1743876601347 0.9744666814804077 16
1743876625981 0.9754833579063416 17
1743876650444 0.9748666882514954 18
1743876674706 0.9767000079154968 19
1743876699019 0.9769333600997925 20
1743876723441 0.9779833555221558 21
1743876748031 0.9783333539962769 22
1743876772484 0.9785833358764648 23
1743876796845 0.979116678237915 24
1743876821212 0.98048335313797 25
1743876845506 0.9804999828338623 26
1743876870061 0.9807999730110168 27
1743876894601 0.9809333086013794 28
1743876919133 0.9827333092689514 29
1743876943570 0.9815000295639038 30
1743876968018 0.9835833311080933 31
1743876992305 0.9830999970436096 32
1743877016768 0.9834833145141602 33
1743877041072 0.983299970626831 34
1743877065785 0.9839166402816772 35
1743877090087 0.9844499826431274 36
1743877114441 0.9842333197593689 37
1743877138885 0.985450029373169 38
1743877163421 0.9853333234786987 39
1743877187935 0.9856333136558533 40
1743877212613 0.9853500127792358 41
1743877237107 0.9855833053588867 42
1743877261279 0.9851999878883362 43
1743877285932 0.9870333075523376 44
1743877310528 0.985966682434082 45
1743877334985 0.987333357334137 46
1743877359584 0.9865333437919617 47
1743877384246 0.9868000149726868 48
1743877408712 0.9876000285148621 49
