1743876211312 0.35163511930305585 0
1743876235591 0.24137468638387632 1
1743876259810 0.19588509269830676 2
1743876284392 0.17203099467639377 3
1743876308860 0.15355437192876395 4
1743876333415 0.1432026456532741 5
1743876357598 0.13458377171653566 6
1743876381940 0.12599244848970054 7
1743876406360 0.11933789773429516 8
1743876430589 0.1123322557890859 9
1743876455086 0.10543369639961488 10
1743876479415 0.10217422364762947 11
1743876503688 0.0981250623334218 12
1743876528177 0.09454490939921008 13
1743876552456 0.0906978434522609 14
1743876576882 0.08730223209602027 15
1743876601349 0.08311904877603808 16
1743876625982 0.07887117426869343 17
1743876650445 0.0805808162795662 18
1743876674708 0.0752548998236889 19
1743876699020 0.07482610330276279 20
1743876723443 0.07111380004176882 21
1743876748032 0.0697227076430399 22
1743876772485 0.06801520771730721 23
1743876796846 0.06584532266536305 24
1743876821213 0.06450821850157426 25
1743876845507 0.06235123344960092 26
1743876870063 0.060450269012470255 27
1743876894602 0.05986927471044967 28
1743876919135 0.05742176677325528 29
1743876943571 0.05810785511285297 30
1743876968019 0.05302780431927903 31
1743876992307 0.05402307933820206 32
1743877016769 0.052578506099040474 33
1743877041073 0.051860658445081566 34
1743877065787 0.051854268972669176 35
1743877090088 0.04990229133386123 36
1743877114442 0.049424301221841146 37
1743877138886 0.04694216732368582 38
1743877163422 0.045994286001468224 39
1743877187936 0.04633071219663385 40
1743877212614 0.04554955713728089 41
1743877237108 0.04533496139840111 42
1743877261280 0.045821599143123726 43
1743877285933 0.04159256936185104 44
1743877310529 0.043310764865726055 45
1743877334987 0.0403524653024499 46
1743877359585 0.042562053524142454 47
1743877384247 0.04103007378039905 48
1743877408713 0.03866077399458263 49
