1747587687091 0.19773884117603302 0
1747587694085 0.10478373616933823 1
1747587701005 0.09923649579286575 2
1747587708065 0.09922140836715698 3
1747587715206 0.10078252106904984 4
1747587722043 0.1007809266448021 5
1747587728757 0.10285833477973938 6
1747587735535 0.09680548310279846 7
1747587742314 0.08856575191020966 8
1747587749148 0.08976409584283829 9
1747587755978 0.09255906939506531 10
1747587763159 0.0937548503279686 11
1747587770177 0.09390117973089218 12
1747587777013 0.09411341696977615 13
1747587783932 0.09285295009613037 14
1747587790804 0.0853818878531456 15
1747587797610 0.0770193338394165 16
1747587804519 0.07517221570014954 17
1747587811615 0.07249416410923004 18
1747587818620 0.07039561122655869 19
1747587824915 0.069516122341156 20
1747587831801 0.07066800445318222 21
1747587838642 0.0716782733798027 22
1747587845599 0.07256300747394562 23
1747587852779 0.07203122973442078 24
1747587859751 0.07268135249614716 25
1747587866711 0.07283680886030197 26
1747587873495 0.07130207121372223 27
1747587880395 0.07107999920845032 28
1747587887447 0.07088553160429001 29
1747587894469 0.07084815949201584 30
1747587901665 0.07079137861728668 31
1747587908923 0.07110767066478729 32
1747587915738 0.07103872299194336 33
1747587922167 0.07098596543073654 34
1747587929057 0.07100743800401688 35
1747587936002 0.07094857841730118 36
1747587943490 0.07115764170885086 37
1747587950826 0.0709337368607521 38
1747587957724 0.07117448002099991 39
1747587964513 0.07146064937114716 40
1747587971392 0.07142605632543564 41
1747587978355 0.07141703367233276 42
1747587985369 0.07134360820055008 43
1747587992314 0.07121450453996658 44
1747587999558 0.07125598937273026 45
1747588006913 0.07124096155166626 46
1747588013957 0.07151670753955841 47
1747588021026 0.07146061211824417 48
1747588027991 0.0712544247508049 49
