1747587687092 0.5845192866252384 0
1747587694086 0.06340665103202467 1
1747587701006 0.05943173037977841 2
1747587708067 0.05857556063129501 3
1747587715208 0.057929150366822 4
1747587722044 0.05766182328112945 5
1747587728758 0.05681990017718962 6
1747587735536 0.05326876018700114 7
1747587742315 0.050586000991216636 8
1747587749150 0.04962016220134384 9
1747587755979 0.04902007006488625 10
1747587763160 0.04847776793794504 11
1747587770178 0.04803351413226806 12
1747587777014 0.04761120902915052 13
1747587783933 0.046336798678740986 14
1747587790805 0.041576678329294105 15
1747587797611 0.03746343347867076 16
1747587804520 0.03511735791564413 17
1747587811617 0.03387460803282092 18
1747587818621 0.03314025885869855 19
1747587824916 0.03158843566662954 20
1747587831802 0.030937890078267225 21
1747587838643 0.030636792498779805 22
1747587845601 0.030009069341810198 23
1747587852781 0.029637304721782456 24
1747587859753 0.029142667423046803 25
1747587866713 0.028135805639510226 26
1747587873497 0.02784280101450914 27
1747587880396 0.027734612391345028 28
1747587887449 0.027716567031530505 29
1747587894471 0.027699211473118848 30
1747587901667 0.02766231145272006 31
1747587908925 0.027646704300425953 32
1747587915739 0.027625100390893824 33
1747587922168 0.027624617031330668 34
1747587929058 0.02761692996199432 35
1747587936004 0.02761768114785109 36
1747587943492 0.027591602471783324 37
1747587950827 0.02759293276194189 38
1747587957725 0.02757998876431379 39
1747587964514 0.027546443474419962 40
1747587971394 0.02755812536178584 41
1747587978356 0.0275515885041337 42
1747587985370 0.027545390391540935 43
1747587992315 0.027556420137931244 44
1747587999560 0.027555602913247296 45
1747588006914 0.027560861412818757 46
1747588013958 0.02753089986770346 47
1747588021028 0.027527762079724256 48
1747588027992 0.02752730247176821 49
