1747661716314 0.24284174032901534 0
1747661730427 0.23950448037926972 1
1747661744581 0.23860436046917766 2
1747661758782 0.23817179144750814 3
1747661772970 0.23768980613771876 4
1747661786567 0.2375508903854912 5
1747661799946 0.23742044067060744 6
1747661813971 0.23739523480959512 7
1747661828012 0.2372538268636402 8
1747661842264 0.23715648085068414 9
1747661856386 0.23700268499779334 10
1747661870050 0.23691859128961806 11
1747661883814 0.23688466723717894 12
1747661897803 0.23678295934970933 13
1747661911975 0.23669798460582175 14
1747661926019 0.2366604339383047 15
1747661939869 0.2367121897209802 16
1747661954081 0.23663397514520831 17
1747661968131 0.23659032083065573 18
1747661981990 0.23652278889610692 19
1747661995893 0.23648089063203662 20
1747662009903 0.23643726461211678 21
1747662023714 0.2364348418457704 22
1747662037213 0.2364084324201542 23
1747662051443 0.23631554835972707 24
1747662065752 0.23618028981823977 25
1747662079950 0.23628658028347072 26
1747662093739 0.23625239069831752 27
1747662107961 0.23618657183980235 28
1747662121580 0.2361201907229022 29
1747662135589 0.2361073491027988 30
1747662149364 0.23609295444920197 31
1747662163392 0.23601757234678628 32
1747662176920 0.23602370570678957 33
1747662190304 0.23594242918761285 34
1747662204318 0.2359485923388119 35
1747662217775 0.23578185040962948 36
1747662231823 0.23593129199574647 37
1747662245844 0.23586026046730332 38
1747662259914 0.23592121654109602 39
1747662274086 0.23579383409964452 40
1747662287923 0.23580237628349704 41
1747662302039 0.23565501537529523 42
1747662316120 0.23577603846816664 43
1747662330187 0.2356686841660581 44
1747662344156 0.23566486327176264 45
1747662357748 0.23563317726991695 46
1747662371711 0.2355791778876028 47
1747662385631 0.23556834739731652 48
1747662399746 0.23559608267637286 49
