1747661716313 0.9146718978881836 0
1747661730426 0.914664089679718 1
1747661744580 0.9146562814712524 2
1747661758781 0.9147735238075256 3
1747661772969 0.9148595333099365 4
1747661786566 0.9147266149520874 5
1747661799945 0.9147188067436218 6
1747661813970 0.914824366569519 7
1747661828011 0.9149298667907715 8
1747661842263 0.9147579073905945 9
1747661856385 0.914824366569519 10
1747661870048 0.914734423160553 11
1747661883813 0.9148751497268677 12
1747661897802 0.9148321747779846 13
1747661911974 0.9147617816925049 14
1747661926018 0.9148634076118469 15
1747661939868 0.9150041341781616 16
1747661954080 0.9149220585823059 17
1747661968131 0.914894700050354 18
1747661981989 0.9148204326629639 19
1747661995892 0.9150393009185791 20
1747662009902 0.9149611592292786 21
1747662023713 0.9148008823394775 22
1747662037213 0.9148048162460327 23
1747662051442 0.9150002598762512 24
1747662065751 0.91512531042099 25
1747662079949 0.9151175022125244 26
1747662093738 0.9152699112892151 27
1747662107960 0.9152035117149353 28
1747662121579 0.9153676629066467 29
1747662135588 0.9152073860168457 30
1747662149363 0.9151917695999146 31
1747662163391 0.9154536724090576 32
1747662176919 0.9153012037277222 33
1747662190303 0.9153363704681396 34
1747662204317 0.9153794050216675 35
1747662217774 0.9155122637748718 36
1747662231822 0.915168285369873 37
1747662245844 0.9153598546981812 38
1747662259913 0.9155474305152893 39
1747662274085 0.9153637290000916 40
1747662287921 0.915473222732544 41
1747662302039 0.9154301881790161 42
1747662316120 0.9155083894729614 43
1747662330186 0.9155083894729614 44
1747662344155 0.9154614806175232 45
1747662357746 0.9154770970344543 46
1747662371710 0.9155357480049133 47
1747662385630 0.9155826568603516 48
1747662399745 0.9155122637748718 49
