1747657023134 0.2478813398492493 0
1747657037931 0.23947306429888668 1
1747657051794 0.238369839837333 2
1747657065821 0.23815120675119025 3
1747657080014 0.23788971815416157 4
1747657094255 0.23779396062343272 5
1747657108548 0.23760847964638981 6
1747657122734 0.23754108253337575 7
1747657136813 0.23745277567842088 8
1747657150607 0.23726720478720842 9
1747657164970 0.23730195691824396 10
1747657179227 0.2372260473257014 11
1747657193244 0.23723268533546785 12
1747657207368 0.23709319114814773 13
1747657221566 0.23696190333910708 14
1747657235216 0.2370303555156878 15
1747657249315 0.23699028020354154 16
1747657263259 0.23685449390944688 17
1747657277053 0.23686178713214337 18
1747657290772 0.23682650694046709 19
1747657304965 0.23684677266595028 20
1747657319063 0.23665863611448412 21
1747657333163 0.23664588755256924 22
1747657347330 0.2366423910596185 23
1747657360929 0.23656153155042112 24
1747657374863 0.23649214908163066 25
1747657388809 0.23648587586479947 26
1747657402841 0.23657462946242436 27
1747657416449 0.23649936151089168 28
1747657430328 0.2364207269910066 29
1747657444062 0.23635135976515884 30
1747657458163 0.23639517211955324 31
1747657472142 0.23640915918272135 32
1747657485628 0.23634407335567245 33
1747657499629 0.23629574276028897 34
1747657513798 0.23621272294206522 35
1747657528001 0.23630545929349492 36
1747657542284 0.2361562233741334 37
1747657556568 0.236199718795882 38
1747657570128 0.2361644978596715 39
1747657583973 0.2362515979435341 40
1747657597860 0.23624124809908895 41
1747657611903 0.23606516093858637 42
1747657625765 0.23604457249313462 43
1747657639932 0.2361739664451204 44
1747657653488 0.23611750788232638 45
1747657667350 0.2360426972734746 46
1747657680979 0.2359532632586669 47
1747657694963 0.2360394083645718 48
1747657708738 0.23603928918829892 49
