1747657023133 0.9150979518890381 0
1747657037930 0.9152425527572632 1
1747657051792 0.915226936340332 2
1747657065820 0.915168285369873 3
1747657080013 0.9154536724090576 4
1747657094254 0.9153129458427429 5
1747657108548 0.9153207540512085 6
1747657122734 0.915183961391449 7
1747657136812 0.9153910875320435 8
1747657150606 0.9154223799705505 9
1747657164969 0.9152542948722839 10
1747657179226 0.9155044555664062 11
1747657193244 0.9154341220855713 12
1747657207367 0.9153637290000916 13
1747657221565 0.9154379963874817 14
1747657235215 0.9154614806175232 15
1747657249314 0.9154379963874817 16
1747657263258 0.9153754711151123 17
1747657277052 0.9156569242477417 18
1747657290771 0.9153676629066467 19
1747657304964 0.9153520464897156 20
1747657319062 0.9153324961662292 21
1747657333162 0.9154888391494751 22
1747657347329 0.9155396223068237 23
1747657360928 0.9155122637748718 24
1747657374862 0.9155435562133789 25
1747657388808 0.9154692888259888 26
1747657402840 0.915457546710968 27
1747657416448 0.9155083894729614 28
1747657430327 0.9155474305152893 29
1747657444061 0.9155396223068237 30
1747657458161 0.915473222732544 31
1747657472141 0.9154770970344543 32
1747657485627 0.9155240058898926 33
1747657499628 0.9155318140983582 34
1747657513797 0.9154692888259888 35
1747657528000 0.9154810309410095 36
1747657542283 0.9155943393707275 37
1747657556567 0.9155474305152893 38
1747657570127 0.9155122637748718 39
1747657583972 0.9153754711151123 40
1747657597859 0.915586531162262 41
1747657611901 0.9155474305152893 42
1747657625764 0.9155240058898926 43
1747657639931 0.9155240058898926 44
1747657653487 0.9155200719833374 45
1747657667348 0.9155083894729614 46
1747657680978 0.9154888391494751 47
1747657694962 0.9155318140983582 48
1747657708736 0.9155552983283997 49
