1743793239786 0.33139768242836 0
1743793264959 0.31848037242889404 1
1743793289816 0.31900277733802795 2
1743793314918 0.3068888783454895 3
1743793340179 0.27418968081474304 4
1743793365340 0.2585780620574951 5
1743793390438 0.24511894583702087 6
1743793415542 0.23568913340568542 7
1743793440713 0.2281685173511505 8
1743793465896 0.22796672582626343 9
1743793490978 0.21816584467887878 10
1743793515885 0.213136687874794 11
1743793540969 0.2087528109550476 12
1743793566189 0.2210918813943863 13
1743793591423 0.22295841574668884 14
1743793616511 0.20941688120365143 15
1743793641676 0.20408186316490173 16
1743793666761 0.20033591985702515 17
1743793691664 0.19802948832511902 18
1743793716726 0.19531545042991638 19
1743793741903 0.19370180368423462 20
1743793767825 0.1914454698562622 21
1743793793841 0.19038023054599762 22
1743793819920 0.1882878839969635 23
1743793845956 0.18713365495204926 24
1743793872007 0.1854424774646759 25
1743793898085 0.18434201180934906 26
1743793924157 0.22402191162109375 27
1743793950226 0.1955970823764801 28
1743793976338 0.1897055059671402 29
1743794002332 0.18589060008525848 30
1743794028379 0.18419542908668518 31
1743794054507 0.1822962760925293 32
1743794080607 0.1982135772705078 33
1743794106740 0.18220601975917816 34
1743794132781 0.17923571169376373 35
1743794158854 0.1782906949520111 36
1743794185031 0.17716892063617706 37
1743794211069 0.18921209871768951 38
1743794237178 0.18021923303604126 39
1743794263295 0.1753597855567932 40
1743794289334 0.1737455576658249 41
1743794315266 0.17438165843486786 42
1743794341358 0.17223206162452698 43
1743794367444 0.17165906727313995 44
1743794393535 0.17024891078472137 45
1743794419643 1.6587493419647217 46
1743794445747 0.3708617687225342 47
1743794471743 0.3320125341415405 48
1743794497786 0.3245428502559662 49
