1743921836365 0.35656169056892395 0
1743921860434 0.3180534243583679 1
1743921883954 0.3180766999721527 2
1743921907716 0.31813162565231323 3
1743921931589 0.31753256916999817 4
1743921955235 0.2859187424182892 5
1743921978469 0.27432066202163696 6
1743922002513 0.26565971970558167 7
1743922026491 0.25778356194496155 8
1743922050134 0.25214555859565735 9
1743922073743 0.24729470908641815 10
1743922097609 0.24406114220619202 11
1743922121465 0.241793692111969 12
1743922144779 0.23930227756500244 13
1743922168320 0.23720934987068176 14
1743922191653 0.2351967692375183 15
1743922214836 0.23286165297031403 16
1743922238957 0.23100952804088593 17
1743922262944 0.22897009551525116 18
1743922286838 0.2269713282585144 19
1743922310182 0.22540727257728577 20
1743922334193 0.22377055883407593 21
1743922357805 0.22277039289474487 22
1743922381580 0.2214481681585312 23
1743922405230 0.2205013781785965 24
1743922429278 0.21904096007347107 25
1743922453489 0.2179459184408188 26
1743922476619 0.21720506250858307 27
1743922500351 0.21588370203971863 28
1743922523306 0.21478375792503357 29
1743922546445 0.2141401171684265 30
1743922569137 0.21294477581977844 31
1743922591872 0.21214090287685394 32
1743922614783 0.2113664746284485 33
1743922637674 0.21018019318580627 34
1743922660520 0.20955106616020203 35
1743922683554 0.20878446102142334 36
1743922707131 0.20788006484508514 37
1743922730913 0.20744581520557404 38
1743922754919 0.20672650635242462 39
1743922778957 0.2061425745487213 40
1743922802991 0.2054668515920639 41
1743922826862 0.20524396002292633 42
1743922850971 0.2046438753604889 43
1743922874973 0.2042473703622818 44
1743922899141 0.20386902987957 45
1743922922381 0.20329846441745758 46
1743922945402 0.20289430022239685 47
1743922968975 0.20234262943267822 48
1743922992988 0.20171062648296356 49
