1743921836366 0.30431173237229553 0
1743921860436 0.26652065795479024 1
1743921883955 0.2664530993216482 2
1743921907718 0.26644487391592686 3
1743921931591 0.26591119326391555 4
1743921955237 0.24258682652913952 5
1743921978471 0.22861140634584998 6
1743922002514 0.21802459115305864 7
1743922026492 0.20813681462866349 8
1743922050135 0.20072742474432298 9
1743922073745 0.19505094603011605 10
1743922097610 0.1912837701206396 11
1743922121467 0.188374415854329 12
1743922144780 0.18543452009137534 13
1743922168321 0.1826189693175812 14
1743922191654 0.18016252444021302 15
1743922214838 0.1776080283134469 16
1743922238958 0.17545672333238352 17
1743922262946 0.17292311412971192 18
1743922286840 0.17072179212919047 19
1743922310184 0.16904540278531385 20
1743922334194 0.16723624016057087 21
1743922357807 0.1657750927019444 22
1743922381582 0.16420105866118656 23
1743922405231 0.1627780291948491 24
1743922429279 0.16108100708236975 25
1743922453491 0.15967540713602357 26
1743922476620 0.15854072798077662 27
1743922500352 0.15722522611488443 28
1743922523307 0.15583946653983766 29
1743922546446 0.15486885102865242 30
1743922569138 0.153632777043734 31
1743922591874 0.15272254991137468 32
1743922614784 0.15181787652775194 33
1743922637676 0.1506167655138691 34
1743922660521 0.1498663857822523 35
1743922683555 0.14900031223512564 36
1743922707132 0.1480314142500205 37
1743922730915 0.14747602045833005 38
1743922754921 0.1465058688743924 39
1743922778959 0.14588334811043493 40
1743922802992 0.14512736379820582 41
1743922826863 0.14460310325469677 42
1743922850975 0.14402762708100036 43
1743922874975 0.14337007921032868 44
1743922899142 0.14298124100211493 45
1743922922382 0.14233006709835683 46
1743922945403 0.14185883007228667 47
1743922968977 0.14131910225196126 48
1743922992990 0.14064305469616345 49
