1743845047719 0.22840755502641896 0
1743845071840 0.15179021886265018 1
1743845095948 0.1198643647604709 2
1743845119946 0.10060138876879378 3
1743845144266 0.0899326972328532 4
1743845168624 0.0800063736309356 5
1743845192646 0.07134811338678779 6
1743845216387 0.06210609360486882 7
1743845240445 0.06047933340881731 8
1743845264631 0.052810489131138554 9
1743845288953 0.05055849523783196 10
1743845312897 0.04557171334872256 11
1743845336695 0.04314018448666419 12
1743845360628 0.040386213716564465 13
1743845384480 0.03936634398343571 14
1743845408572 0.033817856959718354 15
1743845432542 0.03234286098220627 16
1743845456772 0.03227415984725474 17
1743845481114 0.02868892612616513 18
1743845505309 0.027512587314909482 19
1743845529292 0.026256213070873925 20
1743845553294 0.02517639864557278 21
1743845577685 0.026176249338434168 22
1743845602108 0.023248896097730117 23
1743845626278 0.020274339803270962 24
1743845650514 0.023407396185970167 25
1743845674662 0.021600422657923467 26
1743845698987 0.019608153239267984 27
1743845722787 0.01830277726870327 28
1743845746921 0.018228310735915187 29
1743845770721 0.018849489861981875 30
1743845794960 0.015822100626838503 31
1743845819087 0.01951259636021047 32
1743845843114 0.016855533560781052 33
1743845866721 0.016306685243431304 34
1743845890687 0.015337888952196198 35
1743845914967 0.016616077413638054 36
1743845939249 0.016134987001454482 37
1743845963501 0.013050950634053145 38
1743845987743 0.015829540687842154 39
1743846011894 0.012167645618887796 40
1743846036064 0.01569563981437979 41
1743846059912 0.012797661987664495 42
1743846083673 0.01481447143721627 43
1743846107725 0.012785177519751672 44
1743846131737 0.014491093828181582 45
1743846155457 0.010869653840478633 46
1743846179240 0.012217768329648446 47
1743846203224 0.013798567846799333 48
1743846227350 0.016339750659317268 49
