1747625993013 0.138270303606987 0
1747626003615 0.08263051509857178 1
1747626013841 0.06732247024774551 2
1747626024191 0.04036716744303703 3
1747626035008 0.03171946480870247 4
1747626045081 0.027286507189273834 5
1747626056035 0.024340691044926643 6
1747626066697 0.021650513634085655 7
1747626077046 0.019727149978280067 8
1747626087887 0.018797539174556732 9
1747626098893 0.01799507811665535 10
1747626109392 0.016454841941595078 11
1747626119534 0.01562977395951748 12
1747626130081 0.01494693849235773 13
1747626140635 0.014721667394042015 14
1747626151173 0.01423899456858635 15
1747626162245 0.01393742486834526 16
1747626172405 0.013662868179380894 17
1747626183220 0.012981917709112167 18
1747626194378 0.013296792283654213 19
1747626205678 0.012847541831433773 20
1747626216681 0.012582603842020035 21
1747626227689 0.01256220880895853 22
1747626238733 0.011885706335306168 23
1747626249990 0.012104619294404984 24
1747626261194 0.011859760619699955 25
1747626272342 0.011483229696750641 26
1747626283281 0.011977293528616428 27
1747626293829 0.011520735919475555 28
1747626304703 0.01100662350654602 29
1747626315833 0.010966409929096699 30
1747626326418 0.010752864181995392 31
1747626336738 0.010726558975875378 32
1747626347226 0.010306757874786854 33
1747626358325 0.01018100418150425 34
1747626369012 0.010371831245720387 35
1747626379892 0.009803305380046368 36
1747626390342 0.009980708360671997 37
1747626400849 0.0105932941660285 38
1747626411320 0.010045748203992844 39
1747626422316 0.009496918879449368 40
1747626433277 0.00942111574113369 41
1747626443599 0.009315134957432747 42
1747626454967 0.009726815856993198 43
1747626465930 0.009085307829082012 44
1747626476636 0.008983624167740345 45
1747626486973 0.009404424577951431 46
1747626497889 0.008759510703384876 47
1747626508788 0.008767660707235336 48
1747626519045 0.009143504314124584 49
