1747625993015 0.4025274041008277 0
1747626003616 0.05734468735394574 1
1747626013843 0.0380662663041702 2
1747626024193 0.015466635692807588 3
1747626035009 0.011370502014369156 4
1747626045082 0.00838660384573695 5
1747626056036 0.005866607115731145 6
1747626066699 0.00494357754720297 7
1747626077048 0.004405129208023051 8
1747626087888 0.004370270387921289 9
1747626098895 0.0032636280470733046 10
1747626109394 0.0022618471995346978 11
1747626119536 0.0022483226497884644 12
1747626130083 0.0019446700764519601 13
1747626140636 0.0019361699250107804 14
1747626151174 0.0017407054594763508 15
1747626162246 0.0017702071564895145 16
1747626172406 0.0016366352060714013 17
1747626183222 0.0017122531131792832 18
1747626194380 0.0016094251276609643 19
1747626205680 0.0016115751869489674 20
1747626216683 0.0014187127284320607 21
1747626227691 0.00134334893199764 22
1747626238734 0.001363492137864855 23
1747626249991 0.0013032637904483427 24
1747626261196 0.0011888556398879633 25
1747626272344 0.0011317409937263926 26
1747626283283 0.001145012564468895 27
1747626293831 0.0010871916083335872 28
1747626304705 0.001021909957329181 29
1747626315835 0.0011280855442851317 30
1747626326420 0.0010839109736079033 31
1747626336739 0.0010491996454537317 32
1747626347228 0.0009549923247535463 33
1747626358326 0.0009790289378403855 34
1747626369014 0.0009766918724136513 35
1747626379894 0.0008682889810965495 36
1747626390343 0.000858013139025982 37
1747626400851 0.0011140314426177041 38
1747626411321 0.0010850074153193141 39
1747626422318 0.0008301748704954431 40
1747626433279 0.0007077701110774361 41
1747626443601 0.0008501753932894898 42
1747626454969 0.0008202969413579633 43
1747626465931 0.0008485742006024736 44
1747626476638 0.0007010367174621505 45
1747626486974 0.0007357582925062432 46
1747626497890 0.0006630074255536058 47
1747626508789 0.0006844758358221806 48
1747626519047 0.0006866216084049019 49
