1743944401187 0.29277896881103516 0
1743944425330 0.2795075476169586 1
1743944449699 0.27367544174194336 2
1743944474107 0.26751279830932617 3
1743944498679 0.263764888048172 4
1743944523603 0.2577477991580963 5
1743944548524 0.25136950612068176 6
1743944573361 0.2454274445772171 7
1743944598151 0.23986344039440155 8
1743944623043 0.2355393022298813 9
1743944647770 0.23177441954612732 10
1743944672372 0.22817906737327576 11
1743944697330 0.5181106328964233 12
1743944722165 0.337035596370697 13
1743944747072 0.3050978481769562 14
1743944771920 0.2906067669391632 15
1743944796810 0.2780308723449707 16
1743944821746 0.2672348916530609 17
1743944846501 0.25939133763313293 18
1743944871383 0.25341227650642395 19
1743944896195 0.2485935389995575 20
1743944920913 0.2444160133600235 21
1743944945872 0.23971913754940033 22
1743944970737 0.2356918305158615 23
1743944995411 0.2321586161851883 24
1743945020453 0.22905051708221436 25
1743945045410 0.22626282274723053 26
1743945070073 0.22352512180805206 27
1743945094790 0.2213178426027298 28
1743945119729 0.21860963106155396 29
1743945144490 0.21674779057502747 30
1743945169429 0.21444568037986755 31
1743945194069 0.21309740841388702 32
1743945218821 0.2112317979335785 33
1743945243657 0.20892581343650818 34
1743945268443 0.20713743567466736 35
1743945293406 0.2053116112947464 36
1743945318253 0.20328590273857117 37
1743945343083 0.2011640965938568 38
1743945367705 0.19982919096946716 39
1743945392553 0.19774815440177917 40
1743945417540 0.1962278038263321 41
1743945442189 0.19442003965377808 42
1743945466967 0.19229555130004883 43
1743945491825 0.19139204919338226 44
1743945516347 0.18979807198047638 45
1743945541146 0.18833616375923157 46
1743945565938 0.18657828867435455 47
1743945590821 0.18523429334163666 48
1743945615604 0.18451200425624847 49
