1743944401189 0.2451878325369692 0
1743944425331 0.23292301403032223 1
1743944449700 0.22526578609410575 2
1743944474109 0.21784000890758065 3
1743944498680 0.21267285449107537 4
1743944523604 0.20500010618546471 5
1743944548526 0.19761840629427516 6
1743944573362 0.19066861913330543 7
1743944598152 0.18476129560299728 8
1743944623045 0.18027904516109522 9
1743944647771 0.17627208769783811 10
1743944672374 0.1723928873049104 11
1743944697332 5593.2558700963 12
1743944722166 0.2609596532356523 13
1743944747074 0.2364375694030002 14
1743944771922 0.224072061857248 15
1743944796812 0.21279821279739086 16
1743944821748 0.20397603394041708 17
1743944846503 0.19750114730266163 18
1743944871385 0.1921380522764876 19
1743944896197 0.18782888763959815 20
1743944920915 0.1840153648628163 21
1743944945873 0.1798184685740684 22
1743944970739 0.1761000717789091 23
1743944995413 0.17282339944540687 24
1743945020455 0.17005134441871667 25
1743945045412 0.16736923109808038 26
1743945070075 0.16490753204398656 27
1743945094791 0.162759631052621 28
1743945119731 0.1602609465618115 29
1743945144492 0.15841867354382563 30
1743945169431 0.15636981194674135 31
1743945194070 0.1544332456708789 32
1743945218823 0.15230271278817162 33
1743945243658 0.1499664469828651 34
1743945268445 0.14779077440098595 35
1743945293408 0.1457224515863533 36
1743945318255 0.14349771043099113 37
1743945343084 0.14128198642614254 38
1743945367707 0.1394045205494568 39
1743945392554 0.13725052552255776 40
1743945417541 0.135390734332477 41
1743945442191 0.13345413843724227 42
1743945466969 0.1314320705865215 43
1743945491826 0.1299616487585585 44
1743945516349 0.12822885167504505 45
1743945541148 0.12679292144774848 46
1743945565940 0.12505103951653068 47
1743945590823 0.12369681137513884 48
1743945615605 0.12254697123753552 49
