1747770275594 0.7670454382896423 0
1747770275815 0.8488636612892151 1
1747770276037 0.8789772987365723 2
1747770276254 0.9022727012634277 3
1747770276472 0.9051136374473572 4
1747770276728 0.925568163394928 5
1747770276956 0.9113636612892151 6
1747770277181 0.918749988079071 7
1747770277416 0.9204545617103577 8
1747770277650 0.9323863387107849 9
1747770277882 0.9380682110786438 10
1747770278113 0.9369317889213562 11
1747770278349 0.9420454502105713 12
1747770278583 0.9431818127632141 13
1747770278816 0.9517045617103577 14
1747770279091 0.9465909004211426 15
1747770279411 0.9443181753158569 16
1747770279737 0.9477272629737854 17
1747770280062 0.949999988079071 18
1747770280387 0.9477272629737854 19
1747770280712 0.9477272629737854 20
1747770281041 0.9585227370262146 21
1747770281369 0.9477272629737854 22
1747770281603 0.9573863744735718 23
1747770281829 0.9471591114997864 24
1747770282063 0.9573863744735718 25
1747770282309 0.9573863744735718 26
1747770282553 0.9602272510528564 27
1747770282798 0.9630681872367859 28
1747770283014 0.956818163394928 29
1747770283303 0.9573863744735718 30
1747770283509 0.9630681872367859 31
1747770283725 0.9647727012634277 32
1747770283963 0.9664772748947144 33
1747770284205 0.9653409123420715 34
1747770284445 0.9619318246841431 35
1747770284683 0.9636363387107849 36
1747770284906 0.9545454382896423 37
1747770285145 0.9642045497894287 38
1747770285463 0.9664772748947144 39
1747770285788 0.9676136374473572 40
1747770286114 0.9676136374473572 41
1747770286430 0.9630681872367859 42
1747770286705 0.9676136374473572 43
1747770287008 0.9670454263687134 44
1747770287315 0.9613636136054993 45
1747770287629 0.9642045497894287 46
1747770287873 0.9681817889213562 47
1747770288113 0.9664772748947144 48
1747770288357 0.96875 49
