1743862780935 0.2540147602558136 0
1743862804062 0.2403835952281952 1
1743862827125 0.23206421732902527 2
1743862850190 0.22509624063968658 3
1743862873406 0.22153814136981964 4
1743862896599 0.21662786602973938 5
1743862919809 0.21339280903339386 6
1743862943032 0.21013736724853516 7
1743862966294 0.20739991962909698 8
1743862989440 0.20416264235973358 9
1743863012554 0.20128603279590607 10
1743863035178 0.1981295943260193 11
1743863058411 0.19447870552539825 12
1743863081620 0.19155123829841614 13
1743863104564 0.18713922798633575 14
1743863127650 0.18334342539310455 15
1743863151073 0.17999139428138733 16
1743863174238 0.17657886445522308 17
1743863197412 0.1729947179555893 18
1743863220635 0.17060454189777374 19
1743863243553 0.16696089506149292 20
1743863266850 0.16423413157463074 21
1743863289861 0.16107288002967834 22
1743863312817 0.15830467641353607 23
1743863335738 0.15514351427555084 24
1743863358875 0.15243081748485565 25
1743863382077 0.1492658108472824 26
1743863405216 0.14704065024852753 27
1743863428277 0.1440047025680542 28
1743863451217 0.1419600397348404 29
1743863474203 0.14005793631076813 30
1743863497060 0.1378280371427536 31
1743863520020 0.136000856757164 32
1743863543241 0.13441893458366394 33
1743863566293 0.1332319974899292 34
1743863589278 0.131862074136734 35
1743863612388 0.13032865524291992 36
1743863635513 0.12909279763698578 37
1743863658781 0.12805262207984924 38
1743863681918 0.1266806721687317 39
1743863705092 0.12622369825839996 40
1743863727763 0.1250961571931839 41
1743863750899 0.12435559928417206 42
1743863773859 0.1238497793674469 43
1743863796691 0.12249163538217545 44
1743863819713 0.12226816266775131 45
1743863842966 0.12175589054822922 46
1743863866164 0.12130120396614075 47
1743863889352 0.12047260999679565 48
1743863912262 0.11981207132339478 49
