1743711127978 0.2434079310810819 0
1743711149020 0.23399904968408322 1
1743711170376 0.22876326035332448 2
1743711191779 0.22351777404463674 3
1743711212993 0.2201668148448393 4
1743711234372 0.2161877960160204 5
1743711255725 0.21360642344703032 6
1743711277094 0.21046037526371628 7
1743711298341 0.2085442333606961 8
1743711319626 0.20742448534229507 9
1743711340866 0.20494655132699355 10
1743711361928 0.20387993540866287 11
1743711383317 0.20236781150829686 12
1743711404586 0.20108203179859596 13
1743711425786 0.20013909356937498 14
1743711447125 0.2021038822930153 15
1743711468349 0.19955791907154147 16
1743711489540 0.19837870625640994 17
1743711510657 0.19778210308169367 18
1743711531991 0.1970014287752448 19
1743711553245 0.19634370185396546 20
1743711574734 0.195593439658853 21
1743711596193 0.19464018250128567 22
1743711617660 0.19407916871305517 23
1743711639020 0.19348207277772805 24
1743711660374 0.19731597141437007 25
1743711681918 0.20029905077149635 26
1743711703323 0.19443804519846958 27
1743711724629 0.19213488956823407 28
1743711746071 0.19127204484623314 29
1743711767539 0.19078174767165368 30
1743711788690 0.1903446203560821 31
1743711809781 0.19031881001653256 32
1743711831023 0.18947425057263914 33
1743711852199 0.1891203516872554 34
1743711873528 0.18869033976500468 35
1743711894887 0.18845719998492083 36
1743711916203 0.18801788632071173 37
1743711937640 0.18755847873908488 38
1743711959082 0.1874136136722667 39
1743711980494 0.18698178401184598 40
1743712001837 0.18667485146502508 41
1743712023224 0.18636762659111425 42
1743712044437 0.18603632295696093 43
1743712065552 0.18583802164663332 44
1743712086854 0.18546200839947896 45
1743712108151 0.1851370127108799 46
1743712129485 0.18488077568849973 47
1743712150669 0.18459251741279825 48
1743712172115 0.18417643250729968 49
