1743711127977 0.2773491144180298 0
1743711149019 0.2744099795818329 1
1743711170375 0.27200719714164734 2
1743711191779 0.26773831248283386 3
1743711212992 0.265107125043869 4
1743711234371 0.26223817467689514 5
1743711255724 0.25986945629119873 6
1743711277093 0.2573375403881073 7
1743711298340 0.255559504032135 8
1743711319625 0.25387299060821533 9
1743711340866 0.25253358483314514 10
1743711361927 0.25152912735939026 11
1743711383316 0.25023895502090454 12
1743711404586 0.24910707771778107 13
1743711425785 0.24812918901443481 14
1743711447124 0.24905571341514587 15
1743711468348 0.24826502799987793 16
1743711489539 0.2473403513431549 17
1743711510656 0.24661928415298462 18
1743711531990 0.2458314150571823 19
1743711553244 0.24538329243659973 20
1743711574733 0.24476346373558044 21
1743711596193 0.24403156340122223 22
1743711617660 0.24349062144756317 23
1743711639019 0.2429843693971634 24
1743711660373 0.24704590439796448 25
1743711681917 0.250387966632843 26
1743711703322 0.24350789189338684 27
1743711724628 0.24088285863399506 28
1743711746071 0.24037005007266998 29
1743711767538 0.24007956683635712 30
1743711788689 0.23966439068317413 31
1743711809780 0.23935720324516296 32
1743711831022 0.23896802961826324 33
1743711852198 0.23853403329849243 34
1743711873527 0.23812521994113922 35
1743711894887 0.2379402220249176 36
1743711916202 0.2375083714723587 37
1743711937639 0.23716823756694794 38
1743711959081 0.2369680255651474 39
1743711980494 0.23656469583511353 40
1743712001836 0.23618632555007935 41
1743712023223 0.23598136007785797 42
1743712044436 0.23561811447143555 43
1743712065552 0.23541349172592163 44
1743712086853 0.23507758975028992 45
1743712108151 0.2347569763660431 46
1743712129485 0.23449298739433289 47
1743712150668 0.23410867154598236 48
1743712172114 0.23391397297382355 49
