1743966652489 0.9634833335876465 0
1743966749285 0.9713833332061768 1
1743966832779 0.9750999808311462 2
1743966906952 0.9767500162124634 3
1743966984348 0.9799666404724121 4
1743967061519 0.982366681098938 5
1743967127562 0.9838166832923889 6
1743967202585 0.9847999811172485 7
1743967281488 0.9865999817848206 8
1743967365282 0.9869833588600159 9
1743967437718 0.9887166619300842 10
1743967515135 0.9889833331108093 11
1743967593231 0.9897000193595886 12
1743967670272 0.9909166693687439 13
1743967749561 0.9917166829109192 14
1743967833099 0.9916999936103821 15
1743967906189 0.9925166964530945 16
1743967983812 0.9931833148002625 17
1743968061725 0.993399977684021 18
1743968144669 0.9934166669845581 19
1743968218263 0.9938333630561829 20
1743968292431 0.9941333532333374 21
1743968352768 0.9940666556358337 22
1743968377825 0.995033323764801 23
1743968402877 0.9954333305358887 24
1743968427971 0.9941666722297668 25
1743968495266 0.9901333451271057 26
1743968572874 0.9951000213623047 27
1743968649464 0.9952333569526672 28
1743968731029 0.9953833222389221 29
1743968803457 0.9958666563034058 30
1743968876350 0.9968666434288025 31
1743968960535 0.9958833456039429 32
1743969045497 0.9959999918937683 33
1743969124983 0.99631667137146 34
1743969208029 0.9960500001907349 35
1743969284722 0.9970999956130981 36
1743969364754 0.9938333630561829 37
1743969443227 0.9977999925613403 38
1743969521412 0.9970499873161316 39
1743969608009 0.9968833327293396 40
1743969679802 0.9965833425521851 41
1743969763865 0.9972166419029236 42
1743969839328 0.9974333047866821 43
1743969924803 0.996833324432373 44
1743969994578 0.996999979019165 45
1743970089150 0.9972333312034607 46
1743970185853 0.9971833229064941 47
1743970284175 0.9977499842643738 48
1743970361649 0.9971666932106018 49
