1743966652491 0.1436412950459723 0
1743966749287 0.09711843722019772 1
1743966832781 0.08282413396481561 2
1743966906954 0.07350136961102408 3
1743966984349 0.06389511970230036 4
1743967061521 0.05762198889301281 5
1743967127563 0.0531590980898611 6
1743967202587 0.04813680884449044 7
1743967281490 0.04303274084819966 8
1743967365284 0.04041491998164917 9
1743967437720 0.03464730423222296 10
1743967515137 0.033326190565309693 11
1743967593232 0.03139180763712383 12
1743967670274 0.028254219815684236 13
1743967749563 0.024664462905886475 14
1743967833101 0.02589601237101512 15
1743967906191 0.023990478702536195 16
1743967983814 0.021080399507270666 17
1743968061727 0.020932246142410075 18
1743968144671 0.020028128954522405 19
1743968218264 0.019884561781438 20
1743968292433 0.01703242903012587 21
1743968352770 0.018915387229585745 22
1743968377827 0.015290251951039183 23
1743968402879 0.01457085372186975 24
1743968427973 0.017482922835893405 25
1743968495268 0.03751188991957182 26
1743968572876 0.015593529338177318 27
1743968649465 0.014213469665998277 28
1743968731031 0.013840976671709243 29
1743968803458 0.012770436232910997 30
1743968876351 0.01016358620112269 31
1743968960536 0.01341866921577165 32
1743969045499 0.012941684811799935 33
1743969124984 0.012142119115197953 34
1743969208031 0.013014459633486176 35
1743969284723 0.009594843036101374 36
1743969364755 0.022561754529085026 37
1743969443228 0.0071082438601114475 38
1743969521413 0.009949605535976984 39
1743969608011 0.010089641213293012 40
1743969679804 0.0107808145675633 41
1743969763867 0.009245589830857914 42
1743969839329 0.008850692321247097 43
1743969924805 0.010801939023342656 44
1743969994580 0.010252192883014549 45
1743970089152 0.008437878066480569 46
1743970185854 0.008621802885909156 47
1743970284177 0.007763207065334654 48
1743970361650 0.00978287453154055 49
