1747771798301 0.2971591055393219 0
1747771798522 0.6545454263687134 1
1747771798748 0.8096590638160706 2
1747771798973 0.8755682110786438 3
1747771799199 0.9204545617103577 4
1747771799425 0.918181836605072 5
1747771799652 0.9363636374473572 6
1747771799878 0.9386363625526428 7
1747771800104 0.9517045617103577 8
1747771800329 0.9522727131843567 9
1747771800551 0.9488636255264282 10
1747771800775 0.9488636255264282 11
1747771801002 0.9357954263687134 12
1747771801299 0.9482954740524292 13
1747771801627 0.9545454382896423 14
1747771801952 0.9539772868156433 15
1747771802276 0.9505681991577148 16
1747771802509 0.9522727131843567 17
1747771802728 0.9619318246841431 18
1747771802951 0.9505681991577148 19
1747771803177 0.9522727131843567 20
1747771803403 0.9636363387107849 21
1747771803631 0.956250011920929 22
1747771803858 0.9579545259475708 23
1747771804085 0.9613636136054993 24
1747771804312 0.9624999761581421 25
1747771804539 0.96875 26
1747771804766 0.9704545736312866 27
1747771804994 0.9642045497894287 28
1747771805222 0.9551136493682861 29
1747771805449 0.96875 30
1747771805678 0.9721590876579285 31
1747771805905 0.9704545736312866 32
1747771806172 0.9721590876579285 33
1747771806502 0.9647727012634277 34
1747771806832 0.9488636255264282 35
1747771807162 0.9619318246841431 36
1747771807427 0.9642045497894287 37
1747771807649 0.9664772748947144 38
1747771807874 0.9750000238418579 39
1747771808100 0.9698863625526428 40
1747771808328 0.9619318246841431 41
1747771808555 0.96875 42
1747771808782 0.9681817889213562 43
1747771809009 0.9653409123420715 44
1747771809237 0.9607954621315002 45
1747771809465 0.9664772748947144 46
1747771809695 0.9704545736312866 47
1747771809923 0.9715909361839294 48
1747771810152 0.9710227251052856 49
