1747770366572 nan 0
1747770366790 nan 1
1747770367009 nan 2
1747770367227 nan 3
1747770367447 nan 4
1747770367670 nan 5
1747770367891 nan 6
1747770368113 nan 7
1747770368342 nan 8
1747770368497 nan 9
1747770368648 nan 10
1747770368800 nan 11
1747770368953 nan 12
1747770369119 nan 13
1747770369272 nan 14
1747770369426 nan 15
1747770369590 nan 16
1747770369756 nan 17
1747770369916 nan 18
1747770370078 nan 19
1747770370245 nan 20
1747770370397 nan 21
1747770370548 nan 22
1747770370700 nan 23
1747770370853 nan 24
1747770371012 nan 25
1747770371165 nan 26
1747770371333 nan 27
1747770371498 nan 28
1747770371662 nan 29
1747770371830 nan 30
1747770371993 nan 31
1747770372173 nan 32
1747770372397 nan 33
1747770372628 nan 34
1747770372852 nan 35
1747770373079 nan 36
1747770373307 nan 37
1747770373533 nan 38
1747770373758 nan 39
1747770373987 nan 40
1747770374213 nan 41
1747770374441 nan 42
1747770374640 nan 43
1747770374790 nan 44
1747770374953 nan 45
1747770375128 nan 46
1747770375294 nan 47
1747770375469 nan 48
1747770375633 nan 49
