1747770401467 50.83557891845703 0
1747770401630 50.334598541259766 1
1747770401784 49.47412872314453 2
1747770401941 47.748443603515625 3
1747770402128 43.9019889831543 4
1747770402300 40.03276443481445 5
1747770402474 34.30113983154297 6
1747770402646 27.095556259155273 7
1747770402818 23.7412166595459 8
1747770402989 22.269853591918945 9
1747770403163 21.740312576293945 10
1747770403272 21.575258255004883 11
1747770403379 21.47800636291504 12
1747770403489 21.41221046447754 13
1747770403601 21.345293045043945 14
1747770403714 21.32127571105957 15
1747770403826 21.268688201904297 16
1747770403939 21.274927139282227 17
1747770404050 21.176998138427734 18
1747770404163 21.206180572509766 19
1747770404278 21.125585556030273 20
1747770404392 21.11661720275879 21
1747770404507 21.08708381652832 22
1747770404624 21.040075302124023 23
1747770404740 20.981719970703125 24
1747770404854 20.982742309570312 25
1747770404968 20.88205909729004 26
1747770405080 20.860376358032227 27
1747770405194 20.70081329345703 28
1747770405312 20.649484634399414 29
1747770405430 20.461977005004883 30
1747770405545 20.1965274810791 31
1747770405663 19.821107864379883 32
1747770405780 19.274831771850586 33
1747770405897 18.69659423828125 34
1747770406014 18.22463035583496 35
1747770406129 17.760297775268555 36
1747770406246 17.487627029418945 37
1747770406360 17.292770385742188 38
1747770406476 17.18832015991211 39
1747770406594 17.10047149658203 40
1747770406715 17.097320556640625 41
1747770406847 16.942092895507812 42
1747770407004 16.809377670288086 43
1747770407174 16.63986587524414 44
1747770407346 16.20884895324707 45
1747770407518 14.901820182800293 46
1747770407689 14.506104469299316 47
1747770407861 14.381091117858887 48
1747770408030 14.25938606262207 49
