1743910963744 0.3020046055316925 0
1743910988486 0.2553617060184479 1
1743911013295 0.24534837901592255 2
1743911037979 0.2387143075466156 3
1743911062627 0.23104286193847656 4
1743911087314 0.22618374228477478 5
1743911112099 0.22163452208042145 6
1743911136718 0.21698080003261566 7
1743911161365 0.21143269538879395 8
1743911186028 0.20578201115131378 9
1743911210592 0.19877766072750092 10
1743911235324 0.19245637953281403 11
1743911260081 0.1854301393032074 12
1743911284705 0.17972806096076965 13
1743911309347 0.17471222579479218 14
1743911334207 0.17009015381336212 15
1743911358806 0.166656032204628 16
1743911383374 0.1628258377313614 17
1743911408187 0.1608661264181137 18
1743911432999 0.15786589682102203 19
1743911457935 0.1556841880083084 20
1743911482615 0.15343697369098663 21
1743911507336 0.15204451978206635 22
1743911532163 0.14991039037704468 23
1743911556862 0.14960607886314392 24
1743911581649 0.1475788801908493 25
1743911606432 0.1465296447277069 26
1743911631338 0.14529575407505035 27
1743911656048 0.14429321885108948 28
1743911680695 0.1432238072156906 29
1743911705461 0.1438557505607605 30
1743911730196 0.14214807748794556 31
1743911754847 0.14094947278499603 32
1743911779557 0.1413484513759613 33
1743911804343 0.13953804969787598 34
1743911829245 0.13893628120422363 35
1743911853834 0.13804948329925537 36
1743911878793 0.137990340590477 37
1743911903308 0.1370156854391098 38
1743911927710 0.13607946038246155 39
1743911952051 0.13653713464736938 40
1743911976813 0.1360410749912262 41
1743912001430 0.13517962396144867 42
1743912026106 0.1347658336162567 43
1743912050801 0.1347922384738922 44
1743912075654 0.13325102627277374 45
1743912100609 0.13356533646583557 46
1743912125162 0.13270261883735657 47
1743912149879 0.13247768580913544 48
1743912174607 0.13220679759979248 49
