1743910963746 0.34558192279913086 0
1743910988488 0.2001405491928369 1
1743911013296 0.1900188036524944 2
1743911037981 0.18295441677688115 3
1743911062628 0.17581662043465007 4
1743911087315 0.170755615775185 5
1743911112101 0.16549164578401698 6
1743911136719 0.1596572190134562 7
1743911161367 0.1528478794418022 8
1743911186030 0.1455259525879046 9
1743911210593 0.13684951163232026 10
1743911235326 0.12906349149478602 11
1743911260082 0.12105895014510573 12
1743911284707 0.11446625239149057 13
1743911309348 0.1088327039608323 14
1743911334209 0.10373570557874963 15
1743911358807 0.09982611425420482 16
1743911383375 0.0959127040341634 17
1743911408188 0.0933971408527092 18
1743911433000 0.09040223809421354 19
1743911457937 0.08823694336771774 20
1743911482616 0.08608820683439043 21
1743911507338 0.08444491938730116 22
1743911532164 0.08242184242658725 23
1743911556863 0.08176539089139552 24
1743911581650 0.08019209771915009 25
1743911606433 0.07903271350592647 26
1743911631340 0.07786809925270546 27
1743911656049 0.07694231168128851 28
1743911680697 0.07602107045253932 29
1743911705463 0.07616198759543319 30
1743911730198 0.07477907495797256 31
1743911754849 0.07373330185512314 32
1743911779558 0.07376449505142045 33
1743911804345 0.0724521559113684 34
1743911829247 0.07173964069134056 35
1743911853835 0.07107951699834117 36
1743911878795 0.07073804082629227 37
1743911903310 0.06992151907642838 38
1743911927711 0.06906061949760009 39
1743911952053 0.06917668820856836 40
1743911976814 0.068969254960227 41
1743912001432 0.06801915164080655 42
1743912026107 0.06759144929237476 43
1743912050802 0.06754004380722237 44
1743912075656 0.06628791095737392 45
1743912100610 0.06636722371614885 46
1743912125163 0.0657268800790268 47
1743912149880 0.06556593981451656 48
1743912174609 0.0651347023317092 49
