1743776022635 0.2468456925923623 0
1743776047390 0.18866486588812786 1
1743776072175 0.16919064314090632 2
1743776097044 0.15171405532914334 3
1743776121902 0.13684542562546861 4
1743776146685 0.12260334935776974 5
1743776171366 0.11099296364310368 6
1743776196436 0.10249726682330479 7
1743776221192 0.09605495524615996 8
1743776246088 0.09136472321458791 9
1743776271115 0.08760145059101032 10
1743776295749 0.08512120218795335 11
1743776320412 0.08254865758131084 12
1743776345266 0.08032645007826335 13
1743776370123 0.07856184608506034 14
1743776395023 0.07670406930489633 15
1743776419631 0.0751075961313988 16
1743776444210 0.07347619562587096 17
1743776468928 0.0722743705453875 18
1743776493601 0.07077503075655331 19
1743776518400 0.0695096181383545 20
1743776543220 0.06844467246568124 21
1743776567913 0.06726663899865369 22
1743776592458 0.06662799178180033 23
1743776617249 0.06572132292901342 24
1743776641936 0.06476206480904846 25
1743776666530 0.06434549559645601 26
1743776691183 0.06328706136295373 27
1743776716014 0.06296499150164292 28
1743776741005 0.06280108936761161 29
1743776765675 0.06141564139516807 30
1743776790347 0.0616257420035863 31
1743776815133 0.06059578315105301 32
1743776839939 0.06045440987320032 33
1743776864500 0.059884302602969446 34
1743776889119 0.059216143349337315 35
1743776913890 0.058964453121012984 36
1743776938662 0.05878162451412672 37
1743776963529 0.05806309238280389 38
1743776988356 0.058200209630557616 39
1743777013143 0.05735029414364725 40
1743777037775 0.05733371290158314 41
1743777062375 0.05665090842847008 42
1743777087043 0.05645165601157048 43
1743777113878 0.05631486998811057 44
1743777141519 0.05606967067196694 45
1743777169303 0.05583339409883867 46
1743777196768 0.055356906167793755 47
1743777224677 0.055167929727375824 48
1743777252880 0.05459080426196005 49
