1743776022633 0.298147588968277 0
1743776047389 0.2442379742860794 1
1743776072174 0.22690238058567047 2
1743776097042 0.21185016632080078 3
1743776121900 0.19938090443611145 4
1743776146684 0.1876213401556015 5
1743776171365 0.1777959018945694 6
1743776196435 0.1703977733850479 7
1743776221191 0.16463713347911835 8
1743776246087 0.16042065620422363 9
1743776271114 0.15664036571979523 10
1743776295748 0.15444916486740112 11
1743776320411 0.15172287821769714 12
1743776345265 0.14935016632080078 13
1743776370122 0.1475340873003006 14
1743776395022 0.14553506672382355 15
1743776419630 0.1439182013273239 16
1743776444208 0.14211004972457886 17
1743776468927 0.14122869074344635 18
1743776493599 0.1394905149936676 19
1743776518399 0.13802561163902283 20
1743776543219 0.1367502063512802 21
1743776567912 0.13533735275268555 22
1743776592457 0.13500304520130157 23
1743776617247 0.13379204273223877 24
1743776641935 0.13244779407978058 25
1743776666529 0.1324034035205841 26
1743776691182 0.1306801736354828 27
1743776716013 0.13036534190177917 28
1743776741004 0.13058502972126007 29
1743776765673 0.12838797271251678 30
1743776790346 0.12909795343875885 31
1743776815132 0.12757137417793274 32
1743776839938 0.127680703997612 33
1743776864499 0.12684409320354462 34
1743776889118 0.1258729100227356 35
1743776913888 0.12566637992858887 36
1743776938661 0.125590980052948 37
1743776963527 0.1244986280798912 38
1743776988355 0.12478434294462204 39
1743777013142 0.12355632334947586 40
1743777037774 0.12374728173017502 41
1743777062373 0.12274573743343353 42
1743777087042 0.12274152785539627 43
1743777113877 0.12258715182542801 44
1743777141518 0.12238699942827225 45
1743777169301 0.12197483330965042 46
1743777196767 0.12124171108007431 47
1743777224676 0.12107738852500916 48
1743777252879 0.12044653296470642 49
