1747770213728 42.532630920410156 0
1747770213935 27.297243118286133 1
1747770214140 18.69305419921875 2
1747770214330 16.332237243652344 3
1747770214465 13.888917922973633 4
1747770214607 11.953943252563477 5
1747770214753 10.408340454101562 6
1747770214901 9.034828186035156 7
1747770215048 7.627909183502197 8
1747770215193 6.61143159866333 9
1747770215337 5.873963832855225 10
1747770215486 5.27663516998291 11
1747770215637 4.763892650604248 12
1747770215785 4.252708911895752 13
1747770215938 3.784135580062866 14
1747770216090 3.365662097930908 15
1747770216243 2.946606159210205 16
1747770216392 2.567103147506714 17
1747770216543 2.2523415088653564 18
1747770216696 1.983819842338562 19
1747770216851 1.7804828882217407 20
1747770217003 1.6136369705200195 21
1747770217156 1.4805163145065308 22
1747770217315 1.371885895729065 23
1747770217471 1.2715234756469727 24
1747770217622 1.1895735263824463 25
1747770217775 1.1150221824645996 26
1747770217931 1.0529265403747559 27
1747770218108 0.9931597709655762 28
1747770218316 0.9451147317886353 29
1747770218534 0.8893884420394897 30
1747770218776 0.8325574398040771 31
1747770218994 0.7809783816337585 32
1747770219212 0.7390453815460205 33
1747770219431 0.7025915384292603 34
1747770219642 0.6675804257392883 35
1747770219855 0.6257920861244202 36
1747770220068 0.5936147570610046 37
1747770220282 0.5639636516571045 38
1747770220492 0.5395013689994812 39
1747770220638 0.5011821985244751 40
1747770220787 0.4756501019001007 41
1747770220935 0.4511356055736542 42
1747770221085 0.4280466139316559 43
1747770221243 0.40594279766082764 44
1747770221398 0.39040273427963257 45
1747770221549 0.3681277632713318 46
1747770221721 0.3523372411727905 47
1747770221880 0.3382962644100189 48
1747770222028 0.33816370368003845 49
