1747770818144 nan 0
1747770818383 nan 1
1747770818668 nan 2
1747770818924 nan 3
1747770819184 nan 4
1747770819457 nan 5
1747770819712 nan 6
1747770819968 nan 7
1747770820226 nan 8
1747770820486 nan 9
1747770820739 nan 10
1747770820917 nan 11
1747770821106 nan 12
1747770821299 nan 13
1747770821493 nan 14
1747770821686 nan 15
1747770821879 nan 16
1747770822071 nan 17
1747770822266 nan 18
1747770822460 nan 19
1747770822654 nan 20
1747770822849 nan 21
1747770823045 nan 22
1747770823239 nan 23
1747770823435 nan 24
1747770823634 nan 25
1747770823832 nan 26
1747770824037 nan 27
1747770824241 nan 28
1747770824441 nan 29
1747770824713 nan 30
1747770824973 nan 31
1747770825232 nan 32
1747770825490 nan 33
1747770825749 nan 34
1747770826043 nan 35
1747770826301 nan 36
1747770826558 nan 37
1747770826817 nan 38
1747770827023 nan 39
1747770827193 nan 40
1747770827367 nan 41
1747770827541 nan 42
1747770827717 nan 43
1747770827892 nan 44
1747770828067 nan 45
1747770828242 nan 46
1747770828417 nan 47
1747770828590 nan 48
1747770828769 nan 49
