1743745374436 0.633206596220525 0
1743745396349 0.2645518789631084 1
1743745418278 0.24597057882541537 2
1743745440248 0.2379295831608992 3
1743745461958 0.23130342984782948 4
1743745483998 0.2260262752711204 5
1743745506134 0.22223556132250608 6
1743745527838 0.21855304039922713 7
1743745550657 0.2147549831576196 8
1743745572154 0.211391631303374 9
1743745593817 0.21035176419828003 10
1743745615517 0.20644066613832507 11
1743745637148 0.20436164928176187 12
1743745658757 0.20295674188936869 13
1743745680260 0.20102466218374182 14
1743745701856 0.1989163703256066 15
1743745723453 0.1976686447577974 16
1743745745058 0.19598901728744952 17
1743745766521 0.19443125640600772 18
1743745787894 0.19348429260630218 19
1743745809569 0.19223868343589554 20
1743745831103 0.19146326206347947 21
1743745852926 0.19027211864423726 22
1743745874812 0.18942155753050266 23
1743745896300 0.188500120349389 24
1743745917642 0.18785962765694753 25
1743745939366 0.18713606804827101 26
1743745960837 0.1865392807549265 27
1743745982297 0.18699531997073957 28
1743746003940 0.18565914379285553 29
1743746025678 0.18507481262329917 30
1743746047356 0.18493171157654348 31
1743746068821 0.18447711889557175 32
1743746090325 0.18373143509050066 33
1743746111854 0.1835676618964311 34
1743746133312 0.18298954652254582 35
1743746154771 0.1826774312657207 36
1743746176243 0.1823420086164159 37
1743746197829 0.18194813274797234 38
1743746219316 0.18157220892456252 39
1743746240906 0.1813146547197219 40
1743746262625 0.18104012391033605 41
1743746284409 0.18043578895288606 42
1743746306107 0.180079969485346 43
1743746327802 0.1799743606537358 44
1743746349438 0.17938285351908637 45
1743746371178 0.1790460817435349 46
1743746392607 0.17905576272456905 47
1743746414221 0.17849734496362693 48
1743746435828 0.17820572118558656 49
