1743745374435 0.7257090210914612 0
1743745396348 0.3315260708332062 1
1743745418277 0.3009607195854187 2
1743745440247 0.28938788175582886 3
1743745461958 0.2805897295475006 4
1743745483997 0.27501529455184937 5
1743745506133 0.2716760039329529 6
1743745527837 0.26848074793815613 7
1743745550656 0.26526114344596863 8
1743745572153 0.2624173164367676 9
1743745593816 0.25946277379989624 10
1743745615516 0.257938027381897 11
1743745637148 0.2562324106693268 12
1743745658756 0.25453391671180725 13
1743745680259 0.25293394923210144 14
1743745701856 0.25147050619125366 15
1743745723452 0.24988724291324615 16
1743745745057 0.24872249364852905 17
1743745766520 0.24740129709243774 18
1743745787893 0.24612665176391602 19
1743745809568 0.24531932175159454 20
1743745831103 0.24431219696998596 21
1743745852926 0.24333375692367554 22
1743745874811 0.24249066412448883 23
1743745896300 0.24136686325073242 24
1743745917641 0.24039281904697418 25
1743745939366 0.2397966980934143 26
1743745960836 0.23908856511116028 27
1743745982296 0.23852461576461792 28
1743746003939 0.23757138848304749 29
1743746025677 0.23736561834812164 30
1743746047355 0.23686257004737854 31
1743746068820 0.23654092848300934 32
1743746090324 0.23575489223003387 33
1743746111853 0.2355554699897766 34
1743746133311 0.2350344955921173 35
1743746154770 0.2346687763929367 36
1743746176242 0.23441743850708008 37
1743746197828 0.2338956594467163 38
1743746219315 0.23357251286506653 39
1743746240905 0.2332032322883606 40
1743746262624 0.2327856868505478 41
1743746284409 0.23227903246879578 42
1743746306106 0.2320607602596283 43
1743746327801 0.2316022366285324 44
1743746349437 0.231393501162529 45
1743746371177 0.23112642765045166 46
1743746392607 0.2307257056236267 47
1743746414220 0.23045644164085388 48
1743746435827 0.23026081919670105 49
