1743906800967 0.9674500226974487 0
1743906825693 0.9743333458900452 1
1743906850268 0.9770333170890808 2
1743906874920 0.9794999957084656 3
1743906899580 0.9811833500862122 4
1743906924456 0.982699990272522 5
1743906948846 0.9848666787147522 6
1743906973721 0.9864500164985657 7
1743906998342 0.9875166416168213 8
1743907022951 0.9886833429336548 9
1743907047475 0.9890333414077759 10
1743907072037 0.9902999997138977 11
1743907096754 0.9896166920661926 12
1743907121371 0.9917500019073486 13
1743907145744 0.990933358669281 14
1743907170239 0.9930999875068665 15
1743907194697 0.9934333562850952 16
1743907219332 0.9928666949272156 17
1743907243819 0.9948333501815796 18
1743907268533 0.9942333102226257 19
1743907293067 0.994183361530304 20
1743907317686 0.995116651058197 21
1743907342185 0.9945666790008545 22
1743907366608 0.9953666925430298 23
1743907391354 0.9951333403587341 24
1743907415815 0.9947333335876465 25
1743907440383 0.996483325958252 26
1743907464724 0.9957666397094727 27
1743907489287 0.9954833388328552 28
1743907513747 0.9962166547775269 29
1743907538202 0.9967666864395142 30
1743907562657 0.9964333176612854 31
1743907587255 0.9958833456039429 32
1743907611865 0.9968166947364807 33
1743907636138 0.9976333379745483 34
1743907660381 0.9961000084877014 35
1743907684723 0.9962666630744934 36
1743907709023 0.9979833364486694 37
1743907733267 0.9960500001907349 38
1743907757513 0.9976666569709778 39
1743907781681 0.996833324432373 40
1743907806113 0.9975000023841858 41
1743907830595 0.9975333213806152 42
1743907855192 0.9970499873161316 43
1743907879520 0.9974499940872192 44
1743907903810 0.9970333576202393 45
1743907928403 0.9978500008583069 46
1743907952822 0.9973333477973938 47
1743907977311 0.9975166916847229 48
1743908001631 0.9978333115577698 49
