1743906800968 0.11659975941790422 0
1743906825695 0.08661585715131832 1
1743906850270 0.07565596565217231 2
1743906874921 0.06503839131689665 3
1743906899582 0.06032068357208878 4
1743906924458 0.054868388335048264 5
1743906948848 0.04715826109701798 6
1743906973722 0.041959450960351995 7
1743906998344 0.03937203000019129 8
1743907022952 0.034198318132160774 9
1743907047476 0.03369940653176375 10
1743907072039 0.028759615186612755 11
1743907096756 0.030123483254433325 12
1743907121373 0.02449252661717742 13
1743907145746 0.02594843839622084 14
1743907170240 0.020977196096459816 15
1743907194698 0.019519674350649698 16
1743907219334 0.021539885508892406 17
1743907243820 0.015748469767426356 18
1743907268535 0.01727200994143131 19
1743907293069 0.017131178689568007 20
1743907317688 0.014962418066642936 21
1743907342187 0.016399810257114393 22
1743907366610 0.013999678532500552 23
1743907391356 0.014003659412749784 24
1743907415817 0.015867655351959685 25
1743907440385 0.010457662582678509 26
1743907464725 0.013044768496613676 27
1743907489289 0.012726346844509757 28
1743907513748 0.011351070207067621 29
1743907538203 0.009964138755042557 30
1743907562658 0.010677881140066061 31
1743907587257 0.012587668066091826 32
1743907611867 0.010337851857312407 33
1743907636139 0.00787712215182144 34
1743907660382 0.01155116385571221 35
1743907684725 0.010710950577048302 36
1743907709024 0.00626153282980451 37
1743907733268 0.012679309673778236 38
1743907757514 0.00709949275302979 39
1743907781683 0.009547020094171977 40
1743907806115 0.0072994925548134125 41
1743907830597 0.007444395015789262 42
1743907855194 0.009239268437736158 43
1743907879521 0.007186890431372087 44
1743907903812 0.008843566929691874 45
1743907928404 0.006645232042359764 46
1743907952824 0.008154229432733947 47
1743907977312 0.007635241964166432 48
1743908001632 0.007351987030961197 49
