1743879941892 0.7327499985694885 0
1743879966494 0.9053833484649658 1
1743879990881 0.9247333407402039 2
1743880015406 0.9372000098228455 3
1743880039940 0.943149983882904 4
1743880064537 0.9465333223342896 5
1743880089020 0.9525666832923889 6
1743880113449 0.9561499953269958 7
1743880137852 0.9583500027656555 8
1743880162292 0.9605000019073486 9
1743880186779 0.9626833200454712 10
1743880211075 0.9650833606719971 11
1743880235672 0.9665499925613403 12
1743880260090 0.9677000045776367 13
1743880284815 0.9678000211715698 14
1743880309197 0.9701833128929138 15
1743880333878 0.9718666672706604 16
1743880358356 0.9719666838645935 17
1743880382666 0.9727166891098022 18
1743880407171 0.9734500050544739 19
1743880431876 0.9742833375930786 20
1743880456555 0.9754166603088379 21
1743880481082 0.9752166867256165 22
1743880505524 0.9762333035469055 23
1743880529932 0.9769166707992554 24
1743880554423 0.9782833456993103 25
1743880578921 0.9784500002861023 26
1743880603294 0.9797166585922241 27
1743880627893 0.9792666435241699 28
1743880652390 0.9796833395957947 29
1743880677128 0.9809666872024536 30
1743880701737 0.9799166917800903 31
1743880726103 0.9811833500862122 32
1743880750399 0.9809166789054871 33
1743880774891 0.9816666841506958 34
1743880799204 0.9829000234603882 35
1743880823793 0.9821000099182129 36
1743880848355 0.9826499819755554 37
1743880872852 0.9834666848182678 38
1743880897133 0.9842833280563354 39
1743880921497 0.9839833378791809 40
1743880945903 0.9841833114624023 41
1743880970041 0.9846500158309937 42
1743880994543 0.9834833145141602 43
1743881019206 0.9850500226020813 44
1743881043734 0.9857666492462158 45
1743881068130 0.9861999750137329 46
1743881092650 0.9856666922569275 47
1743881116905 0.986383318901062 48
1743881141556 0.986133337020874 49
