1743879941894 0.823143435075736 0
1743879966495 0.31919889315779815 1
1743879990882 0.2515795209155422 2
1743880015407 0.21242872965032855 3
1743880039941 0.1907387204511114 4
1743880064538 0.17602279417862407 5
1743880089021 0.16107090986296185 6
1743880113450 0.14662996642301449 7
1743880137853 0.1391517544931409 8
1743880162294 0.13134585866684273 9
1743880186780 0.12409739828978043 10
1743880211076 0.11718485380181401 11
1743880235673 0.11232631607514725 12
1743880260092 0.10689186248486426 13
1743880284816 0.10564286778209432 14
1743880309199 0.09952317312335339 15
1743880333879 0.09443071159646874 16
1743880358358 0.09281488727721332 17
1743880382668 0.08869167051957273 18
1743880407172 0.08666124011553791 19
1743880431877 0.08326826300684338 20
1743880456556 0.08020961607865291 21
1743880481083 0.07882960555688967 22
1743880505525 0.0777646283872493 23
1743880529933 0.07571393449054359 24
1743880554424 0.07056373285341212 25
1743880578922 0.0700857889042717 26
1743880603296 0.06753777521248046 27
1743880627894 0.06647533154929243 28
1743880652392 0.06388121187224977 29
1743880677129 0.06150852673554459 30
1743880701738 0.06260575546581365 31
1743880726104 0.059982603885019005 32
1743880750400 0.059552495390239595 33
1743880774892 0.058266419464280135 34
1743880799205 0.0555799681404992 35
1743880823795 0.056686928698946336 36
1743880848357 0.05454982581872567 37
1743880872853 0.052668198249400354 38
1743880897134 0.050180058691753515 39
1743880921498 0.050370834476000895 40
1743880945904 0.0489780010248047 41
1743880970042 0.04808125121118436 42
1743880994544 0.051453424103985644 43
1743881019207 0.04603429156325385 44
1743881043735 0.04423662758753036 45
1743881068131 0.04444192091574526 46
1743881092652 0.045362661910017935 47
1743881116906 0.04332002153282813 48
1743881141557 0.04350199926928635 49
