1747720668318 0.9004088640213013 0
1747720684662 0.9153168201446533 1
1747720701353 0.915168285369873 2
1747720717794 0.9150823354721069 3
1747720733908 0.9152308702468872 4
1747720749898 0.9150823354721069 5
1747720766271 0.9151096940040588 6
1747720781454 0.9153676629066467 7
1747720796760 0.9150901436805725 8
1747720813124 0.915414571762085 9
1747720828737 0.9153872132301331 10
1747720845089 0.9152973294258118 11
1747720861334 0.9152621030807495 12
1747720877904 0.9153598546981812 13
1747720894337 0.9153441786766052 14
1747720911280 0.9154223799705505 15
1747720927829 0.9154301881790161 16
1747720944467 0.9155005812644958 17
1747720960202 0.9155396223068237 18
1747720976185 0.915414571762085 19
1747720992611 0.9154614806175232 20
1747721009274 0.9154379963874817 21
1747721025609 0.9154419302940369 22
1747721041949 0.9153403043746948 23
1747721058429 0.9155552983283997 24
1747721075031 0.9155318140983582 25
1747721091705 0.9153910875320435 26
1747721108405 0.9154536724090576 27
1747721124035 0.9153285622596741 28
1747721140379 0.9154458045959473 29
1747721156155 0.9154614806175232 30
1747721173102 0.9155787229537964 31
1747721189527 0.9154770970344543 32
1747721205781 0.9154301881790161 33
1747721222763 0.9154184460639954 34
1747721239030 0.9154770970344543 35
1747721255663 0.9153520464897156 36
1747721272177 0.9155044555664062 37
1747721288572 0.9155279397964478 38
1747721305078 0.9153754711151123 39
1747721320834 0.9154927134513855 40
1747721337264 0.9155005812644958 41
1747721354079 0.9154770970344543 42
1747721370377 0.9155083894729614 43
1747721386889 0.9154497385025024 44
1747721403040 0.9155396223068237 45
1747721418389 0.9154966473579407 46
1747721435183 0.9154927134513855 47
1747721451661 0.9154379963874817 48
1747721468053 0.9153441786766052 49
