1747720668319 0.2642124194921511 0
1747720684662 0.23891402834100914 1
1747720701353 0.23833010846376476 2
1747720717795 0.23800242253450013 3
1747720733909 0.2377789298951768 4
1747720749899 0.23793198097360063 5
1747720766272 0.2376397883766563 6
1747720781455 0.23747514300740666 7
1747720796761 0.23735123638160363 8
1747720813125 0.23737073589567412 9
1747720828737 0.23718394084470926 10
1747720845090 0.23726841947365965 11
1747720861335 0.23713929950434617 12
1747720877904 0.2371992388111706 13
1747720894338 0.23708407025312817 14
1747720911280 0.23711344286733133 15
1747720927830 0.23686989027862257 16
1747720944468 0.2368371809123988 17
1747720960203 0.23691043597437034 18
1747720976186 0.23692151524125357 19
1747720992613 0.23675164603519966 20
1747721009275 0.23670510048271776 21
1747721025610 0.2368247104075313 22
1747721041950 0.23672331368101046 23
1747721058430 0.2367920334296891 24
1747721075032 0.23668886908815823 25
1747721091705 0.23672974482673134 26
1747721108406 0.2366088537546117 27
1747721124035 0.23655616704728713 28
1747721140380 0.2366359889809519 29
1747721156155 0.236524566337782 30
1747721173102 0.2364718555791224 31
1747721189527 0.23658441267189823 32
1747721205782 0.2364605320958714 33
1747721222764 0.236418142608842 34
1747721239031 0.23652057718666888 35
1747721255664 0.23650655963036027 36
1747721272178 0.23642167565613745 37
1747721288572 0.23637212386429382 38
1747721305079 0.23635674326321363 39
1747721320835 0.23648041692714858 40
1747721337265 0.2364037344683006 41
1747721354080 0.23638035220531411 42
1747721370378 0.23629162680686872 43
1747721386890 0.23638655921577448 44
1747721403041 0.236297217411382 45
1747721418390 0.23624304736661006 46
1747721435185 0.23625322584957809 47
1747721451662 0.23625689438450048 48
1747721468054 0.23627842509588548 49
