1747770987864 0.5642045736312866 0
1747770988513 0.7545454502105713 1
1747770989337 0.8772727251052856 2
1747770990169 0.9079545736312866 3
1747770991046 0.9176136255264282 4
1747770991377 0.9272727370262146 5
1747770991611 0.9392045736312866 6
1747770991817 0.925000011920929 7
1747770992069 0.9386363625526428 8
1747770992329 0.949999988079071 9
1747770992654 0.9426136612892151 10
1747770992957 0.9528409242630005 11
1747770993251 0.9534090757369995 12
1747770993563 0.9528409242630005 13
1747770993862 0.9585227370262146 14
1747770994169 0.9624999761581421 15
1747770994494 0.9642045497894287 16
1747770994783 0.9596590995788574 17
1747770994980 0.9636363387107849 18
1747770995230 0.956250011920929 19
1747770995457 0.9619318246841431 20
1747770995679 0.9619318246841431 21
1747770995913 0.9573863744735718 22
1747770996146 0.956818163394928 23
1747770996397 0.9556818008422852 24
1747770996640 0.9653409123420715 25
1747770996873 0.956818163394928 26
1747770997132 0.9642045497894287 27
1747770997354 0.9704545736312866 28
1747770997579 0.9670454263687134 29
1747770997791 0.9659090638160706 30
1747770998034 0.9585227370262146 31
1747770998281 0.9642045497894287 32
1747770998498 0.9642045497894287 33
1747770998812 0.9647727012634277 34
1747770999128 0.9710227251052856 35
1747770999458 0.9670454263687134 36
1747770999784 0.9721590876579285 37
1747771000093 0.9607954621315002 38
1747771000398 0.9670454263687134 39
1747771000729 0.9693182110786438 40
1747771001022 0.9630681872367859 41
1747771001266 0.9681817889213562 42
1747771001482 0.9698863625526428 43
1747771001736 0.9596590995788574 44
1747771001983 0.9727272987365723 45
1747771002199 0.9670454263687134 46
1747771002498 0.9744318127632141 47
1747771002765 0.9778409004211426 48
1747771003053 0.9670454263687134 49
