1747756804136 0.2684737594332137 0
1747756822187 0.25087057682616554 1
1747756840566 0.24381440663618814 2
1747756858895 0.2418178635857531 3
1747756876978 0.24035081279537585 4
1747756895330 0.23936620423858074 5
1747756913506 0.2391246236909959 6
1747756931627 0.2384124958880811 7
1747756950040 0.23818978667328958 8
1747756968360 0.23813939039754228 9
1747756986839 0.23757642099392018 10
1747757005261 0.23786779003386124 11
1747757023200 0.2375975616267455 12
1747757041582 0.24655190269165664 13
1747757059969 0.2368037194073746 14
1747757078000 0.23705631434725521 15
1747757096919 0.23753297493651135 16
1747757115358 0.23700388712577783 17
1747757133410 0.23695102875307444 18
1747757151828 0.2370368550386067 19
1747757170179 0.23670596241929012 20
1747757188175 0.23674295995578015 21
1747757206665 0.23668363131400924 22
1747757225065 0.23665600976671783 23
1747757243131 0.2365394409443537 24
1747757261408 0.24152089920241654 25
1747757279716 0.23620289118722312 26
1747757297839 0.23628106305383284 27
1747757316382 0.23641875395804857 28
1747757334890 0.2361978204148984 29
1747757353180 0.23625456174449552 30
1747757371102 0.2362237748995686 31
1747757389382 0.23611173167594485 32
1747757407675 0.23647106319521674 33
1747757425889 0.23606298840916506 34
1747757444302 0.23596868973997578 35
1747757462677 0.23605177099879815 36
1747757480781 0.23601378898463857 37
1747757499320 0.23580369695991202 38
1747757517748 0.2360176847240859 39
1747757535850 0.23575391282197383 40
1747757554321 0.23603078186558457 41
1747757572597 0.23594807456982275 42
1747757590664 0.23573768891337965 43
1747757608967 0.24110681529895622 44
1747757627369 0.23538713746332338 45
1747757645405 0.24385143913937948 46
1747757663804 0.23543804279013802 47
1747757682373 0.23551032921209675 48
1747757700663 0.23566677998229005 49
