1747756804134 0.9127604961395264 0
1747756822186 0.9143709540367126 1
1747756840565 0.914664089679718 2
1747756858893 0.9148868918418884 3
1747756876976 0.915054976940155 4
1747756895328 0.9151175022125244 5
1747756913504 0.9152073860168457 6
1747756931626 0.9152230620384216 7
1747756950039 0.915183961391449 8
1747756968358 0.9152191281318665 9
1747756986837 0.9154028296470642 10
1747757005260 0.9153051376342773 11
1747757023198 0.9151292443275452 12
1747757041580 0.9153637290000916 13
1747757059967 0.9152738451957703 14
1747757077997 0.9154810309410095 15
1747757096917 0.9153637290000916 16
1747757115357 0.9152777791023254 17
1747757133408 0.9154106378555298 18
1747757151827 0.9154849052429199 19
1747757170178 0.9155474305152893 20
1747757188174 0.9153872132301331 21
1747757206663 0.9153324961662292 22
1747757225063 0.9155552983283997 23
1747757243129 0.9154497385025024 24
1747757261407 0.9155044555664062 25
1747757279715 0.9155591726303101 26
1747757297837 0.9156100153923035 27
1747757316381 0.9155200719833374 28
1747757334889 0.9154966473579407 29
1747757353178 0.9155435562133789 30
1747757371100 0.9153598546981812 31
1747757389380 0.9155982732772827 32
1747757407673 0.9153403043746948 33
1747757425887 0.9153832793235779 34
1747757444300 0.9154927134513855 35
1747757462675 0.9154263138771057 36
1747757480779 0.9155474305152893 37
1747757499319 0.9155631065368652 38
1747757517746 0.9155122637748718 39
1747757535848 0.9154028296470642 40
1747757554320 0.9154692888259888 41
1747757572595 0.9155279397964478 42
1747757590662 0.9154692888259888 43
1747757608965 0.9155357480049133 44
1747757627368 0.9155552983283997 45
1747757645403 0.9155240058898926 46
1747757663802 0.915676474571228 47
1747757682371 0.9154888391494751 48
1747757700660 0.9156959652900696 49
