1747770785961 0.08124999701976776 0
1747770786213 0.18409091234207153 1
1747770786485 0.1664772778749466 2
1747770786729 0.16931818425655365 3
1747770787011 0.18465909361839294 4
1747770787260 0.21988636255264282 5
1747770787550 0.2767045497894287 6
1747770787800 0.33125001192092896 7
1747770788092 0.3375000059604645 8
1747770788366 0.4107954502105713 9
1747770788724 0.4522727131843567 10
1747770789061 0.48124998807907104 11
1747770789412 0.5767045617103577 12
1747770789745 0.6193181872367859 13
1747770790064 0.668181836605072 14
1747770790440 0.6960227489471436 15
1747770790781 0.7130681872367859 16
1747770791017 0.7517045736312866 17
1747770791298 0.7653409242630005 18
1747770791542 0.7857954502105713 19
1747770791834 0.8125 20
1747770792076 0.8272727131843567 21
1747770792343 0.8261363506317139 22
1747770792576 0.8443182110786438 23
1747770792869 0.8443182110786438 24
1747770793129 0.8568181991577148 25
1747770793427 0.8659090995788574 26
1747770793688 0.862500011920929 27
1747770794431 0.8647727370262146 28
1747770796305 0.8676136136054993 29
1747770798362 0.8715909123420715 30
1747770798638 0.875 31
1747770798920 0.8727272748947144 32
1747770799168 0.8818181753158569 33
1747770799457 0.8801136612892151 34
1747770799709 0.8744317889213562 35
1747770799998 0.8835227489471436 36
1747770800258 0.8903409242630005 37
1747770800543 0.8914772868156433 38
1747770800776 0.893750011920929 39
1747770801134 0.8977272510528564 40
1747770801477 0.894318163394928 41
1747770801793 0.9039772748947144 42
1747770802150 0.8965908885002136 43
1747770802495 0.9056817889213562 44
1747770802851 0.8994318246841431 45
1747770803189 0.9102272987365723 46
1747770803439 0.9130681753158569 47
1747770803712 0.9102272987365723 48
1747770803967 0.9113636612892151 49
