1747771707902 0.3227272629737854 0
1747771708112 0.6306818127632141 1
1747771708305 0.78125 2
1747771708501 0.8965908885002136 3
1747771708685 0.8988636136054993 4
1747771708869 0.9289772510528564 5
1747771709053 0.9312499761581421 6
1747771709237 0.9238636493682861 7
1747771709421 0.9409090876579285 8
1747771709604 0.9426136612892151 9
1747771709789 0.9528409242630005 10
1747771709973 0.9556818008422852 11
1747771710158 0.9556818008422852 12
1747771710345 0.9465909004211426 13
1747771710568 0.9522727131843567 14
1747771710757 0.956250011920929 15
1747771710959 0.9471591114997864 16
1747771711156 0.9624999761581421 17
1747771711346 0.9602272510528564 18
1747771711540 0.9659090638160706 19
1747771711756 0.9653409123420715 20
1747771712053 0.9681817889213562 21
1747771712339 0.9704545736312866 22
1747771712639 0.9693182110786438 23
1747771712926 0.9579545259475708 24
1747771713126 0.9619318246841431 25
1747771713319 0.9636363387107849 26
1747771713754 0.9551136493682861 27
1747771714021 0.9676136374473572 28
1747771714232 0.9738636612892151 29
1747771714461 0.9693182110786438 30
1747771714638 0.9585227370262146 31
1747771714825 0.9573863744735718 32
1747771715001 0.9647727012634277 33
1747771715181 0.9642045497894287 34
1747771715357 0.956818163394928 35
1747771715535 0.9721590876579285 36
1747771715713 0.9761363863945007 37
1747771715891 0.9721590876579285 38
1747771716070 0.9704545736312866 39
1747771716252 0.9727272987365723 40
1747771716435 0.9698863625526428 41
1747771716618 0.9619318246841431 42
1747771716867 0.9715909361839294 43
1747771717141 0.9767045378684998 44
1747771717415 0.9664772748947144 45
1747771717689 0.9698863625526428 46
1747771717946 0.9693182110786438 47
1747771718127 0.9596590995788574 48
1747771718311 0.9664772748947144 49
