1747771707905 2.3923046875343377 0
1747771708114 1.4538822296434002 1
1747771708307 0.8076258574516413 2
1747771708503 0.3777185095950009 3
1747771708686 0.2626449458975243 4
1747771708870 0.18634173529239395 5
1747771709055 0.18065141256954623 6
1747771709238 0.2121459055343336 7
1747771709422 0.17548097614442817 8
1747771709606 0.15518958566104626 9
1747771709791 0.1235710400220353 10
1747771709975 0.11467113012913306 11
1747771710160 0.12550762148670477 12
1747771710346 0.13903214312628348 13
1747771710570 0.12624812247177736 14
1747771710759 0.11072522116539643 15
1747771710962 0.11472778722199979 16
1747771711158 0.10024752337925584 17
1747771711347 0.0989295600961905 18
1747771711542 0.093428254594313 19
1747771711759 0.09513201998156166 20
1747771712056 0.0910730144255968 21
1747771712342 0.07524265097260723 22
1747771712641 0.08349475153542621 23
1747771712929 0.10069469108673225 24
1747771713128 0.09375804645617154 25
1747771713321 0.09134627940762248 26
1747771713756 0.11794415305541157 27
1747771714023 0.09950689672479937 28
1747771714234 0.07715589635358756 29
1747771714463 0.07862826507953569 30
1747771714640 0.11104567366132452 31
1747771714827 0.10153173488103916 32
1747771715003 0.09877398526321117 33
1747771715183 0.09368567252052229 34
1747771715359 0.12017514309552324 35
1747771715537 0.07312550023256133 36
1747771715715 0.06243150974959342 37
1747771715893 0.07751304456262069 38
1747771716072 0.07134489560118042 39
1747771716254 0.07275643159784799 40
1747771716437 0.0787524480803898 41
1747771716620 0.09025303922923464 42
1747771716870 0.06733514931314229 43
1747771717144 0.06554308031226759 44
1747771717418 0.08506182647548464 45
1747771717692 0.0700226073594731 46
1747771717948 0.08046904027513949 47
1747771718129 0.09508569194401474 48
1747771718312 0.09055682724160295 49
