1743972018768 0.32751768827438354 0
1743972049761 0.31998410820961 1
1743972081216 0.3343428373336792 2
1743972112161 0.2818218171596527 3
1743972143427 0.27093347907066345 4
1743972174471 0.26344069838523865 5
1743972205813 0.2551734149456024 6
1743972236835 0.24894751608371735 7
1743972267979 0.2430504709482193 8
1743972299371 0.23647700250148773 9
1743972330425 0.230198934674263 10
1743972361805 0.22337591648101807 11
1743972393149 0.21760979294776917 12
1743972424637 0.21241891384124756 13
1743972456153 0.20798462629318237 14
1743972487095 0.20428025722503662 15
1743972518143 0.2010902464389801 16
1743972549771 0.1984175592660904 17
1743972581164 0.1953803151845932 18
1743972612531 0.19312554597854614 19
1743972643296 0.1912817806005478 20
1743972674429 0.18871749937534332 21
1743972705588 9.874815940856934 22
1743972736582 0.5228368043899536 23
1743972767716 0.38589051365852356 24
1743972798804 0.36783090233802795 25
1743972830164 0.3550510108470917 26
1743972861559 0.3430813252925873 27
1743972892606 0.3359370827674866 28
1743972924163 0.32843855023384094 29
1743972955323 0.32143521308898926 30
1743972986795 0.3133906126022339 31
1743973018207 0.3058475852012634 32
1743973049283 0.29575300216674805 33
1743973080348 0.2889176607131958 34
1743973111256 0.28338539600372314 35
1743973142533 0.2762822210788727 36
1743973173483 0.2707441449165344 37
1743973204344 0.2645956575870514 38
1743973235497 0.2587141990661621 39
1743973266742 0.2540496289730072 40
1743973298002 0.24977681040763855 41
1743973329134 0.24617373943328857 42
1743973360004 0.24308152496814728 43
1743973391276 0.23859809339046478 44
1743973422824 0.23541565239429474 45
1743973454346 0.23199006915092468 46
1743973485742 0.22883747518062592 47
1743973516916 0.22564758360385895 48
1743973548203 0.22315678000450134 49
