1743778240600 0.9099500179290771 0
1743778265757 0.9557166695594788 1
1743778290705 0.9672166705131531 2
1743778315960 0.9720666408538818 3
1743778341089 0.9760000109672546 4
1743778366186 0.9790666699409485 5
1743778391161 0.9807833433151245 6
1743778416286 0.9823499917984009 7
1743778440988 0.9839000105857849 8
1743778465827 0.9857000112533569 9
1743778490748 0.9862666726112366 10
1743778515554 0.9883833527565002 11
1743778540294 0.9882500171661377 12
1743778565006 0.9886000156402588 13
1743778589765 0.989716649055481 14
1743778614488 0.9904833436012268 15
1743778639472 0.9908833503723145 16
1743778664319 0.9911333322525024 17
1743778689343 0.991433322429657 18
1743778714407 0.9920166730880737 19
1743778794122 0.9917166829109192 20
1743778882259 0.992733359336853 21
1743778971047 0.9912999868392944 22
1743779058845 0.9932500123977661 23
1743779146254 0.993399977684021 24
1743779235403 0.993399977684021 25
1743779322588 0.9937166571617126 26
1743779409286 0.9924833178520203 27
1743779492117 0.994183361530304 28
1743779517118 0.9940999746322632 29
1743779542168 0.9940833449363708 30
1743779566968 0.9941666722297668 31
1743779591872 0.9946333169937134 32
1743779616774 0.9946500062942505 33
1743779641823 0.9942499995231628 34
1743779666558 0.9942666888237 35
1743779691687 0.9955000281333923 36
1743779716591 0.9952333569526672 37
1743779741636 0.9956666827201843 38
1743779766703 0.9946833252906799 39
1743779791384 0.9944833517074585 40
1743779816223 0.9958166480064392 41
1743779841195 0.9955166578292847 42
1743779865905 0.9952333569526672 43
1743779891071 0.9950666427612305 44
1743779915803 0.9954833388328552 45
1743779940957 0.9959999918937683 46
1743779965877 0.9958666563034058 47
1743779990751 0.9962999820709229 48
1743780016145 0.9948999881744385 49
