1747771935251 0.8056818246841431 0
1747771935448 0.8829545378684998 1
1747771935643 0.9119318127632141 2
1747771935840 0.9352272748947144 3
1747771936036 0.9380682110786438 4
1747771936234 0.9443181753158569 5
1747771936426 0.9488636255264282 6
1747771936621 0.949999988079071 7
1747771936819 0.9482954740524292 8
1747771937010 0.9590908885002136 9
1747771937205 0.9477272629737854 10
1747771937402 0.9375 11
1747771937618 0.9420454502105713 12
1747771937883 0.9636363387107849 13
1747771938148 0.9590908885002136 14
1747771938416 0.9602272510528564 15
1747771938690 0.9642045497894287 16
1747771938921 0.9630681872367859 17
1747771939118 0.956250011920929 18
1747771939318 0.9545454382896423 19
1747771939515 0.9556818008422852 20
1747771939717 0.9607954621315002 21
1747771939920 0.9710227251052856 22
1747771940121 0.9761363863945007 23
1747771940324 0.9585227370262146 24
1747771940526 0.9539772868156433 25
1747771940728 0.9585227370262146 26
1747771940930 0.9613636136054993 27
1747771941132 0.9534090757369995 28
1747771941336 0.9619318246841431 29
1747771941535 0.9664772748947144 30
1747771941736 0.9664772748947144 31
1747771941940 0.9664772748947144 32
1747771942144 0.9653409123420715 33
1747771942349 0.9681817889213562 34
1747771942568 0.9579545259475708 35
1747771942835 0.9681817889213562 36
1747771943100 0.9704545736312866 37
1747771943366 0.956250011920929 38
1747771943631 0.9556818008422852 39
1747771943861 0.9715909361839294 40
1747771944057 0.9676136374473572 41
1747771944257 0.9647727012634277 42
1747771944457 0.9721590876579285 43
1747771944658 0.96875 44
1747771944860 0.9676136374473572 45
1747771945061 0.9761363863945007 46
1747771945264 0.9698863625526428 47
1747771945465 0.9613636136054993 48
1747771945672 0.9522727131843567 49
