1747771935252 0.6999524009667163 0
1747771935449 0.31987205027854454 1
1747771935644 0.24669749999554605 2
1747771935841 0.18071380935399506 3
1747771936037 0.16001189383377068 4
1747771936235 0.13830992908487208 5
1747771936427 0.14479471294469423 6
1747771936622 0.1338153260025411 7
1747771936819 0.13890480006240916 8
1747771937011 0.10567699884913342 9
1747771937206 0.1485861086457083 10
1747771937403 0.1824465325332656 11
1747771937620 0.14132339394250298 12
1747771937885 0.0928902281975965 13
1747771938149 0.10273379895649845 14
1747771938417 0.10027198703020425 15
1747771938691 0.10304921053472411 16
1747771938922 0.10404611497552309 17
1747771939119 0.11213364741276206 18
1747771939319 0.12222731352190105 19
1747771939516 0.12312122201205054 20
1747771939718 0.10464465003998749 21
1747771939921 0.07767430337538371 22
1747771940122 0.06518691532376421 23
1747771940325 0.11937319506031951 24
1747771940527 0.1411900173542975 25
1747771940729 0.11110089333909039 26
1747771940931 0.09023205215185263 27
1747771941133 0.11496002329313901 28
1747771941337 0.107226800914919 29
1747771941536 0.08013121347396766 30
1747771941737 0.08432153904699567 31
1747771941941 0.08052033494165499 32
1747771942145 0.08921845796884953 33
1747771942350 0.07878826857472675 34
1747771942570 0.1064894003715464 35
1747771942836 0.07867637390497541 36
1747771943101 0.07129739056598633 37
1747771943367 0.12359822473296259 38
1747771943632 0.11436422964843244 39
1747771943862 0.0815605521838261 40
1747771944058 0.07485943019658069 41
1747771944258 0.0933639171802112 42
1747771944458 0.06638159951624704 43
1747771944659 0.07711652791620613 44
1747771944861 0.0788989719145385 45
1747771945062 0.058183553400348566 46
1747771945265 0.06919247441218748 47
1747771945466 0.08823360849643902 48
1747771945673 0.15073485393263714 49
