1747693349257 0.24726718182917504 0
1747693364300 0.2392916432957986 1
1747693380074 0.23860175757571345 2
1747693395765 0.23811122335855558 3
1747693411207 0.23785250787434534 4
1747693426632 0.2377472969830619 5
1747693440933 0.2374674714069927 6
1747693456011 0.2373352842147315 7
1747693470812 0.2373163897240788 8
1747693486278 0.23723270479814934 9
1747693501486 0.23710642320996603 10
1747693516865 0.23696206165863215 11
1747693532225 0.23689668713530235 12
1747693547633 0.2368944743373022 13
1747693562310 0.2367303139478202 14
1747693577399 0.23671842390156553 15
1747693592847 0.2367410852703372 16
1747693608264 0.23660878979108002 17
1747693623560 0.2364666673889869 18
1747693638309 0.2363972507283779 19
1747693653719 0.23641838374255636 20
1747693668937 0.23640105370481912 21
1747693684082 0.23628605019542814 22
1747693699421 0.236098395339378 23
1747693715304 0.2361853944276726 24
1747693730826 0.236106684033692 25
1747693746249 0.23608086578780083 26
1747693761697 0.23588731303240532 27
1747693777442 0.2361091000953035 28
1747693792810 0.2358311730115391 29
1747693807854 0.23595693709268606 30
1747693823598 0.23589429109039312 31
1747693838704 0.23585043095076508 32
1747693853871 0.23567914662314554 33
1747693869141 0.23562669071157788 34
1747693884598 0.23573954461413654 35
1747693900294 0.23562069158667023 36
1747693915978 0.23563962132654712 37
1747693931553 0.2356532337133742 38
1747693946996 0.2355358519232144 39
1747693962587 0.2354890728582394 40
1747693978146 0.23547334867088351 41
1747693993896 0.23538539874938955 42
1747694009654 0.2352899276941026 43
1747694024659 0.23535658499562867 44
1747694038957 0.23515899419820568 45
1747694054351 0.23506697565694332 46
1747694069841 0.23511201519711045 47
1747694085704 0.23508554707756876 48
1747694101548 0.23495368991468435 49
