1747693349256 0.9144412875175476 0
1747693364299 0.915054976940155 1
1747693380073 0.9152073860168457 2
1747693395765 0.915226936340332 3
1747693411206 0.9152699112892151 4
1747693426631 0.915355920791626 5
1747693440932 0.9152582287788391 6
1747693456010 0.9152933955192566 7
1747693470811 0.9153051376342773 8
1747693486277 0.9153754711151123 9
1747693501485 0.9154770970344543 10
1747693516864 0.9153872132301331 11
1747693532224 0.9154067635536194 12
1747693547632 0.9152660369873047 13
1747693562309 0.9154341220855713 14
1747693577398 0.9154849052429199 15
1747693592846 0.9154263138771057 16
1747693608263 0.9153676629066467 17
1747693623559 0.9153754711151123 18
1747693638308 0.9153910875320435 19
1747693653719 0.9155474305152893 20
1747693668936 0.9154458045959473 21
1747693684081 0.9156920909881592 22
1747693699421 0.9153246879577637 23
1747693715303 0.9155591726303101 24
1747693730825 0.9156295657157898 25
1747693746249 0.9155787229537964 26
1747693761696 0.9156920909881592 27
1747693777441 0.9154458045959473 28
1747693792809 0.9155669808387756 29
1747693807853 0.9155474305152893 30
1747693823597 0.9154614806175232 31
1747693838704 0.9157077074050903 32
1747693853871 0.9155787229537964 33
1747693869140 0.9157624244689941 34
1747693884597 0.9155200719833374 35
1747693900293 0.9155787229537964 36
1747693915977 0.9157741665840149 37
1747693931553 0.9155982732772827 38
1747693946995 0.915688157081604 39
1747693962586 0.9154692888259888 40
1747693978146 0.9154888391494751 41
1747693993895 0.9155279397964478 42
1747694009653 0.9156647324562073 43
1747694024659 0.9157038331031799 44
1747694038956 0.9157077074050903 45
1747694054350 0.9157585501670837 46
1747694069840 0.9156959652900696 47
1747694085702 0.9157311916351318 48
1747694101547 0.9157859086990356 49
