1747771250172 182.17873364737358 0
1747771250406 97.64216793774006 1
1747771250640 33.40403855772584 2
1747771250874 13.075631686203204 3
1747771251109 7.262293714177042 4
1747771251340 6.008514221092493 5
1747771251575 5.428677459963784 6
1747771251809 4.767225047977335 7
1747771252040 4.252034521719439 8
1747771252201 4.050405679193186 9
1747771252368 3.5435961489425276 10
1747771252541 3.453747275726868 11
1747771252713 3.019463887597906 12
1747771252887 2.4605035495218948 13
1747771253063 1.791264427107686 14
1747771253236 1.1774395264723563 15
1747771253412 0.9940548051769954 16
1747771253587 0.717028683967172 17
1747771253753 0.671233404844035 18
1747771253923 0.700017135337463 19
1747771254093 1.01130803331064 20
1747771254262 1.2438020612991998 21
1747771254435 0.5972168040611826 22
1747771254607 0.487608650333065 23
1747771254778 0.5501118193597758 24
1747771254955 0.5270882246967299 25
1747771255132 0.4678756589661968 26
1747771255313 0.7629632477733346 27
1747771255490 0.6981086799455217 28
1747771255668 0.45878536241130663 29
1747771255872 0.4586547353639559 30
1747771256106 0.42867636372954804 31
1747771256340 0.40580904981487065 32
1747771256582 0.5050369117194617 33
1747771256825 0.9095099710223395 34
1747771257063 0.5666618068959829 35
1747771257306 0.6791464188645708 36
1747771257547 1.2825750803175626 37
1747771257783 0.5584667597221182 38
1747771258026 0.5203787832014013 39
1747771258271 0.5805570791937659 40
1747771258432 0.6195181914019848 41
1747771258609 0.5558619268906843 42
1747771258790 0.9132202019036525 43
1747771258971 1.6931086056976092 44
1747771259152 1.2511660064387227 45
1747771259331 0.6757408125740382 46
1747771259514 0.4720908285204404 47
1747771259696 0.46919153925319995 48
1747771259877 0.4864423057474853 49
