1747771250170 10.018610000610352 0
1747771250404 7.242119789123535 1
1747771250638 4.111456394195557 2
1747771250872 2.5511116981506348 3
1747771251107 1.830640435218811 4
1747771251338 1.5803226232528687 5
1747771251573 1.4492732286453247 6
1747771251807 1.3193473815917969 7
1747771252038 1.211361289024353 8
1747771252199 1.176324725151062 9
1747771252367 1.0842701196670532 10
1747771252539 1.1324348449707031 11
1747771252711 1.1101919412612915 12
1747771252885 0.9978349208831787 13
1747771253061 0.9164910912513733 14
1747771253234 0.7658412456512451 15
1747771253411 0.7354001402854919 16
1747771253585 0.6399422883987427 17
1747771253752 0.6143122911453247 18
1747771253922 0.6466717720031738 19
1747771254092 0.7727875113487244 20
1747771254260 0.8591358661651611 21
1747771254434 0.5990938544273376 22
1747771254605 0.5335884094238281 23
1747771254777 0.5767232775688171 24
1747771254953 0.5584356784820557 25
1747771255130 0.5266237258911133 26
1747771255311 0.6419599056243896 27
1747771255489 0.6395716071128845 28
1747771255666 0.5164299011230469 29
1747771255870 0.5216894149780273 30
1747771256104 0.509037971496582 31
1747771256338 0.4836080074310303 32
1747771256580 0.5518966913223267 33
1747771256823 0.7000696063041687 34
1747771257060 0.5650546550750732 35
1747771257304 0.6466585397720337 36
1747771257545 0.813926100730896 37
1747771257781 0.5564369559288025 38
1747771258023 0.5322900414466858 39
1747771258269 0.5727233290672302 40
1747771258431 0.598972499370575 41
1747771258608 0.5559484958648682 42
1747771258788 0.7338569760322571 43
1747771258970 0.9904767870903015 44
1747771259151 0.7899289727210999 45
1747771259329 0.6316540837287903 46
1747771259512 0.5155895352363586 47
1747771259694 0.529763400554657 48
1747771259875 0.536217451095581 49
