1747581141987 0.46477027534566095 0
1747581147665 0.00023920750225818533 1
1747581153289 0.0002571884154555552 2
1747581158496 0.0003597343506163791 3
1747581163832 0.000180738430728951 4
1747581169217 0.000320631703193303 5
1747581174683 0.00016991217154734136 6
1747581180140 0.00016218657451498087 7
1747581185907 0.0001584860474712397 8
1747581191672 0.00014608181680935946 9
1747581197288 0.00013329728045946692 10
1747581203013 0.00015062582049387723 11
1747581209065 0.00011436693998751825 12
1747581215202 0.00014086362405435569 13
1747581220882 0.00011538834000961568 14
1747581226730 0.00012461875488036162 15
1747581232069 0.00012574070913774454 16
1747581237404 0.00010891808483028859 17
1747581242492 0.00010497272792923055 18
1747581247882 0.00010980165130296526 19
1747581253362 0.00010399438976454075 20
1747581258892 9.113430800967991e-05 21
1747581264521 9.73396393732947e-05 22
1747581270273 0.00010740140053939437 23
1747581275952 8.52853351494134e-05 24
1747581281100 9.28529444507429e-05 25
1747581286709 9.812778025196177e-05 26
1747581292247 0.00012970376531207476 27
1747581297661 9.021179797939985e-05 28
1747581302938 9.170698497554011e-05 29
1747581308380 9.243717169852162e-05 30
1747581314116 9.432404852037707e-05 31
1747581319936 8.856339481682206e-05 32
1747581325646 8.968995275375817e-05 33
1747581331293 8.652267571543517e-05 34
1747581337082 8.659996393042177e-05 35
1747581342758 8.472105833320966e-05 36
1747581348356 8.324053854083044e-05 37
1747581353828 8.894026330265674e-05 38
1747581359194 7.383879227459048e-05 39
1747581364622 8.640374606701475e-05 40
1747581369955 8.22683380405655e-05 41
1747581375581 8.185184823848774e-05 42
1747581381401 7.483138700888885e-05 43
1747581387168 8.071389251713939e-05 44
1747581392988 7.796676644011196e-05 45
1747581398499 7.197782706158517e-05 46
1747581404064 7.349196684739704e-05 47
1747581409684 7.536415923104005e-05 48
1747581415150 7.533350885138386e-05 49
