1747581141986 0.08642558753490448 0
1747581147664 0.004868731833994389 1
1747581153288 0.005144049413502216 2
1747581158494 0.005503983702510595 3
1747581163830 0.005134611390531063 4
1747581169216 0.005302628502249718 5
1747581174682 0.0050211199559271336 6
1747581180139 0.0048341089859604836 7
1747581185906 0.00474280072376132 8
1747581191672 0.004495722707360983 9
1747581197287 0.0045563033781945705 10
1747581203012 0.004515749402344227 11
1747581209064 0.00429864227771759 12
1747581215201 0.004309848416596651 13
1747581220881 0.004113571252673864 14
1747581226728 0.004178111907094717 15
1747581232068 0.004004581365734339 16
1747581237403 0.003976587206125259 17
1747581242490 0.0038573795463889837 18
1747581247881 0.0037748264148831367 19
1747581253361 0.003783870255574584 20
1747581258891 0.0037146620452404022 21
1747581264520 0.0036908884067088366 22
1747581270273 0.0037750208284705877 23
1747581275951 0.0035989913158118725 24
1747581281099 0.003717298386618495 25
1747581286709 0.003490868955850601 26
1747581292246 0.003644383978098631 27
1747581297660 0.0035420977510511875 28
1747581302937 0.00356263667345047 29
1747581308379 0.003536876756697893 30
1747581314115 0.0035135557409375906 31
1747581319935 0.003479351056739688 32
1747581325645 0.0033873128704726696 33
1747581331292 0.003526576329022646 34
1747581337081 0.0034744394943118095 35
1747581342758 0.0033901839051395655 36
1747581348355 0.003400555346161127 37
1747581353827 0.0033976503182202578 38
1747581359193 0.003319202223792672 39
1747581364621 0.00337029667571187 40
1747581369953 0.0032599892001599073 41
1747581375580 0.003267881227657199 42
1747581381400 0.0031940073240548372 43
1747581387167 0.003259600605815649 44
1747581392987 0.0031381791923195124 45
1747581398498 0.0032214054372161627 46
1747581404064 0.003162175649777055 47
1747581409683 0.0030789535958319902 48
1747581415149 0.003246867097914219 49
