1743701700616 0.24504633427147915 0
1743701721900 0.2278434204041651 1
1743701743034 0.22022528601369906 2
1743701764188 0.21399596108704436 3
1743701785278 0.20989764983146603 4
1743701806731 0.207232247972075 5
1743701827933 0.20442879643272194 6
1743701849247 0.20248253969263486 7
1743701870382 0.20093795031818146 8
1743701891660 0.1994524478772819 9
1743701913039 0.19800408258842767 10
1743701934419 0.19658099974268817 11
1743701955767 0.19534840267583836 12
1743701977158 0.19374028940334317 13
1743701998374 0.19243248188998016 14
1743702019654 0.191303877039921 15
1743702040761 0.19012908418090915 16
1743702061914 0.1890866176683719 17
1743702083143 0.18780599612934942 18
1743702104299 0.18669802924567236 19
1743702125494 0.18531126502935144 20
1743702146609 0.18409523376959597 21
1743702167723 0.18311614931404474 22
1743702188766 0.18209961256627097 23
1743702209885 0.18128618451444156 24
1743702230834 0.1804923415194073 25
1743702251884 0.17961298277767104 26
1743702272980 0.17890936583809364 27
1743702294388 0.17821826009458844 28
1743702315573 0.1775430812691899 29
1743702336783 0.17683927049702078 30
1743702358091 0.1764852648519667 31
1743702379451 0.17594584378364758 32
1743702400818 0.17507267866581347 33
1743702422054 0.1745327624721132 34
1743702443459 0.17394973684841616 35
1743702464825 0.17340598513788721 36
1743702486243 0.1728779482104414 37
1743702507463 0.17232985932809478 38
1743702528800 0.17187176474478758 39
1743702549860 0.1713390562773368 40
1743702570987 0.17093808986082734 41
1743702592115 0.1704150093505587 42
1743702613331 0.17000463850816294 43
1743702634808 0.16962461216955357 44
1743702656191 0.16936131449001857 45
1743702677466 0.16883510467102528 46
1743702698859 0.16866817229049988 47
1743702720147 0.1681039152271642 48
1743702741453 0.16791281397290125 49
