1743701700615 0.29810720682144165 0
1743701721899 0.2752705514431 1
1743701743033 0.2677484154701233 2
1743701764187 0.26233023405075073 3
1743701785277 0.25882688164711 4
1743701806730 0.25597238540649414 5
1743701827933 0.25382357835769653 6
1743701849246 0.25216051936149597 7
1743701870381 0.2507702708244324 8
1743701891659 0.24947883188724518 9
1743701913038 0.24831373989582062 10
1743701934418 0.2472504824399948 11
1743701955766 0.24598154425621033 12
1743701977158 0.2448776513338089 13
1743701998373 0.24385300278663635 14
1743702019653 0.24286510050296783 15
1743702040760 0.24206632375717163 16
1743702061913 0.2411191761493683 17
1743702083142 0.24029238522052765 18
1743702104298 0.23944757878780365 19
1743702125493 0.23868098855018616 20
1743702146608 0.23762479424476624 21
1743702167723 0.23684795200824738 22
1743702188765 0.2361544668674469 23
1743702209884 0.23542681336402893 24
1743702230833 0.23485082387924194 25
1743702251883 0.23401334881782532 26
1743702272979 0.23339606821537018 27
1743702294387 0.23275090754032135 28
1743702315572 0.23222370445728302 29
1743702336782 0.23178069293498993 30
1743702358090 0.23118743300437927 31
1743702379450 0.23069283366203308 32
1743702400818 0.2301466166973114 33
1743702422053 0.22981341183185577 34
1743702443458 0.22928307950496674 35
1743702464824 0.22883787751197815 36
1743702486242 0.22845973074436188 37
1743702507462 0.2280743420124054 38
1743702528799 0.22747674584388733 39
1743702549859 0.22706831991672516 40
1743702570987 0.22671879827976227 41
1743702592114 0.2263426035642624 42
1743702613330 0.2259417027235031 43
1743702634807 0.22555765509605408 44
1743702656190 0.2251530885696411 45
1743702677465 0.22473151981830597 46
1743702698858 0.2244390994310379 47
1743702720146 0.2239397168159485 48
1743702741452 0.22374027967453003 49
