1743747957945 0.6928225159645081 0
1743747979511 0.3273638188838959 1
1743748000995 0.3145771622657776 2
1743748022565 0.30256688594818115 3
1743748044146 0.28900623321533203 4
1743748065732 0.28170374035835266 5
1743748087393 0.2775111496448517 6
1743748109069 0.2743276059627533 7
1743748130861 0.27144214510917664 8
1743748152816 0.2686085104942322 9
1743748175456 0.26569297909736633 10
1743748197528 0.2630414366722107 11
1743748219307 0.26127365231513977 12
1743748241406 0.25942736864089966 13
1743748263288 0.25782597064971924 14
1743748285197 0.2558758556842804 15
1743748307477 0.25563371181488037 16
1743748329613 0.25468912720680237 17
1743748351711 0.2538745403289795 18
1743748373867 0.2528306245803833 19
1743748395847 0.25183406472206116 20
1743748417728 0.25059542059898376 21
1743748439347 0.24996058642864227 22
1743748461069 0.24926133453845978 23
1743748482966 0.2484886199235916 24
1743748504856 0.24780811369419098 25
1743748526757 0.24704530835151672 26
1743748548434 0.24629540741443634 27
1743748570192 0.24555616080760956 28
1743748592114 0.24479959905147552 29
1743748613747 0.24414297938346863 30
1743748635376 0.2436460703611374 31
1743748656916 0.24312523007392883 32
1743748678358 0.24244999885559082 33
1743748700037 0.24187378585338593 34
1743748721553 0.2414264678955078 35
1743748743200 0.2409507930278778 36
1743748764816 0.2404317408800125 37
1743748786404 0.2399953305721283 38
1743748808052 0.23963448405265808 39
1743748829628 0.23921267688274384 40
1743748851245 0.23886607587337494 41
1743748872936 0.2384326457977295 42
1743748894672 0.23802343010902405 43
1743748916264 0.2376527041196823 44
1743748937775 0.23726563155651093 45
1743748959672 0.23690557479858398 46
1743748981433 0.23655982315540314 47
1743749003153 0.2363223284482956 48
1743749024940 0.23598526418209076 49
