1743945791457 0.2983552979207236 0
1743945816818 0.19977136408697158 1
1743945842043 0.1385207497297421 2
1743945867017 0.11879857272681929 3
1743945892318 0.09739929847407905 4
1743945917879 0.09996355515192067 5
1743945943069 0.07574991769610284 6
1743945968252 0.06279770934480113 7
1743945993733 0.06010894622345337 8
1743946018927 0.07412649043861042 9
1743946044527 0.04858843948124411 10
1743946069643 0.06527401646935246 11
1743946095121 0.041695093721817005 12
1743946120287 0.03804349378685254 13
1743946145523 0.03734227233562327 14
1743946170499 0.03263306166999882 15
1743946195724 0.0457256469793973 16
1743946220693 0.03326820600398778 17
1743946245489 0.02970681036288293 18
1743946270685 0.03735971581803244 19
1743946295845 0.02621758909410208 20
1743946321218 0.022471965633187912 21
1743946346238 0.023980269166618422 22
1743946371546 0.029515907124226762 23
1743946396559 0.02386172392858868 24
1743946421530 0.025012752938796415 25
1743946446587 0.01907336752577627 26
1743946471665 0.01633011569178769 27
1743946496785 0.017983451116026658 28
1743946521590 0.01855991071380583 29
1743946546700 0.020201840757422235 30
1743946572423 0.016803179782879093 31
1743946597667 0.023411188300387808 32
1743946622852 0.01949263477271352 33
1743946647688 0.011946783687849703 34
1743946672844 0.012004692807236858 35
1743946697868 0.017484714862397818 36
1743946722725 0.010838843854405903 37
1743946748167 0.015596424203475394 38
1743946773312 0.017535564336528663 39
1743946798496 0.009193998780466344 40
1743946823726 0.012610865955756707 41
1743946848633 0.011256211741593107 42
1743946873616 0.013225303763784767 43
1743946898580 0.008801487078851006 44
1743946923739 0.010214508054052494 45
1743946948833 0.013211883907925912 46
1743946974397 0.008130197222210036 47
1743947000662 0.010340992404583556 48
1743947026410 0.011665453774503756 49
