1747619759129 0.12201884388923645 0
1747619769836 0.0947299376130104 1
1747619780640 0.07766687124967575 2
1747619791017 0.0690566822886467 3
1747619801510 0.05609108507633209 4
1747619812427 0.04476756975054741 5
1747619823303 0.03250190243124962 6
1747619833858 0.02592095173895359 7
1747619844533 0.024352358654141426 8
1747619855340 0.021975113078951836 9
1747619865771 0.02238924242556095 10
1747619875919 0.020566236227750778 11
1747619886420 0.018305715173482895 12
1747619897185 0.016725655645132065 13
1747619908072 0.01580764725804329 14
1747619918740 0.015158753842115402 15
1747619929150 0.014892102219164371 16
1747619939745 0.014356379397213459 17
1747619950267 0.013853483833372593 18
1747619960753 0.0129784494638443 19
1747619971502 0.013522219844162464 20
1747619981761 0.012741673737764359 21
1747619992504 0.01318428386002779 22
1747620003335 0.012299914844334126 23
1747620014180 0.012248549610376358 24
1747620024318 0.011714091524481773 25
1747620035259 0.012168982066214085 26
1747620045747 0.011797787621617317 27
1747620056336 0.011885327287018299 28
1747620067102 0.01075479295104742 29
1747620077770 0.011079435236752033 30
1747620087708 0.010950908064842224 31
1747620098063 0.010304130613803864 32
1747620109047 0.01096738688647747 33
1747620120111 0.010529253631830215 34
1747620130805 0.010076265782117844 35
1747620141330 0.01035531796514988 36
1747620152061 0.010444259271025658 37
1747620162625 0.010178249329328537 38
1747620173039 0.01024329848587513 39
1747620183592 0.00990278646349907 40
1747620194383 0.010195496492087841 41
1747620204790 0.009895487688481808 42
1747620215358 0.009980634786188602 43
1747620225748 0.00942624919116497 44
1747620236689 0.009977636858820915 45
1747620247838 0.009422076866030693 46
1747620258518 0.009737381711602211 47
1747620269066 0.009163910523056984 48
1747620280156 0.009548448026180267 49
