1743925443701 0.3188541829586029 0
1743925466208 0.31819018721580505 1
1743925488789 0.29480984807014465 2
1743925511607 0.2818690538406372 3
1743925534363 0.2708294689655304 4
1743925557063 0.26331302523612976 5
1743925580181 0.25702282786369324 6
1743925603511 0.2521249055862427 7
1743925626689 0.24790537357330322 8
1743925650117 0.2445835918188095 9
1743925673826 0.24157710373401642 10
1743925697266 0.2385094165802002 11
1743925721085 0.2359323352575302 12
1743925744584 0.2332746386528015 13
1743925767455 0.2308458685874939 14
1743925791321 0.22909300029277802 15
1743925815028 0.22693248093128204 16
1743925838954 0.22513844072818756 17
1743925862820 0.22285477817058563 18
1743925886230 0.22113484144210815 19
1743925909778 0.21955335140228271 20
1743925932929 0.21812887489795685 21
1743925956511 0.21652381122112274 22
1743925979458 0.21499387919902802 23
1743926002896 0.2142961323261261 24
1743926025941 0.21267372369766235 25
1743926049589 0.21196062862873077 26
1743926073385 0.2104576975107193 27
1743926097105 0.209619402885437 28
1743926121125 0.20902667939662933 29
1743926144780 0.2082119882106781 30
1743926168785 0.20748363435268402 31
1743926192675 0.20704922080039978 32
1743926216771 0.20629394054412842 33
1743926240724 0.20580372214317322 34
1743926264397 0.20539472997188568 35
1743926287954 0.2049911618232727 36
1743926311597 0.20407481491565704 37
1743926334742 0.20376275479793549 38
1743926358269 0.20332515239715576 39
1743926382263 0.20291632413864136 40
1743926406100 0.20213182270526886 41
1743926430093 0.201425701379776 42
1743926453858 0.2011907547712326 43
1743926477526 0.2001873105764389 44
1743926500716 0.2000945508480072 45
1743926524757 0.19975095987319946 46
1743926548254 0.19926823675632477 47
1743926571685 0.19898155331611633 48
1743926595151 0.198350191116333 49
