1743925443703 0.26685634259155866 0
1743925466209 0.2663839897231643 1
1743925488790 0.24975803744883487 2
1743925511608 0.2365934757642382 3
1743925534365 0.22298327784575933 4
1743925557064 0.213399711811333 5
1743925580182 0.20621264302817494 6
1743925603513 0.2003664700321029 7
1743925626690 0.19536543534505985 8
1743925650118 0.19090542796236146 9
1743925673827 0.18716351612732482 10
1743925697267 0.18362194083566405 11
1743925721086 0.18067569051720417 12
1743925744585 0.17779131862955094 13
1743925767456 0.17502007585418583 14
1743925791322 0.17268003828700107 15
1743925815030 0.17028269583611985 16
1743925838955 0.16810948839974915 17
1743925862821 0.16580318455679194 18
1743925886231 0.16371065906229026 19
1743925909779 0.16202126280874538 20
1743925932930 0.16037869294107907 21
1743925956513 0.15854732656076584 22
1743925979460 0.1570114876197409 23
1743926002897 0.15587771145670473 24
1743926025942 0.15426092225184676 25
1743926049590 0.15315006175041365 26
1743926073386 0.15188061518577553 27
1743926097107 0.15087295390464492 28
1743926121127 0.15008000844106878 29
1743926144782 0.1491581351519364 30
1743926168786 0.14836403958249939 31
1743926192676 0.14760042079816296 32
1743926216772 0.14689742616373194 33
1743926240725 0.14618436921864852 34
1743926264399 0.14572914502548892 35
1743926287955 0.14506046984579965 36
1743926311598 0.14415316275833356 37
1743926334743 0.1436494955275614 38
1743926358271 0.14312102994332127 39
1743926382264 0.1423916789269069 40
1743926406102 0.14172567941201358 41
1743926430095 0.14105521986389818 42
1743926453859 0.14048073834642988 43
1743926477527 0.13967283393140506 44
1743926500717 0.1391755971970244 45
1743926524759 0.13880781286465507 46
1743926548255 0.13823454709901511 47
1743926571686 0.1377826766832595 48
1743926595153 0.13720635413973847 49
