1747770252497 37.443870544433594 0
1747770252594 20.90921974182129 1
1747770252696 14.740399360656738 2
1747770252798 10.045226097106934 3
1747770252898 7.138022422790527 4
1747770253000 5.226100444793701 5
1747770253099 3.9951236248016357 6
1747770253195 3.214895725250244 7
1747770253284 2.7116246223449707 8
1747770253374 2.3210229873657227 9
1747770253460 2.0515639781951904 10
1747770253547 1.8705885410308838 11
1747770253634 1.746993064880371 12
1747770253723 1.6363739967346191 13
1747770253814 1.5346742868423462 14
1747770253902 1.440818428993225 15
1747770254001 1.3584072589874268 16
1747770254119 1.2775764465332031 17
1747770254249 1.2047499418258667 18
1747770254385 1.1399966478347778 19
1747770254518 1.0397006273269653 20
1747770254652 0.9813207983970642 21
1747770254789 0.942996084690094 22
1747770254921 0.8933006525039673 23
1747770255058 0.8505859971046448 24
1747770255190 0.8262336254119873 25
1747770255325 0.7939032316207886 26
1747770255456 0.7736256122589111 27
1747770255605 0.7508209347724915 28
1747770255737 0.7377350926399231 29
1747770255872 0.7250081896781921 30
1747770256004 0.7059546709060669 31
1747770256142 0.6907253265380859 32
1747770256279 0.6777775883674622 33
1747770256412 0.6662803888320923 34
1747770256551 0.6519883871078491 35
1747770256637 0.6395391821861267 36
1747770256723 0.6273353695869446 37
1747770256811 0.612758994102478 38
1747770256901 0.6024755239486694 39
1747770256993 0.5954144597053528 40
1747770257084 0.583491325378418 41
1747770257176 0.5767579674720764 42
1747770257269 0.5645462274551392 43
1747770257360 0.560634195804596 44
1747770257456 0.5519334077835083 45
1747770257557 0.5378550887107849 46
1747770257657 0.5324680209159851 47
1747770257755 0.5241720080375671 48
1747770257856 0.5120574831962585 49
