1747770252499 2927.9442573546753 0
1747770252595 970.6424917017645 1
1747770252697 409.03214420312815 2
1747770252799 188.201645753445 3
1747770252899 91.43021939360197 4
1747770253001 48.06620795579819 5
1747770253100 28.226446575418816 6
1747770253195 18.58115342113857 7
1747770253285 13.21291529292201 8
1747770253375 10.162833116091745 9
1747770253461 8.302157358778112 10
1747770253548 7.189538367778252 11
1747770253635 6.422000160237963 12
1747770253724 5.644763532643674 13
1747770253815 4.990724040436896 14
1747770253903 4.415022206597816 15
1747770254002 3.900338660067949 16
1747770254120 3.4034647510898064 17
1747770254251 2.9767605208897683 18
1747770254386 2.6288551084239655 19
1747770254519 2.108811522913345 20
1747770254654 1.8354204824890723 21
1747770254791 1.6533905680794323 22
1747770254922 1.4728101961515858 23
1747770255060 1.3314429829100436 24
1747770255192 1.2486854718124072 25
1747770255327 1.1493719865474452 26
1747770255458 1.0818239806546375 27
1747770255606 1.0324504975710675 28
1747770255739 0.9802959606810294 29
1747770255874 0.9436048620506015 30
1747770256005 0.8910925548351475 31
1747770256144 0.8583078502446326 32
1747770256280 0.8194434508305785 33
1747770256414 0.7908707242141136 34
1747770256552 0.7549970737026378 35
1747770256637 0.7277380606105336 36
1747770256724 0.696985020202601 37
1747770256812 0.6670447610926737 38
1747770256902 0.6433826706202607 39
1747770256994 0.6204138912713386 40
1747770257085 0.5972680834157374 41
1747770257177 0.5832765244473953 42
1747770257269 0.5597500649181074 43
1747770257362 0.5504765526035272 44
1747770257457 0.5310004283296386 45
1747770257558 0.5103682309055483 46
1747770257658 0.49114336445064116 47
1747770257756 0.4780973335217646 48
1747770257857 0.46036185941699215 49
