1743849452866 0.2532631456851959 0
1743849474886 0.2415056824684143 1
1743849496720 0.2364402413368225 2
1743849518684 0.23350873589515686 3
1743849540836 0.22989030182361603 4
1743849562751 0.22789278626441956 5
1743849584794 0.2257494032382965 6
1743849606947 0.22318895161151886 7
1743849628922 0.22147302329540253 8
1743849650918 0.21935231983661652 9
1743849672851 0.21763314306735992 10
1743849694825 0.2161450833082199 11
1743849716731 0.2146967500448227 12
1743849738728 0.2132204920053482 13
1743849760652 0.21169854700565338 14
1743849782588 0.21090476214885712 15
1743849804457 0.2095433473587036 16
1743849826473 0.20886658132076263 17
1743849848537 0.2073623538017273 18
1743849870686 0.206024631857872 19
1743849892702 0.2050919383764267 20
1743849914756 0.20413552224636078 21
1743849936668 0.20307956635951996 22
1743849958464 0.2020896077156067 23
1743849980405 0.2013361155986786 24
1743850002354 0.2003423422574997 25
1743850024172 0.19890502095222473 26
1743850046092 0.19805988669395447 27
1743850068015 0.19676968455314636 28
1743850089743 0.19538314640522003 29
1743850111908 0.19403459131717682 30
1743850133933 0.19311754405498505 31
1743850155624 0.19176536798477173 32
1743850177402 0.19065310060977936 33
1743850199413 0.19000357389450073 34
1743850221503 0.18847744166851044 35
1743850243322 0.18744254112243652 36
1743850265172 0.18650472164154053 37
1743850287207 0.18579955399036407 38
1743850309051 0.18485412001609802 39
1743850331047 0.18434256315231323 40
1743850352988 0.1830998659133911 41
1743850374862 0.18271850049495697 42
1743850396897 0.1820010244846344 43
1743850418732 0.18125130236148834 44
1743850440531 0.18013888597488403 45
1743850462313 0.17975296080112457 46
1743850484293 0.17859016358852386 47
1743850506338 0.17816168069839478 48
1743850528346 0.17753693461418152 49
