1743914480294 0.8931333422660828 0
1743914504934 0.9560333490371704 1
1743914529497 0.9666333198547363 2
1743914554349 0.972683310508728 3
1743914578857 0.9763833284378052 4
1743914603605 0.9782000184059143 5
1743914628638 0.980733335018158 6
1743914653468 0.9829166531562805 7
1743914678100 0.9839333295822144 8
1743914702737 0.9854666590690613 9
1743914727260 0.9870166778564453 10
1743914752050 0.9878166913986206 11
1743914776957 0.9888666868209839 12
1743914801849 0.989549994468689 13
1743914826268 0.9889833331108093 14
1743914850926 0.9894999861717224 15
1743914875707 0.9912499785423279 16
1743914900384 0.9909999966621399 17
1743914925247 0.9913833141326904 18
1743914949858 0.9918000102043152 19
1743914974722 0.9924333095550537 20
1743914999587 0.9923833608627319 21
1743915024367 0.9932000041007996 22
1743915049030 0.9932500123977661 23
1743915073608 0.9927833080291748 24
1743915098284 0.9941999912261963 25
1743915123096 0.9933000206947327 26
1743915148150 0.9931833148002625 27
1743915173053 0.9942833185195923 28
1743915197694 0.9940500259399414 29
1743915222809 0.9950500130653381 30
1743915247616 0.9931666851043701 31
1743915272330 0.9948333501815796 32
1743915297352 0.9952499866485596 33
1743915322197 0.9937666654586792 34
1743915346825 0.9950500130653381 35
1743915371442 0.9937833547592163 36
1743915396172 0.9944333434104919 37
1743915421073 0.9961833357810974 38
1743915445829 0.9950166940689087 39
1743915470656 0.9955666661262512 40
1743915495489 0.9945499897003174 41
1743915520156 0.9956166744232178 42
1743915544936 0.9956833124160767 43
1743915569877 0.9956666827201843 44
1743915594661 0.9958000183105469 45
1743915619426 0.994783341884613 46
1743915644179 0.9956833124160767 47
1743915669019 0.9954000115394592 48
1743915693752 0.996066689491272 49
