1743914480295 0.3417454099704008 0
1743914504935 0.14383255507730844 1
1743914529498 0.10926060601855032 2
1743914554350 0.08787669190038454 3
1743914578858 0.07582192752631631 4
1743914603606 0.06877203494645229 5
1743914628639 0.05988670879450422 6
1743914653469 0.05380537256891854 7
1743914678101 0.049715502508332836 8
1743914702738 0.043986681541766076 9
1743914727261 0.039255926020035234 10
1743914752051 0.03747502179381096 11
1743914776958 0.0362206219562649 12
1743914801850 0.03145456865557448 13
1743914826269 0.03422232901753554 14
1743914850927 0.032301846219187545 15
1743914875708 0.026098273925847546 16
1743914900385 0.027738920925597176 17
1743914925248 0.02705341701343108 18
1743914949859 0.02593848437393817 19
1743914974723 0.023175879930337796 20
1743914999588 0.025120905824489195 21
1743915024368 0.02210104786542893 22
1743915049031 0.021693931639716637 23
1743915073609 0.023996300514670253 24
1743915098285 0.01844055059636487 25
1743915123097 0.02233290244259885 26
1743915148151 0.023075648130718784 27
1743915173054 0.01840676075467333 28
1743915197695 0.01911838106721346 29
1743915222810 0.016614724708862615 30
1743915247618 0.023062473069316657 31
1743915272331 0.017120193700819335 32
1743915297353 0.015258797941350927 33
1743915322198 0.021740167773846394 34
1743915346826 0.017719883909002608 35
1743915371443 0.02167230964903923 36
1743915396173 0.019155712691054826 37
1743915421074 0.013313310645136321 38
1743915445830 0.0172221346819836 39
1743915470657 0.015626486419007265 40
1743915495490 0.018360911484979568 41
1743915520157 0.01493060520102472 42
1743915544937 0.013660988126001604 43
1743915569878 0.015353291781749552 44
1743915594662 0.014638743993049375 45
1743915619427 0.01715131897209404 46
1743915644180 0.015580815519079846 47
1743915669020 0.01653608104660861 48
1743915693753 0.013699689051371169 49
