1747695836603 0.24394618545110636 0
1747695852009 0.23894449983191662 1
1747695867606 0.23826300286073376 2
1747695883068 0.2380114073667551 3
1747695898212 0.2377798616808792 4
1747695913641 0.23783159931213452 5
1747695929226 0.23753053823583345 6
1747695944790 0.23746655339184855 7
1747695960420 0.23723061849087723 8
1747695975797 0.23728792973143112 9
1747695991267 0.23717685248251952 10
1747696006717 0.2371030105297448 11
1747696022220 0.23698391070213576 12
1747696037993 0.23706323156223227 13
1747696053650 0.23696091252655005 14
1747696069104 0.23675441301706604 15
1747696083902 0.236771814575477 16
1747696099254 0.2367091367995411 17
1747696114946 0.23667121887117823 18
1747696130561 0.236632686181131 19
1747696146561 0.2364598541539599 20
1747696161595 0.23639505723717302 21
1747696177163 0.23635444346427098 22
1747696192733 0.2362853273636013 23
1747696208047 0.23635238870294684 24
1747696223728 0.2362978353346628 25
1747696239405 0.236067612849343 26
1747696255139 0.2361135932779438 27
1747696270439 0.2360749161761632 28
1747696285856 0.2360127787086234 29
1747696301446 0.23594367790232518 30
1747696317001 0.23602171265717753 31
1747696333020 0.2358334753063669 32
1747696348586 0.23591570876772117 33
1747696364032 0.23577602887047447 34
1747696379637 0.23572943657879886 35
1747696395137 0.23571295038565762 36
1747696409395 0.2355893657825334 37
1747696424211 0.23558015864848267 38
1747696439847 0.23547663274407707 39
1747696455077 0.23550677372401618 40
1747696470464 0.23535062695166004 41
1747696486285 0.23529103112280184 42
1747696501915 0.23530134535994368 43
1747696517436 0.23520970618292422 44
1747696533365 0.2351110890244702 45
1747696548904 0.23505349690676675 46
1747696563154 0.23507912909596554 47
1747696578425 0.2350197576162987 48
1747696593169 0.23502046068316496 49
