1743940313715 0.7101500034332275 0
1743940339045 0.9076833128929138 1
1743940364679 0.9315000176429749 2
1743940390156 0.9434833526611328 3
1743940415487 0.9516833424568176 4
1743940440788 0.9572166800498962 5
1743940466104 0.9613999724388123 6
1743940491220 0.9639833569526672 7
1743940516202 0.9668333530426025 8
1743940541272 0.9678333401679993 9
1743940566533 0.9713500142097473 10
1743940591059 0.9722166657447815 11
1743940616351 0.973883330821991 12
1743940641839 0.9756666421890259 13
1743940667217 0.9770500063896179 14
1743940692801 0.9786166548728943 15
1743940717815 0.9792333245277405 16
1743940743298 0.9800166487693787 17
1743940768285 0.9802500009536743 18
1743940793577 0.9811999797821045 19
1743940818797 0.9823499917984009 20
1743940844052 0.9826833605766296 21
1743940869250 0.9836999773979187 22
1743940894230 0.9840166568756104 23
1743940919337 0.9850833415985107 24
1743940944644 0.9858999848365784 25
1743940970094 0.9852499961853027 26
1743940995064 0.9858499765396118 27
1743941019765 0.9867833256721497 28
1743941045266 0.9864500164985657 29
1743941070827 0.988016664981842 30
1743941096146 0.988099992275238 31
1743941121915 0.9879666566848755 32
1743941147644 0.9889833331108093 33
1743941172870 0.989716649055481 34
1743941198135 0.9885500073432922 35
1743941223644 0.9894499778747559 36
1743941248841 0.9901999831199646 37
1743941274031 0.9895666837692261 38
1743941299531 0.9898166656494141 39
1743941325142 0.991599977016449 40
1743941350541 0.989466667175293 41
1743941375639 0.9917833209037781 42
1743941400637 0.9902499914169312 43
1743941426363 0.9908999800682068 44
1743941451715 0.991683304309845 45
1743941477300 0.9909833073616028 46
1743941502842 0.9918666481971741 47
1743941528288 0.9927833080291748 48
1743941553527 0.9925166964530945 49
