1747771338557 nan 0
1747771338773 nan 1
1747771338983 nan 2
1747771339192 nan 3
1747771339402 nan 4
1747771339611 nan 5
1747771339820 nan 6
1747771340029 nan 7
1747771340238 nan 8
1747771340494 nan 9
1747771340784 nan 10
1747771341056 nan 11
1747771341332 nan 12
1747771341608 nan 13
1747771341885 nan 14
1747771342162 nan 15
1747771342441 nan 16
1747771342721 nan 17
1747771342936 nan 18
1747771343126 nan 19
1747771343315 nan 20
1747771343516 nan 21
1747771343741 nan 22
1747771343959 nan 23
1747771344174 nan 24
1747771344394 nan 25
1747771344603 nan 26
1747771344799 nan 27
1747771345006 nan 28
1747771345215 nan 29
1747771345432 nan 30
1747771345641 nan 31
1747771345852 nan 32
1747771346072 nan 33
1747771346286 nan 34
1747771346493 nan 35
1747771346759 nan 36
1747771347040 nan 37
1747771347323 nan 38
1747771347602 nan 39
1747771347879 nan 40
1747771348159 nan 41
1747771348443 nan 42
1747771348745 nan 43
1747771349023 nan 44
1747771349210 nan 45
1747771349415 nan 46
1747771349623 nan 47
1747771349834 nan 48
1747771350048 nan 49
