1747771299518 0.40909090638160706 0
1747771299893 0.7176136374473572 1
1747771300237 0.8261363506317139 2
1747771300553 0.8642045259475708 3
1747771300941 0.8846591114997864 4
1747771301296 0.9340909123420715 5
1747771301616 0.9392045736312866 6
1747771301957 0.9448863863945007 7
1747771302231 0.9579545259475708 8
1747771302542 0.9420454502105713 9
1747771302802 0.9420454502105713 10
1747771303114 0.9471591114997864 11
1747771303369 0.9573863744735718 12
1747771303672 0.9607954621315002 13
1747771303932 0.9579545259475708 14
1747771304197 0.9517045617103577 15
1747771304399 0.9585227370262146 16
1747771304720 0.9613636136054993 17
1747771304981 0.9579545259475708 18
1747771305292 0.9522727131843567 19
1747771305582 0.9607954621315002 20
1747771305962 0.9647727012634277 21
1747771306310 0.9642045497894287 22
1747771306647 0.9619318246841431 23
1747771306987 0.9721590876579285 24
1747771307341 0.9664772748947144 25
1747771307691 0.9693182110786438 26
1747771307995 0.9715909361839294 27
1747771308299 0.9710227251052856 28
1747771308566 0.9710227251052856 29
1747771308892 0.9636363387107849 30
1747771309169 0.9664772748947144 31
1747771309496 0.9681817889213562 32
1747771309776 0.9613636136054993 33
1747771310072 0.9670454263687134 34
1747771310342 0.9693182110786438 35
1747771310602 0.9664772748947144 36
1747771310925 0.9681817889213562 37
1747771311200 0.9579545259475708 38
1747771311505 0.9522727131843567 39
1747771311795 0.9664772748947144 40
1747771312119 0.9715909361839294 41
1747771312494 0.9659090638160706 42
1747771312840 0.9755681753158569 43
1747771313187 0.9653409123420715 44
1747771313495 0.9755681753158569 45
1747771313864 0.9795454740524292 46
1747771314211 0.9778409004211426 47
1747771314453 0.9744318127632141 48
1747771314769 0.9710227251052856 49
