1747770053723 20.670955172318916 0
1747770053952 12.917878281096844 1
1747770054155 8.036309657693105 2
1747770054386 5.57382666527393 3
1747770054692 4.308287574701756 4
1747770054991 3.57739720903473 5
1747770055307 3.094109006294525 6
1747770055583 2.7632451356131114 7
1747770055890 2.5155337402467346 8
1747770056180 2.3217224855082423 9
1747770056497 2.082346781429854 10
1747770056835 1.9881630096751308 11
1747770057137 1.917925689733618 12
1747770057487 1.8697073113022538 13
1747770057881 1.8228855761380012 14
1747770058443 1.782189817144958 15
1747770058895 1.6843811575730563 16
1747770059170 1.5706100723408234 17
1747770059478 1.449957662398562 18
1747770059752 1.4016331949822678 19
1747770059957 1.3806800878305177 20
1747770060164 1.3503324046235774 21
1747770060379 1.327368639461231 22
1747770060599 1.3039835425851627 23
1747770060845 1.2757166259016643 24
1747770061053 1.2540114665912518 25
1747770061280 1.2369075646412309 26
1747770061471 1.2192104768376268 27
1747770061691 1.2062852103995403 28
1747770061885 1.1842735056020908 29
1747770062100 1.1662741167549837 30
1747770062294 1.1421507082670124 31
1747770062511 1.1333004723164453 32
1747770062705 1.1281732854503335 33
1747770062941 1.1147921644242085 34
1747770063155 1.096876071531746 35
1747770063424 1.0750601099456556 36
1747770063684 1.0689857866278272 37
1747770064024 1.0589002082344006 38
1747770064416 1.0409183623786784 39
1747770064765 1.0171198132456019 40
1747770065069 0.997584773524237 41
1747770065376 0.9930243851731022 42
1747770065655 0.976300912743351 43
1747770066172 0.961880586331367 44
1747770066633 0.946112197300334 45
1747770067050 0.9433238305545518 46
1747770067297 0.9278212552418251 47
1747770067610 0.9201505082113918 48
1747770067861 0.912864603542472 49
