1747770237551 10.542483084214881 0
1747770237833 2.961003931538927 1
1747770238109 1.5940331970722827 2
1747770238388 1.1733977629800108 3
1747770238638 0.8628551376728112 4
1747770238949 0.7488977730714526 5
1747770239203 0.5661083988747075 6
1747770239405 0.46065142326573383 7
1747770239590 0.4297586260877172 8
1747770239826 0.41897679451077025 9
1747770240035 0.3961541116365329 10
1747770240233 0.4000877143343022 11
1747770240468 0.38487842438682546 12
1747770240676 0.36045579069832606 13
1747770240878 0.34015766709908196 14
1747770241102 0.3472311965525295 15
1747770241293 0.3434607103316217 16
1747770241868 0.33748049716568557 17
1747770242448 0.32973749553896664 18
1747770243020 0.31258873224370565 19
1747770243502 0.3036769852354023 20
1747770243755 0.3098625116033014 21
1747770244016 0.31264425847288535 22
1747770244234 0.30256455454141384 23
1747770244415 0.28948484173405525 24
1747770244608 0.2943880326459662 25
1747770244785 0.2795082512432601 26
1747770244983 0.2890470032394668 27
1747770245171 0.27935235847412715 28
1747770245355 0.2813569972939853 29
1747770245545 0.28369456781760316 30
1747770245740 0.27832568221144416 31
1747770245935 0.2844944601307801 32
1747770246114 0.2736485262229164 33
1747770246338 0.2701792590035516 34
1747770246532 0.2789040450968957 35
1747770246716 0.2661395727649295 36
1747770246924 0.26735386356635854 37
1747770247118 0.2655057193402926 38
1747770247313 0.2631357230345587 39
1747770247514 0.25013537121144896 40
1747770247735 0.25053963906825666 41
1747770247979 0.2362192717188325 42
1747770248253 0.15041140703864442 43
1747770248545 0.14882764631524978 44
1747770248829 0.1259761736110602 45
1747770249109 0.11893415260120006 46
1747770249384 0.11637587565038497 47
1747770249636 0.12211849174018412 48
1747770249918 0.1187197638757028 49
