1747770237548 0.0784090906381607 0
1747770237830 0.31079545617103577 1
1747770238106 0.5420454740524292 2
1747770238386 0.668181836605072 3
1747770238635 0.7789772748947144 4
1747770238946 0.8034090995788574 5
1747770239201 0.8500000238418579 6
1747770239403 0.8823863863945007 7
1747770239588 0.8897727131843567 8
1747770239824 0.894318163394928 9
1747770240033 0.887499988079071 10
1747770240231 0.8892045617103577 11
1747770240466 0.8948863744735718 12
1747770240674 0.9051136374473572 13
1747770240876 0.9102272987365723 14
1747770241100 0.9051136374473572 15
1747770241291 0.9034090638160706 16
1747770241866 0.9051136374473572 17
1747770242446 0.9090909361839294 18
1747770243017 0.9153409004211426 19
1747770243499 0.9170454740524292 20
1747770243752 0.918181836605072 21
1747770244013 0.9153409004211426 22
1747770244232 0.9176136255264282 23
1747770244413 0.9193181991577148 24
1747770244606 0.9198863506317139 25
1747770244784 0.9244318008422852 26
1747770244982 0.918181836605072 27
1747770245169 0.9227272868156433 28
1747770245353 0.925000011920929 29
1747770245543 0.9215909242630005 30
1747770245738 0.9221590757369995 31
1747770245933 0.9147727489471436 32
1747770246112 0.9215909242630005 33
1747770246336 0.9204545617103577 34
1747770246530 0.9267045259475708 35
1747770246714 0.9221590757369995 36
1747770246923 0.9232954382896423 37
1747770247116 0.9232954382896423 38
1747770247312 0.9238636493682861 39
1747770247511 0.925568163394928 40
1747770247732 0.9278408885002136 41
1747770247976 0.9306818246841431 42
1747770248248 0.9465909004211426 43
1747770248542 0.9460227489471436 44
1747770248826 0.9590908885002136 45
1747770249106 0.956818163394928 46
1747770249381 0.9630681872367859 47
1747770249633 0.9528409242630005 48
1747770249915 0.9630681872367859 49
