1747772055220 0.9107954502105713 0
1747772055440 0.9227272868156433 1
1747772055660 0.9585227370262146 2
1747772055880 0.9454545378684998 3
1747772056101 0.9647727012634277 4
1747772056321 0.9556818008422852 5
1747772056542 0.9551136493682861 6
1747772056764 0.9511363506317139 7
1747772057094 0.9573863744735718 8
1747772057423 0.9579545259475708 9
1747772057755 0.9647727012634277 10
1747772058057 0.9647727012634277 11
1747772058293 0.9596590995788574 12
1747772058531 0.956818163394928 13
1747772058766 0.9539772868156433 14
1747772059003 0.9545454382896423 15
1747772059239 0.9545454382896423 16
1747772059482 0.9607954621315002 17
1747772059720 0.9630681872367859 18
1747772059964 0.9551136493682861 19
1747772060211 0.9653409123420715 20
1747772060448 0.9647727012634277 21
1747772060690 0.9659090638160706 22
1747772060936 0.9613636136054993 23
1747772061184 0.9579545259475708 24
1747772061430 0.9653409123420715 25
1747772061682 0.9642045497894287 26
1747772061999 0.9619318246841431 27
1747772062334 0.9630681872367859 28
1747772062670 0.9613636136054993 29
1747772062994 0.9590908885002136 30
1747772063233 0.9505681991577148 31
1747772063480 0.9511363506317139 32
1747772063727 0.9642045497894287 33
1747772063973 0.9738636612892151 34
1747772064221 0.9693182110786438 35
1747772064469 0.9715909361839294 36
1747772064716 0.9710227251052856 37
1747772064959 0.9732954502105713 38
1747772065205 0.9767045378684998 39
1747772065451 0.9755681753158569 40
1747772065703 0.9715909361839294 41
1747772065948 0.9761363863945007 42
1747772066180 0.9761363863945007 43
1747772066418 0.9801136255264282 44
1747772066662 0.9778409004211426 45
1747772066985 0.9778409004211426 46
1747772067322 0.9750000238418579 47
1747772067660 0.9715909361839294 48
1747772067975 0.9636363387107849 49
