1747771762965 0.328580553844072 0
1747771763160 0.20606980725996754 1
1747771763354 0.20423006136129943 2
1747771763549 0.16151782169686132 3
1747771763745 0.18923402213457072 4
1747771763941 0.18180421334901342 5
1747771764139 0.15045694776076357 6
1747771764335 0.1604849447766306 7
1747771764531 0.11700352807823555 8
1747771764729 0.11869303645565529 9
1747771764933 0.10175632882588963 10
1747771765139 0.10658434819056188 11
1747771765343 0.10940131465234289 12
1747771765548 0.10451325014476971 13
1747771765754 0.10164330325757447 14
1747771765958 0.1141370366066349 15
1747771766165 0.10942163540778804 16
1747771766392 0.10771501606763842 17
1747771766701 0.08442255201329299 18
1747771767009 0.08033983258697862 19
1747771767317 0.08136267754970139 20
1747771767607 0.09315220527422356 21
1747771767807 0.08406045106276243 22
1747771768007 0.0855553026204093 23
1747771768210 0.09882231541306906 24
1747771768414 0.09334832197895394 25
1747771768620 0.08986407868310446 26
1747771768825 0.08697973848569122 27
1747771769030 0.09529091822391264 28
1747771769236 0.08557941655214983 29
1747771769441 0.09809159543254782 30
1747771769647 0.08596069966535932 31
1747771769852 0.0674730362611966 32
1747771770058 0.0735314151666346 33
1747771770264 0.07105979182272659 34
1747771770470 0.06840411211273546 35
1747771770677 0.09582020894530639 36
1747771770883 0.08194924965472812 37
1747771771090 0.07125219808959736 38
1747771771296 0.086747281462906 39
1747771771606 0.07127811218220628 40
1747771771917 0.058484807707675446 41
1747771772226 0.07162992447389481 42
1747771772536 0.06430811663227644 43
1747771772743 0.0680285639254197 44
1747771772953 0.07288441509292841 45
1747771773167 0.07626557622363296 46
1747771773381 0.1015492997104593 47
1747771773594 0.07272209088557048 48
1747771773809 0.08124628015396773 49
