1747771762963 0.8806818127632141 0
1747771763158 0.9289772510528564 1
1747771763352 0.9267045259475708 2
1747771763548 0.9465909004211426 3
1747771763743 0.9289772510528564 4
1747771763939 0.9318181872367859 5
1747771764137 0.9482954740524292 6
1747771764333 0.9448863863945007 7
1747771764529 0.956818163394928 8
1747771764727 0.9528409242630005 9
1747771764932 0.9670454263687134 10
1747771765137 0.9573863744735718 11
1747771765342 0.956818163394928 12
1747771765547 0.9579545259475708 13
1747771765752 0.9619318246841431 14
1747771765957 0.9585227370262146 15
1747771766163 0.9613636136054993 16
1747771766389 0.9556818008422852 17
1747771766698 0.9681817889213562 18
1747771767006 0.9698863625526428 19
1747771767314 0.9693182110786438 20
1747771767605 0.9607954621315002 21
1747771767805 0.9670454263687134 22
1747771768006 0.9624999761581421 23
1747771768208 0.9619318246841431 24
1747771768412 0.9602272510528564 25
1747771768618 0.9613636136054993 26
1747771768823 0.9653409123420715 27
1747771769028 0.9636363387107849 28
1747771769234 0.9642045497894287 29
1747771769439 0.9642045497894287 30
1747771769645 0.9659090638160706 31
1747771769850 0.9778409004211426 32
1747771770056 0.9715909361839294 33
1747771770262 0.9750000238418579 34
1747771770468 0.9704545736312866 35
1747771770675 0.9619318246841431 36
1747771770881 0.9698863625526428 37
1747771771088 0.9693182110786438 38
1747771771294 0.9681817889213562 39
1747771771604 0.9704545736312866 40
1747771771914 0.9761363863945007 41
1747771772223 0.9704545736312866 42
1747771772533 0.9715909361839294 43
1747771772741 0.9721590876579285 44
1747771772951 0.9727272987365723 45
1747771773165 0.9693182110786438 46
1747771773379 0.9596590995788574 47
1747771773592 0.9715909361839294 48
1747771773807 0.9642045497894287 49
