1747770214470 10.54998501756989 0
1747770214661 3.0168557925645985 1
1747770214884 1.650707287726211 2
1747770215079 1.2804183764122719 3
1747770215259 0.9626296419976408 4
1747770215473 0.756039364156204 5
1747770215672 0.5696161001129837 6
1747770215854 0.5042466106493451 7
1747770216076 0.4761414849816993 8
1747770216282 0.4404626155104204 9
1747770216462 0.43119212694755976 10
1747770216683 0.41453750275205387 11
1747770216890 0.383579275477154 12
1747770217074 0.37222599693052255 13
1747770217299 0.37124654695501585 14
1747770217502 0.3494015811982836 15
1747770217689 0.35506645616898014 16
1747770217917 0.3425398686669401 17
1747770218150 0.3285832470283135 18
1747770218409 0.32191453088389865 19
1747770218748 0.3274225564778765 20
1747770219017 0.3096442902250155 21
1747770219282 0.3105536354021297 22
1747770219533 0.2997090830935001 23
1747770219815 0.29971116301396855 24
1747770220075 0.29890730855210934 25
1747770220338 0.3017624704789427 26
1747770220553 0.2939611452417474 27
1747770220769 0.3022265243670776 28
1747770220961 0.28016232322864715 29
1747770221149 0.29998891641849024 30
1747770221378 0.28728767994054644 31
1747770221576 0.27555442689011367 32
1747770221783 0.27243098001862315 33
1747770222008 0.2735186511784523 34
1747770222178 0.26538039873336067 35
1747770222535 0.2614585932350421 36
1747770222727 0.2634413810513124 37
1747770222908 0.266609353003802 38
1747770223074 0.27593200526160355 39
1747770223276 0.27186535657801214 40
1747770223456 0.24774615295788374 41
1747770223633 0.2560281680168207 42
1747770223825 0.2568493183624423 43
1747770224007 0.24773009310219166 44
1747770224191 0.24478821653482982 45
1747770224419 0.19831365020255362 46
1747770224687 0.12327520864784829 47
1747770224952 0.11798819121409523 48
1747770225220 0.11514762677869785 49
