1747770214468 0.08124999701976776 0
1747770214659 0.3113636374473572 1
1747770214882 0.5153409242630005 2
1747770215077 0.6482954621315002 3
1747770215257 0.7340909242630005 4
1747770215471 0.7948863506317139 5
1747770215670 0.8488636612892151 6
1747770215852 0.8789772987365723 7
1747770216074 0.8795454502105713 8
1747770216280 0.887499988079071 9
1747770216460 0.8857954740524292 10
1747770216681 0.886931836605072 11
1747770216888 0.8971590995788574 12
1747770217071 0.9113636612892151 13
1747770217296 0.8988636136054993 14
1747770217500 0.9068182110786438 15
1747770217687 0.9022727012634277 16
1747770217915 0.9051136374473572 17
1747770218147 0.9136363863945007 18
1747770218406 0.9136363863945007 19
1747770218745 0.9107954502105713 20
1747770219014 0.9130681753158569 21
1747770219280 0.918749988079071 22
1747770219531 0.9147727489471436 23
1747770219812 0.9210227131843567 24
1747770220072 0.9193181991577148 25
1747770220336 0.9142045378684998 26
1747770220552 0.918749988079071 27
1747770220767 0.9130681753158569 28
1747770220959 0.918181836605072 29
1747770221146 0.9096590876579285 30
1747770221376 0.9227272868156433 31
1747770221574 0.9227272868156433 32
1747770221781 0.918181836605072 33
1747770222006 0.9221590757369995 34
1747770222176 0.9193181991577148 35
1747770222533 0.9238636493682861 36
1747770222726 0.9204545617103577 37
1747770222906 0.9272727370262146 38
1747770223072 0.9170454740524292 39
1747770223274 0.9147727489471436 40
1747770223455 0.9272727370262146 41
1747770223631 0.9238636493682861 42
1747770223823 0.9210227131843567 43
1747770224005 0.925568163394928 44
1747770224189 0.9278408885002136 45
1747770224416 0.9454545378684998 46
1747770224685 0.9607954621315002 47
1747770224949 0.9647727012634277 48
1747770225218 0.9630681872367859 49
