1747770935356 3.0804357263795894 0
1747770935592 1.9100682792583732 1
1747770935795 1.4953539896519406 2
1747770936054 1.1259210197126561 3
1747770936304 0.742619901502682 4
1747770936531 0.5192236489537317 5
1747770936753 0.3714836328391842 6
1747770936960 0.2612936785248858 7
1747770937207 0.22564138187062394 8
1747770937432 0.18347762696005196 9
1747770937697 0.18265471260995483 10
1747770937973 0.15332260450408697 11
1747770938294 0.15458617829702473 12
1747770938603 0.1541923794839243 13
1747770938910 0.14151475107948605 14
1747770939217 0.1504944550388501 15
1747770939508 0.16762603093318898 16
1747770939785 0.14734980181949014 17
1747770940071 0.11910860805324174 18
1747770940292 0.12998532635519816 19
1747770940517 0.10647523313268938 20
1747770940726 0.09589186913747573 21
1747770940988 0.13189346883649725 22
1747770941226 0.09901824232996823 23
1747770941458 0.10956591649654149 24
1747770941680 0.09535690165650326 25
1747770941938 0.08568908619540859 26
1747770942184 0.08879380019374879 27
1747770942405 0.08192785263511301 28
1747770942671 0.10479716268235938 29
1747770942904 0.11864434445150644 30
1747770943118 0.1258008378744574 31
1747770943366 0.09540184061923151 32
1747770943596 0.08097445143397576 33
1747770943851 0.09658386794544602 34
1747770944130 0.08643534206990955 35
1747770944421 0.08527229649827443 36
1747770944723 0.08008888554966666 37
1747770945017 0.08370749350603858 38
1747770945315 0.07075463050952523 39
1747770945616 0.08015135350956497 40
1747770945912 0.08115411577712735 41
1747770946191 0.10325699825532175 42
1747770946417 0.08032284760777618 43
1747770947008 0.07667239736480276 44
1747770947826 0.08148259885205804 45
1747770948031 0.07712309076720152 46
1747770948297 0.11194007698829236 47
1747770948512 0.09701377503811273 48
1747770948739 0.0775499898030013 49
