1743712361195 0.4971493184566498 0
1743712382622 0.3085150420665741 1
1743712403905 0.2828727960586548 2
1743712425305 0.2642914652824402 3
1743712446575 0.25525346398353577 4
1743712467837 0.25055959820747375 5
1743712489225 0.24742303788661957 6
1743712510758 0.24434012174606323 7
1743712531753 0.24143530428409576 8
1743712553074 0.23922142386436462 9
1743712574266 0.23716753721237183 10
1743712595702 0.23509064316749573 11
1743712616979 0.23326696455478668 12
1743712638414 0.23162941634655 13
1743712659714 0.22997649013996124 14
1743712681074 0.228388711810112 15
1743712702266 0.2268526554107666 16
1743712723604 0.2254541665315628 17
1743712744887 0.22426298260688782 18
1743712766107 0.22277891635894775 19
1743712787064 0.2215055227279663 20
1743712808409 0.22043675184249878 21
1743712829631 0.21937839686870575 22
1743712850726 0.2183038890361786 23
1743712871861 0.21734362840652466 24
1743712893022 0.21627403795719147 25
1743712914152 0.2154531031847 26
1743712935216 0.21445274353027344 27
1743712956458 0.2136288732290268 28
1743712977587 0.21280591189861298 29
1743712998643 0.21188873052597046 30
1743713019984 0.2110709547996521 31
1743713041156 0.2102964222431183 32
1743713062399 0.21086759865283966 33
1743713083631 0.20894011855125427 34
1743713104902 0.20830748975276947 35
1743713126362 0.20784978568553925 36
1743713147549 0.2073133885860443 37
1743713168754 0.2066139429807663 38
1743713189913 0.20608650147914886 39
1743713210979 0.20560511946678162 40
1743713232125 0.20524606108665466 41
1743713253319 0.20480704307556152 42
1743713274600 0.2043805718421936 43
1743713295896 0.20410816371440887 44
1743713317305 0.20371492207050323 45
1743713338662 0.2034727931022644 46
1743713359770 0.2031039297580719 47
1743713381187 0.2027917057275772 48
1743713402352 0.20261351764202118 49
