1747657865906 0.9150080680847168 0
1747657879966 0.9150314927101135 1
1747657894179 0.915168285369873 2
1747657907788 0.9153051376342773 3
1747657921567 0.9152816534042358 4
1747657935422 0.9153441786766052 5
1747657949540 0.9152386784553528 6
1747657963987 0.915355920791626 7
1747657978195 0.915457546710968 8
1747657991745 0.9154301881790161 9
1747658005710 0.9152504205703735 10
1747658019760 0.9152699112892151 11
1747658034059 0.9153910875320435 12
1747658048419 0.9154653549194336 13
1747658062544 0.9151448607444763 14
1747658076730 0.9152386784553528 15
1747658090078 0.9153090119361877 16
1747658104151 0.9153950214385986 17
1747658118434 0.9152894616127014 18
1747658132354 0.9153754711151123 19
1747658146515 0.9153872132301331 20
1747658160037 0.9153520464897156 21
1747658173970 0.9152933955192566 22
1747658188137 0.9153910875320435 23
1747658202021 0.9153207540512085 24
1747658215567 0.9154223799705505 25
1747658229684 0.9152777791023254 26
1747658243837 0.9154341220855713 27
1747658258002 0.915516197681427 28
1747658272066 0.9154379963874817 29
1747658285462 0.9154497385025024 30
1747658299522 0.915285587310791 31
1747658313583 0.915285587310791 32
1747658327730 0.9153246879577637 33
1747658341913 0.9154419302940369 34
1747658355529 0.9152894616127014 35
1747658369534 0.9153676629066467 36
1747658383140 0.9154379963874817 37
1747658397307 0.9154614806175232 38
1747658411320 0.9153989553451538 39
1747658424668 0.9153754711151123 40
1747658438803 0.9154028296470642 41
1747658453001 0.9154888391494751 42
1747658467010 0.9153754711151123 43
1747658480793 0.915457546710968 44
1747658494753 0.9155005812644958 45
1747658508769 0.9155240058898926 46
1747658522884 0.9155552983283997 47
1747658536552 0.915516197681427 48
1747658550506 0.9155435562133789 49
