1743865636112 0.8815000057220459 0
1743865660296 0.9487000107765198 1
1743865684145 0.9641333222389221 2
1743865707958 0.9707333445549011 3
1743865732217 0.9742666482925415 4
1743865756607 0.977483332157135 5
1743865780811 0.979283332824707 6
1743865804989 0.9815499782562256 7
1743865828982 0.9833999872207642 8
1743865853109 0.9848333597183228 9
1743865877108 0.9860333204269409 10
1743865900934 0.986549973487854 11
1743865924813 0.9881666898727417 12
1743865948784 0.9888499975204468 13
1743865972824 0.9897666573524475 14
1743865996779 0.9900333285331726 15
1743866020612 0.9900333285331726 16
1743866044339 0.9909499883651733 17
1743866068143 0.9907333254814148 18
1743866091988 0.9913666844367981 19
1743866116054 0.9921333193778992 20
1743866139973 0.9921166896820068 21
1743866163861 0.9930166602134705 22
1743866187489 0.9941999912261963 23
1743866211328 0.9927166700363159 24
1743866235422 0.9934999942779541 25
1743866259227 0.9940833449363708 26
1743866283341 0.993149995803833 27
1743866307025 0.993233323097229 28
1743866330820 0.9945166707038879 29
1743866354508 0.9945499897003174 30
1743866378209 0.9937333464622498 31
1743866402030 0.9955000281333923 32
1743866425704 0.9944000244140625 33
1743866449481 0.9951000213623047 34
1743866473106 0.9955166578292847 35
1743866496828 0.994866669178009 36
1743866520833 0.9961333274841309 37
1743866544823 0.9943833351135254 38
1743866568530 0.9955499768257141 39
1743866592279 0.9958833456039429 40
1743866616087 0.9943833351135254 41
1743866639933 0.9963666796684265 42
1743866664147 0.9964500069618225 43
1743866688446 0.9961833357810974 44
1743866712373 0.9947500228881836 45
1743866736527 0.9967166781425476 46
1743866760970 0.9955666661262512 47
1743866785067 0.9963333606719971 48
1743866808803 0.996399998664856 49
