1747702715246 0.914402186870575 0
1747702730968 0.9148477911949158 1
1747702746446 0.9151331186294556 2
1747702761832 0.9151878356933594 3
1747702776971 0.9151526689529419 4
1747702792171 0.9151487946510315 5
1747702807466 0.9150862097740173 6
1747702822902 0.9151409268379211 7
1747702838796 0.914996325969696 8
1747702854409 0.915168285369873 9
1747702869882 0.9153598546981812 10
1747702885362 0.9152738451957703 11
1747702900926 0.9153910875320435 12
1747702916503 0.9154458045959473 13
1747702932128 0.9154419302940369 14
1747702947878 0.9153754711151123 15
1747702963444 0.9153168201446533 16
1747702979039 0.9153324961662292 17
1747702994456 0.9153910875320435 18
1747703009984 0.9154223799705505 19
1747703025491 0.9154497385025024 20
1747703040615 0.9152894616127014 21
1747703055962 0.9153441786766052 22
1747703071811 0.9153754711151123 23
1747703087407 0.9154692888259888 24
1747703103142 0.9156138896942139 25
1747703118736 0.9156607985496521 26
1747703133984 0.9153950214385986 27
1747703149376 0.9155591726303101 28
1747703164866 0.915473222732544 29
1747703180327 0.9154379963874817 30
1747703195941 0.9155435562133789 31
1747703211238 0.9152699112892151 32
1747703226738 0.9154810309410095 33
1747703242292 0.9157038331031799 34
1747703257856 0.9156216979026794 35
1747703273257 0.9156216979026794 36
1747703288759 0.9155591726303101 37
1747703304342 0.9157937169075012 38
1747703319770 0.9156529903411865 39
1747703335394 0.915676474571228 40
1747703350721 0.9155826568603516 41
1747703366439 0.915746808052063 42
1747703381980 0.9157781004905701 43
1747703397515 0.9158875346183777 44
1747703412951 0.9158757925033569 45
1747703428153 0.9157819747924805 46
1747703443858 0.9158132672309875 47
1747703459443 0.9158288836479187 48
1747703474918 0.9158523678779602 49
