1743951270935 0.32989418506622314 0
1743951295821 0.3184472918510437 1
1743951320592 0.3188183009624481 2
1743951345498 0.28826749324798584 3
1743951370540 0.26722076535224915 4
1743951395385 0.24879953265190125 5
1743951420291 0.2360309511423111 6
1743951445113 0.2301124930381775 7
1743951470045 0.2222726196050644 8
1743951494943 0.2167264074087143 9
1743951519700 0.21133707463741302 10
1743951544502 0.20723415911197662 11
1743951569334 0.2026662677526474 12
1743951594150 0.19936777651309967 13
1743951619107 0.19591757655143738 14
1743951643978 0.19738472998142242 15
1743951668811 0.19844740629196167 16
1743951693561 0.19051024317741394 17
1743951718532 0.1877903938293457 18
1743951743366 0.25064945220947266 19
1743951768163 0.21551190316677094 20
1743951793306 0.20267599821090698 21
1743951818131 0.196823388338089 22
1743951843184 0.19322961568832397 23
1743951868291 0.1906908005475998 24
1743951892791 0.18846626579761505 25
1743951917857 0.18690252304077148 26
1743951942685 0.18529772758483887 27
1743951969992 0.18374334275722504 28
1743951997421 0.18245288729667664 29
1743952022368 0.1808854192495346 30
1743952047188 0.17941704392433167 31
1743952071857 0.1783759742975235 32
1743952096787 0.17745713889598846 33
1743952121448 0.17622695863246918 34
1743952146276 0.17558661103248596 35
1743952170926 0.17449893057346344 36
1743952195668 0.17360058426856995 37
1743952220445 0.1728840470314026 38
1743952245191 0.17188458144664764 39
1743952269544 0.1707107424736023 40
1743952293682 0.17018407583236694 41
1743952317936 0.16866853833198547 42
1743952342440 0.16821812093257904 43
1743952367198 0.16705277562141418 44
1743952392100 0.166276216506958 45
1743952416813 0.165693998336792 46
1743952441811 0.1642414778470993 47
1743952466622 0.16349102556705475 48
1743952491452 0.16272427141666412 49
