1747736511785 0.9144960045814514 0
1747736528844 0.9150784015655518 1
1747736546123 0.9149611592292786 2
1747736562875 0.9151761531829834 3
1747736580286 0.9151292443275452 4
1747736597076 0.9153794050216675 5
1747736614134 0.9153168201446533 6
1747736631174 0.9152933955192566 7
1747736648315 0.9153598546981812 8
1747736665509 0.9153637290000916 9
1747736682331 0.9154106378555298 10
1747736699708 0.915473222732544 11
1747736716686 0.9153715372085571 12
1747736733853 0.9153168201446533 13
1747736751024 0.9153598546981812 14
1747736768364 0.9152151942253113 15
1747736785640 0.9154106378555298 16
1747736802806 0.9152816534042358 17
1747736820168 0.9153090119361877 18
1747736837251 0.915355920791626 19
1747736854714 0.9153324961662292 20
1747736871728 0.9153832793235779 21
1747736889016 0.915285587310791 22
1747736906162 0.9154536724090576 23
1747736923508 0.9154028296470642 24
1747736940305 0.9154614806175232 25
1747736957680 0.9155513644218445 26
1747736974776 0.9154223799705505 27
1747736992114 0.9154692888259888 28
1747737009192 0.9153363704681396 29
1747737026453 0.9155005812644958 30
1747737043868 0.9155787229537964 31
1747737061423 0.9154106378555298 32
1747737078746 0.9153989553451538 33
1747737096241 0.915414571762085 34
1747737113134 0.9153090119361877 35
1747737130064 0.9156022071838379 36
1747737147493 0.9155279397964478 37
1747737164936 0.9155200719833374 38
1747737182125 0.9155357480049133 39
1747737199329 0.9155904650688171 40
1747737216668 0.9155240058898926 41
1747737233696 0.9156607985496521 42
1747737250685 0.915645182132721 43
1747737267783 0.915645182132721 44
1747737285038 0.9156491160392761 45
1747737302580 0.9157077074050903 46
1747737319498 0.9156060814857483 47
1747737336866 0.9157350659370422 48
1747737354131 0.9157194495201111 49
