1747736511787 0.2484057518022527 0
1747736528846 0.24030593470766737 1
1747736546124 0.239134789051061 2
1747736562876 0.2385494174282345 3
1747736580287 0.23827649010101942 4
1747736597078 0.23785354771809217 5
1747736614136 0.23776280111020495 6
1747736631175 0.23751305271135867 7
1747736648317 0.23735810566521945 8
1747736665510 0.2372580178800855 9
1747736682333 0.2371505981347612 10
1747736699709 0.2371302113645304 11
1747736716688 0.23693781161437524 12
1747736733854 0.2369783340297004 13
1747736751026 0.23692115561600555 14
1747736768366 0.23733638637634288 15
1747736785641 0.23685151044895983 16
1747736802808 0.23674082635559013 17
1747736820169 0.23666581368103207 18
1747736837253 0.2367094019155895 19
1747736854716 0.23662934917097672 20
1747736871730 0.23651601177741505 21
1747736889017 0.23649573742756508 22
1747736906164 0.23639215020078758 23
1747736923510 0.2363723735212822 24
1747736940306 0.2363864275115715 25
1747736957682 0.23633689129469013 26
1747736974778 0.2362107363043855 27
1747736992116 0.23619111044224883 28
1747737009194 0.23604572775438087 29
1747737026455 0.23598146643792642 30
1747737043870 0.2359754106056345 31
1747737061424 0.23611971433874032 32
1747737078748 0.23589206068507215 33
1747737096242 0.2358931273277188 34
1747737113135 0.23607407523129728 35
1747737130066 0.23578992005204769 36
1747737147495 0.23570445286373237 37
1747737164939 0.2358729179043974 38
1747737182127 0.2356161140658725 39
1747737199331 0.23573077917050586 40
1747737216669 0.23563570884291904 41
1747737233697 0.23543746269377433 42
1747737250687 0.23554297184506728 43
1747737267785 0.2356535506467033 44
1747737285040 0.23544665449126892 45
1747737302581 0.23547037441606283 46
1747737319500 0.23538598017168297 47
1747737336867 0.23536497143556614 48
1747737354132 0.23531010022365803 49
