1747771142508 nan 0
1747771142696 nan 1
1747771142883 nan 2
1747771143072 nan 3
1747771143264 nan 4
1747771143456 nan 5
1747771143656 nan 6
1747771143859 nan 7
1747771144049 nan 8
1747771144238 nan 9
1747771144439 nan 10
1747771144635 nan 11
1747771144832 nan 12
1747771145034 nan 13
1747771145263 nan 14
1747771145525 nan 15
1747771145789 nan 16
1747771146052 nan 17
1747771146317 nan 18
1747771146587 nan 19
1747771146863 nan 20
1747771147138 nan 21
1747771147414 nan 22
1747771147667 nan 23
1747771147850 nan 24
1747771148050 nan 25
1747771148250 nan 26
1747771148453 nan 27
1747771148651 nan 28
1747771148848 nan 29
1747771149051 nan 30
1747771149248 nan 31
1747771149446 nan 32
1747771149648 nan 33
1747771149854 nan 34
1747771150070 nan 35
1747771150278 nan 36
1747771150490 nan 37
1747771150695 nan 38
1747771150903 nan 39
1747771151113 nan 40
1747771151322 nan 41
1747771151586 nan 42
1747771151855 nan 43
1747771152123 nan 44
1747771152388 nan 45
1747771152665 nan 46
1747771152950 nan 47
1747771153218 nan 48
1747771153505 nan 49
