1747574095655 0.724516021547061 0
1747574101114 0.001922313407648855 1
1747574106160 0.00010650402734316107 2
1747574111613 0.00014666942839210474 3
1747574117218 0.00012150953785975388 4
1747574122601 9.133461822478274e-05 5
1747574127668 9.672357948765085e-05 6
1747574132843 9.040394724229266e-05 7
1747574138388 8.280072963842466e-05 8
1747574143864 7.639112893053811e-05 9
1747574149481 7.64230503645848e-05 10
1747574155259 8.444863301460216e-05 11
1747574160915 7.354913812702743e-05 12
1747574166509 8.495795950403022e-05 13
1747574171635 7.132809014498161e-05 14
1747574176992 7.479090845688156e-05 15
1747574182219 6.382901045420052e-05 16
1747574187643 7.243096177315063e-05 17
1747574193035 6.872197389963074e-05 18
1747574198484 6.636712774943074e-05 19
1747574203986 7.23437090986571e-05 20
1747574209342 6.628372901055807e-05 21
1747574214573 6.727290361212243e-05 22
1747574219665 6.995784900049753e-05 23
1747574225233 6.78140967111344e-05 24
1747574230843 6.62650556868607e-05 25
1747574236342 6.801505717473691e-05 26
1747574241698 6.725420780095173e-05 27
1747574247446 6.178478506388096e-05 28
1747574252885 5.9815650536252304e-05 29
1747574258200 6.025271200033185e-05 30
1747574263643 6.035891403123904e-05 31
1747574269231 5.659670155563445e-05 32
1747574274848 6.200196026704778e-05 33
1747574280516 5.5634044258040154e-05 34
1747574286270 5.6748668227453954e-05 35
1747574291956 6.288938400136787e-05 36
1747574297484 5.765488878183467e-05 37
1747574303032 5.603561635475948e-05 38
1747574308614 5.6876570022348566e-05 39
1747574313951 5.426838666329346e-05 40
1747574319106 5.7864607528437375e-05 41
1747574324705 4.9475754834287784e-05 42
1747574330356 5.496971560969736e-05 43
1747574336067 5.3134364420392134e-05 44
1747574341558 5.083409327891662e-05 45
1747574347096 5.079767592848845e-05 46
1747574352252 5.387579362117211e-05 47
1747574357490 4.88841325679882e-05 48
1747574362901 5.2374023874273235e-05 49
