1747574095653 0.12538737058639526 0
1747574101112 0.008700668811798096 1
1747574106158 0.00414815079420805 2
1747574111612 0.004004869144409895 3
1747574117217 0.0040005045011639595 4
1747574122600 0.003907469566911459 5
1747574127666 0.0038822591304779053 6
1747574132841 0.003915761131793261 7
1747574138387 0.0037397663109004498 8
1747574143863 0.003676153253763914 9
1747574149480 0.0035524058621376753 10
1747574155257 0.0036399168893694878 11
1747574160914 0.003550743917003274 12
1747574166508 0.0035030741710215807 13
1747574171633 0.0034643204417079687 14
1747574176990 0.003539168741554022 15
1747574182217 0.0033538523130118847 16
1747574187641 0.0033551992382854223 17
1747574193034 0.0033778881188482046 18
1747574198483 0.0032912567257881165 19
1747574203984 0.0033331310842186213 20
1747574209340 0.003269860288128257 21
1747574214571 0.003183554159477353 22
1747574219664 0.003242571372538805 23
1747574225232 0.0031800682190805674 24
1747574230841 0.0031555125024169683 25
1747574236341 0.0030652473215013742 26
1747574241697 0.0030795815400779247 27
1747574247445 0.0030495396349579096 28
1747574252883 0.0029954740311950445 29
1747574258199 0.002926718443632126 30
1747574263641 0.0029957222286611795 31
1747574269230 0.0028808307833969593 32
1747574274846 0.002890918403863907 33
1747574280514 0.00280666071921587 34
1747574286268 0.0028250091709196568 35
1747574291954 0.002904013730585575 36
1747574297483 0.0028562801890075207 37
1747574303031 0.0027394762728363276 38
1747574308612 0.0027653705328702927 39
1747574313949 0.0028069138061255217 40
1747574319105 0.0027875874657183886 41
1747574324704 0.0026717085856944323 42
1747574330355 0.0027948436327278614 43
1747574336065 0.00272488035261631 44
1747574341557 0.0027302559465169907 45
1747574347095 0.002571214223280549 46
1747574352250 0.002777088899165392 47
1747574357488 0.0025224843993782997 48
1747574362900 0.0025813449174165726 49
