1747603780457 13.813738383147658 0
1747603789360 19.909446652738144 1
1747603798059 3.5374416410604974 2
1747603806706 2.393932687924713 3
1747603815229 1.8476311593763746 4
1747603823900 0.8998540035922059 5
1747603832672 0.4967103634537747 6
1747603841663 0.33781542645396256 7
1747603850116 0.17427828166025958 8
1747603858944 0.15663792530017276 9
1747603867487 0.10320413304645 10
1747603875899 0.085836386893756 11
1747603884947 0.07602606592272675 12
1747603893634 0.06052924772115033 13
1747603902157 0.055881604257225034 14
1747603910949 0.04820323729275441 15
1747603919392 0.04025873919881983 16
1747603928243 0.04692168971857913 17
1747603936884 0.03587265551162604 18
1747603945120 0.023678330685946294 19
1747603953987 0.01882476684405377 20
1747603962670 0.019045592724586502 21
1747603971160 0.01585790795730451 22
1747603980572 0.014083591034247594 23
1747603989115 0.012657872324691842 24
1747603998036 0.014796302098567414 25
1747604006829 0.020978928145644643 26
1747604015221 0.028247296672389646 27
1747604024042 0.012226550874311005 28
1747604032647 0.008995941565092773 29
1747604041348 0.012997573142955715 30
1747604050298 0.011040189250916122 31
1747604058694 0.011119903572291631 32
1747604067170 0.010659514963189294 33
1747604076003 0.010193163650124603 34
1747604084459 0.008608022877050472 35
1747604093055 0.010066830443206274 36
1747604102154 0.009769825729448437 37
1747604110889 0.01332703814842152 38
1747604119821 0.008555858188344917 39
1747604128446 0.010489484450905985 40
1747604137159 0.007629920434493225 41
1747604145983 0.007188209937767414 42
1747604154645 0.009875644813092999 43
1747604163182 0.005730340655538866 44
1747604171767 0.00882655771636248 45
1747604180485 0.007667430311508033 46
1747604189424 0.007132701425960459 47
1747604198512 0.006239016425914166 48
1747604207177 0.006758979499558367 49
