1747654790416 0.9147657155990601 0
1747654804197 0.9146679639816284 1
1747654817972 0.9146836400032043 2
1747654831971 0.9147422313690186 3
1747654845965 0.9147813320159912 4
1747654859707 0.9147383570671082 5
1747654873450 0.9148164987564087 6
1747654887131 0.9148399829864502 7
1747654900980 0.9151644110679626 8
1747654914802 0.9153129458427429 9
1747654929004 0.9152386784553528 10
1747654943216 0.915285587310791 11
1747654957194 0.9152386784553528 12
1747654970668 0.9153910875320435 13
1747654984610 0.9153950214385986 14
1747654997949 0.9154028296470642 15
1747655011530 0.9154536724090576 16
1747655025520 0.915355920791626 17
1747655039929 0.9154692888259888 18
1747655054121 0.9153207540512085 19
1747655067830 0.9154106378555298 20
1747655081359 0.9153989553451538 21
1747655095297 0.9153754711151123 22
1747655109413 0.9154106378555298 23
1747655123383 0.9153403043746948 24
1747655137404 0.9153403043746948 25
1747655151041 0.9153520464897156 26
1747655165082 0.9153285622596741 27
1747655179087 0.9155005812644958 28
1747655193089 0.9153637290000916 29
1747655207226 0.9154379963874817 30
1747655221327 0.9155240058898926 31
1747655235305 0.9154341220855713 32
1747655249379 0.9154849052429199 33
1747655263429 0.9154184460639954 34
1747655277360 0.9154301881790161 35
1747655291769 0.9154301881790161 36
1747655305810 0.9154106378555298 37
1747655319786 0.9154028296470642 38
1747655333430 0.9154653549194336 39
1747655347620 0.9154810309410095 40
1747655361826 0.9154458045959473 41
1747655376115 0.9154849052429199 42
1747655390608 0.9153832793235779 43
1747655405173 0.9155435562133789 44
1747655419720 0.9154184460639954 45
1747655434196 0.9155083894729614 46
1747655448159 0.9155279397964478 47
1747655463304 0.9155591726303101 48
1747655477546 0.9155357480049133 49
