1747676245911 0.2527089455818489 0
1747676261044 0.23913182291366042 1
1747676276126 0.2384235710573852 2
1747676291329 0.23819378605617864 3
1747676306009 0.2379165329962109 4
1747676321087 0.23778858175913747 5
1747676336316 0.2376685918971233 6
1747676350936 0.23760322323556984 7
1747676366034 0.23759304108110652 8
1747676380894 0.2374335129139463 9
1747676395925 0.2373564044764278 10
1747676411016 0.23734693153129138 11
1747676426412 0.23724958685319383 12
1747676442042 0.237226400526913 13
1747676457400 0.23729149516438752 14
1747676472789 0.2371570944282419 15
1747676486925 0.23706121746603126 16
1747676501492 0.2370242321312267 17
1747676516768 0.23702775289061093 18
1747676531467 0.2369930116712364 19
1747676546165 0.23684275954546327 20
1747676560785 0.23697184732454288 21
1747676575540 0.23689586240847313 22
1747676590718 0.2368079902059185 23
1747676606127 0.23681674104802053 24
1747676621496 0.23676431481728052 25
1747676636100 0.23685692783432613 26
1747676651307 0.23675301951503983 27
1747676666232 0.23668892704827588 28
1747676681110 0.2367321995040695 29
1747676695664 0.2365645685768688 30
1747676711202 0.23669978584674906 31
1747676726306 0.2366293050314591 32
1747676740482 0.23665865821288354 33
1747676755541 0.23662403509182314 34
1747676770619 0.2365994566105077 35
1747676785774 0.23656800056411678 36
1747676800972 0.23663138962535654 37
1747676815712 0.23653884249612275 38
1747676830330 0.23654981290448734 39
1747676845351 0.23656070039876229 40
1747676860263 0.23654212705753766 41
1747676875580 0.23644230004496822 42
1747676890357 0.23658175199025672 43
1747676905072 0.2364887073620541 44
1747676920358 0.23653096332399415 45
1747676935021 0.2363943139421303 46
1747676950167 0.23648200006409337 47
1747676965113 0.23647441037121136 48
1747676979309 0.23642358951822448 49
