1747676245909 0.9150510430335999 0
1747676261042 0.9152464866638184 1
1747676276124 0.9151292443275452 2
1747676291327 0.9153403043746948 3
1747676306007 0.9152073860168457 4
1747676321085 0.9153285622596741 5
1747676336315 0.9154301881790161 6
1747676350933 0.9153481125831604 7
1747676366033 0.9152425527572632 8
1747676380893 0.9153676629066467 9
1747676395924 0.9152073860168457 10
1747676411015 0.9154497385025024 11
1747676426410 0.9153051376342773 12
1747676442041 0.9153754711151123 13
1747676457399 0.9152777791023254 14
1747676472788 0.9154497385025024 15
1747676486924 0.9153910875320435 16
1747676501491 0.9153168201446533 17
1747676516766 0.9153129458427429 18
1747676531466 0.9154301881790161 19
1747676546164 0.9153715372085571 20
1747676560784 0.915414571762085 21
1747676575539 0.9154849052429199 22
1747676590716 0.9153715372085571 23
1747676606125 0.9153481125831604 24
1747676621495 0.9153246879577637 25
1747676636099 0.9154419302940369 26
1747676651306 0.9153168201446533 27
1747676666229 0.9155240058898926 28
1747676681108 0.9153324961662292 29
1747676695662 0.9153598546981812 30
1747676711201 0.9153715372085571 31
1747676726304 0.9153872132301331 32
1747676740481 0.9154184460639954 33
1747676755539 0.9154184460639954 34
1747676770618 0.9154028296470642 35
1747676785772 0.9154379963874817 36
1747676800970 0.9155122637748718 37
1747676815711 0.9153168201446533 38
1747676830328 0.915473222732544 39
1747676845350 0.9153598546981812 40
1747676860261 0.9154458045959473 41
1747676875578 0.9152464866638184 42
1747676890355 0.9153832793235779 43
1747676905071 0.9153129458427429 44
1747676920356 0.9154888391494751 45
1747676935019 0.9153989553451538 46
1747676950166 0.915355920791626 47
1747676965112 0.9153950214385986 48
1747676979307 0.9154263138771057 49
