1747770523585 23.52359390258789 0
1747770523709 16.548410415649414 1
1747770523831 12.731616973876953 2
1747770523947 9.695137023925781 3
1747770524059 7.764339447021484 4
1747770524179 6.4796576499938965 5
1747770524296 4.839109420776367 6
1747770524413 2.9524121284484863 7
1747770524530 2.219472646713257 8
1747770524650 1.9883201122283936 9
1747770524771 1.8449878692626953 10
1747770524881 1.7253745794296265 11
1747770524995 1.625401258468628 12
1747770525107 1.5242542028427124 13
1747770525221 1.4398971796035767 14
1747770525343 1.352215051651001 15
1747770525470 1.259283185005188 16
1747770525597 1.189098596572876 17
1747770525722 1.093166708946228 18
1747770525849 1.0200215578079224 19
1747770525975 0.9561281800270081 20
1747770526101 0.8902691602706909 21
1747770526243 0.8296212553977966 22
1747770526413 0.7759368419647217 23
1747770526587 0.711515486240387 24
1747770526756 0.6732360124588013 25
1747770526928 0.6279940605163574 26
1747770527097 0.5961669683456421 27
1747770527266 0.6008730530738831 28
1747770527435 0.551547646522522 29
1747770527603 0.5229894518852234 30
1747770527771 0.4953422546386719 31
1747770527940 0.5013242959976196 32
1747770528108 0.47516605257987976 33
1747770528279 0.47059547901153564 34
1747770528449 0.44888582825660706 35
1747770528617 0.4487532675266266 36
1747770528756 0.4574143588542938 37
1747770528879 0.4366530478000641 38
1747770528999 0.4177424907684326 39
1747770529119 0.41460511088371277 40
1747770529242 0.4261026084423065 41
1747770529362 0.4142410159111023 42
1747770529486 0.39384379982948303 43
1747770529607 0.41853415966033936 44
1747770529731 0.3936501145362854 45
1747770529852 0.3823457360267639 46
1747770529977 0.36914482712745667 47
1747770530100 0.3628532588481903 48
1747770530225 0.3620905578136444 49
