1747600909511 1.756149297926934 0
1747600918342 0.6813395565947495 1
1747600926865 0.38126841137207573 2
1747600935708 0.2071028802901789 3
1747600944519 0.14790905723618417 4
1747600953019 0.09463096126600647 5
1747600962036 0.07552225968684236 6
1747600970678 0.06472118465913171 7
1747600979270 0.04796207597330387 8
1747600988363 0.033119458494267805 9
1747600996875 0.0218474141186493 10
1747601005602 0.016140562752018302 11
1747601014384 0.014093140201077064 12
1747601022930 0.011948141072005095 13
1747601031742 0.00888891642424369 14
1747601040547 0.010216202668637285 15
1747601049155 0.0070247338682670555 16
1747601058318 0.005823680750342465 17
1747601067002 0.007496509569391264 18
1747601075548 0.009965783890995124 19
1747601084507 0.004684116455144636 20
1747601092879 0.005133621936026495 21
1747601101507 0.005125794209214394 22
1747601110123 0.005281559488265603 23
1747601118690 0.005109404584046233 24
1747601127623 0.0035208670844118564 25
1747601136178 0.0030802974091113365 26
1747601144528 0.005265050312429268 27
1747601153580 0.00493158638575696 28
1747601161879 0.003974166773905172 29
1747601170265 0.003695812553405311 30
1747601179195 0.0019115703278873798 31
1747601187650 0.004406411149666827 32
1747601196424 0.004497254019513744 33
1747601205302 0.0035347547945273044 34
1747601213787 0.0023650576046451645 35
1747601222603 0.0027126895655805623 36
1747601231524 0.002053820537356677 37
1747601240007 0.0035785232854567087 38
1747601249042 0.002655359790299052 39
1747601257761 0.0013556621252239361 40
1747601266524 0.0023311362640288788 41
1747601275385 0.002785281964994629 42
1747601284013 0.002924132755883819 43
1747601292871 0.0032812134039639724 44
1747601301236 0.0034183985130861504 45
1747601309606 0.0008487498363538307 46
1747601318398 0.0022471974245861725 47
1747601326915 0.0016986727158593612 48
1747601335587 0.0014555830692008552 49
