1747623084057 0.8975281119346619 0
1747623150914 0.9147031903266907 1
1747623220192 0.9146758317947388 2
1747623287645 0.9147188067436218 3
1747623353149 0.9146523475646973 4
1747623417346 0.9146601557731628 5
1747623483756 0.9146601557731628 6
1747623548290 0.9146601557731628 7
1747623608386 0.9146601557731628 8
1747623661491 0.9146679639816284 9
1747623728751 0.9147579073905945 10
1747623792592 0.9150197505950928 11
1747623857743 0.9152777791023254 12
1747623923861 0.9153168201446533 13
1747623989532 0.9154379963874817 14
1747624056769 0.9152425527572632 15
1747624120080 0.9152816534042358 16
1747624177891 0.9153403043746948 17
1747624228091 0.9152464866638184 18
1747624286140 0.9152660369873047 19
1747624350007 0.9153832793235779 20
1747624419406 0.9152738451957703 21
1747624482931 0.9152151942253113 22
1747624550982 0.9153051376342773 23
1747624617881 0.9152621030807495 24
1747624681698 0.9153715372085571 25
1747624744885 0.9154927134513855 26
1747624793691 0.9153950214385986 27
1747624843166 0.9153950214385986 28
1747624909473 0.9152308702468872 29
1747624977976 0.9154497385025024 30
1747625041173 0.9152542948722839 31
1747625106197 0.9154614806175232 32
1747625171556 0.9154458045959473 33
1747625236362 0.9154067635536194 34
1747625303104 0.9152073860168457 35
1747625358357 0.9153910875320435 36
1747625408672 0.9154263138771057 37
1747625465225 0.9153441786766052 38
1747625529196 0.9154301881790161 39
1747625593982 0.9153715372085571 40
1747625662995 0.9153872132301331 41
1747625730117 0.9153051376342773 42
1747625794702 0.9154106378555298 43
1747625862022 0.9153168201446533 44
1747625929208 0.9153207540512085 45
1747625978260 0.9154263138771057 46
1747626029876 0.9153168201446533 47
1747626096169 0.9153794050216675 48
1747626163370 0.9152933955192566 49
