1747628798087 0.12779977917671204 0
1747628808510 0.08603984862565994 1
1747628818869 0.07097183167934418 2
1747628830006 0.04856947064399719 3
1747628840392 0.03554598614573479 4
1747628850553 0.03123195469379425 5
1747628861391 0.028327617794275284 6
1747628871891 0.02678828127682209 7
1747628882596 0.025323864072561264 8
1747628893207 0.021551785990595818 9
1747628904194 0.020471755415201187 10
1747628915173 0.019092652946710587 11
1747628925813 0.017327355220913887 12
1747628936047 0.016909193247556686 13
1747628946265 0.016460996121168137 14
1747628957158 0.015974383801221848 15
1747628968240 0.015199966728687286 16
1747628978835 0.01477272342890501 17
1747628989472 0.014895731583237648 18
1747629000438 0.015797654166817665 19
1747629011174 0.01483366172760725 20
1747629021660 0.013740519061684608 21
1747629032388 0.01322847418487072 22
1747629043318 0.01271663885563612 23
1747629053932 0.01229799073189497 24
1747629064715 0.012103382498025894 25
1747629075407 0.012074746191501617 26
1747629085897 0.011390162631869316 27
1747629096698 0.012071754783391953 28
1747629107691 0.011325765401124954 29
1747629118774 0.011256326921284199 30
1747629129188 0.010906033217906952 31
1747629140217 0.011205585673451424 32
1747629151460 0.010370726697146893 33
1747629162014 0.011222535744309425 34
1747629172340 0.010388747788965702 35
1747629182703 0.010719802230596542 36
1747629193095 0.0103806983679533 37
1747629203717 0.010014774277806282 38
1747629214533 0.009839714504778385 39
1747629225388 0.009870161302387714 40
1747629235856 0.009445522911846638 41
1747629246390 0.010169298388063908 42
1747629257217 0.009280752390623093 43
1747629268381 0.009339697659015656 44
1747629279634 0.009252418763935566 45
1747629290285 0.009091046638786793 46
1747629300952 0.009434693492949009 47
1747629311962 0.008969655260443687 48
1747629323216 0.008578876033425331 49
