1747628798088 0.11821625668325692 0
1747628808511 0.06045457267185934 1
1747628818870 0.046276819179208825 2
1747628830008 0.02217658972729053 3
1747628840394 0.012758555413705661 4
1747628850554 0.011101391870920435 5
1747628861393 0.009264723920391715 6
1747628871892 0.008116362688098625 7
1747628882598 0.007186801460723886 8
1747628893208 0.004991750163583811 9
1747628904195 0.004749374932842842 10
1747628915174 0.0036817321356952992 11
1747628925815 0.0031697126033710973 12
1747628936049 0.0029344714859182676 13
1747628946266 0.0028658898817736016 14
1747628957159 0.0023192015706338023 15
1747628968241 0.002088827055394462 16
1747628978837 0.0021804040342387394 17
1747628989473 0.0019800682662096396 18
1747629000439 0.0016869526040423056 19
1747629011176 0.001607614819816536 20
1747629021662 0.00133954608953967 21
1747629032389 0.0012236961349816006 22
1747629043319 0.001301390813996763 23
1747629053934 0.0010693616758661911 24
1747629064716 0.0012030336664508045 25
1747629075409 0.0011928511407217738 26
1747629085899 0.0009839179363018953 27
1747629096699 0.0011731688180576347 28
1747629107692 0.0009680190271897016 29
1747629118776 0.00104648482299256 30
1747629129189 0.0009216270572803174 31
1747629140218 0.0010307642535283682 32
1747629151462 0.0008903543945471649 33
1747629162015 0.0010403751007529002 34
1747629172342 0.0009277332909064902 35
1747629182705 0.0008988310399002565 36
1747629193097 0.0008818399965236354 37
1747629203718 0.0009509147969696658 38
1747629214534 0.0008164434031992038 39
1747629225389 0.0008856014171332071 40
1747629235858 0.0007950313173745238 41
1747629246391 0.0008623327300942735 42
1747629257218 0.0007990824878379467 43
1747629268382 0.0007533723567221023 44
1747629279636 0.0007987208221832643 45
1747629290287 0.0007979260822175282 46
1747629300953 0.0007563292619725339 47
1747629311963 0.0007323369453269775 48
1747629323217 0.0006810881589713365 49
