1747577569187 0.46658396176781547 0
1747577574967 0.0003012528619016363 1
1747577580587 0.0002978371391360496 2
1747577585832 0.000254729699806439 3
1747577591183 0.00032711473872164775 4
1747577596535 0.00017019892337306422 5
1747577602255 0.0001683516744723025 6
1747577607898 0.00019240947854661162 7
1747577613257 0.00016274716578183382 8
1747577618785 0.00017304501445671228 9
1747577624498 0.00012617216202700937 10
1747577630371 0.00014112400367493968 11
1747577636015 0.00012854166089088756 12
1747577641599 0.00012747124935911142 13
1747577646822 0.00012244017118096987 14
1747577652156 0.00011736579279811059 15
1747577657658 0.00013056379759097093 16
1747577663114 0.00010786447728320788 17
1747577668605 0.00010733981088935434 18
1747577674245 0.00010789807526200265 19
1747577679921 0.00010125273567764172 20
1747577685210 0.00011469361618423751 21
1747577690841 9.784563639006994e-05 22
1747577696612 9.56154190625159e-05 23
1747577702367 0.00010861683807035123 24
1747577708019 0.00010105691057523936 25
1747577713793 8.358757705243785e-05 26
1747577719512 9.436767424325328e-05 27
1747577725284 9.118280571699105e-05 28
1747577730802 8.789188552324359e-05 29
1747577736118 9.471731076615572e-05 30
1747577741479 9.093308554893353e-05 31
1747577747035 0.00010577877207241195 32
1747577752917 9.407219090859379e-05 33
1747577758674 8.196883887253417e-05 34
1747577764418 8.994605001207639e-05 35
1747577770249 8.054148875472899e-05 36
1747577776207 8.517330442600593e-05 37
1747577782158 8.122720582901654e-05 38
1747577787898 8.267359853995133e-05 39
1747577793206 7.896827803837258e-05 40
1747577798590 7.635088004405137e-05 41
1747577804252 7.675978694770442e-05 42
1747577810003 8.595740730936442e-05 43
1747577815648 6.786565812218014e-05 44
1747577821424 8.366648534218991e-05 45
1747577827028 7.109524997713148e-05 46
1747577832628 7.99933941910395e-05 47
1747577837778 7.032801595363408e-05 48
1747577842831 8.224978992685421e-05 49
