1743860358674 0.25829392671585083 0
1743860381912 0.23639468848705292 1
1743860404804 0.22589749097824097 2
1743860428052 0.21682795882225037 3
1743860451216 0.20958435535430908 4
1743860474407 0.20234602689743042 5
1743860497458 0.19476163387298584 6
1743860520580 0.1875937432050705 7
1743860543802 0.1797308623790741 8
1743860566951 0.17267951369285583 9
1743860589764 0.1659766435623169 10
1743860612737 0.15954667329788208 11
1743860635673 0.15424302220344543 12
1743860658731 0.1492679864168167 13
1743860681587 0.14498737454414368 14
1743860704540 0.14157603681087494 15
1743860727473 0.1384110003709793 16
1743860750362 0.13563020527362823 17
1743860773248 0.1336854249238968 18
1743860796462 0.13172879815101624 19
1743860819571 0.129811629652977 20
1743860842761 0.12864090502262115 21
1743860865524 0.1271829456090927 22
1743860888726 0.12576474249362946 23
1743860911849 0.12469763308763504 24
1743860934847 0.12347372621297836 25
1743860957884 0.12230373919010162 26
1743860981063 0.1215042844414711 27
1743861004210 0.12055964022874832 28
1743861027079 0.11995389312505722 29
1743861049841 0.11936226487159729 30
1743861072692 0.11801498383283615 31
1743861095351 0.11727118492126465 32
1743861118201 0.11674133688211441 33
1743861141187 0.11621308326721191 34
1743861164492 0.11538234353065491 35
1743861187653 0.11492421478033066 36
1743861210995 0.11424938589334488 37
1743861234325 0.11352621018886566 38
1743861257289 0.11297556012868881 39
1743861280243 0.11315695196390152 40
1743861303020 0.11226106435060501 41
1743861326133 0.11188708245754242 42
1743861349080 0.11127913743257523 43
1743861372104 0.1106986477971077 44
1743861395126 0.1100291907787323 45
1743861418291 0.10967396199703217 46
1743861441273 0.1093040406703949 47
1743861464114 0.10932942479848862 48
1743861487185 0.10876676440238953 49
