1747770615967 3332.9449498707777 0
1747770616130 999.9740264016637 1
1747770616298 497.46137904054143 2
1747770616461 276.3277736585832 3
1747770616624 153.54416101778946 4
1747770616792 102.13193577800119 5
1747770616977 69.74008601812476 6
1747770617140 38.97614749675516 7
1747770617308 16.569523946286843 8
1747770617473 9.401965130033185 9
1747770617644 7.860335826238161 10
1747770617820 7.070091445818158 11
1747770617991 6.432859391234211 12
1747770618174 5.919135607732941 13
1747770618410 5.4568095949842785 14
1747770618648 5.02306469033838 15
1747770618882 4.606730482143251 16
1747770619123 4.269201659071031 17
1747770619362 3.9286995093798596 18
1747770619519 3.7552308917577233 19
1747770619702 3.492008139546144 20
1747770619860 3.1654497811521707 21
1747770620016 2.8319325565035354 22
1747770620175 2.5965355396293064 23
1747770620342 2.3715308290595636 24
1747770620499 2.197899485784402 25
1747770620659 1.9791328150198133 26
1747770620818 1.7479566138254463 27
1747770620976 1.5895739426369164 28
1747770621136 1.3864927996364327 29
1747770621295 1.2350403931535183 30
1747770621456 1.161594306158157 31
1747770621618 1.0208856029220195 32
1747770621787 0.8802963382424193 33
1747770621954 0.7669339886341237 34
1747770622122 0.7229507488999538 35
1747770622287 0.5695025471419264 36
1747770622451 0.5022263940627049 37
1747770622618 0.46990143723435934 38
1747770622788 0.4388193833854878 39
1747770622964 0.4176095295690948 40
1747770623147 0.42103265919622584 41
1747770623392 0.38210179390352506 42
1747770623696 0.34979397687443525 43
1747770624028 0.3422572780105465 44
1747770624269 0.3386600439457458 45
1747770624519 0.3243120266358548 46
1747770624759 0.32228042428028 47
1747770625068 0.3270135080933519 48
1747770625366 0.310278820235751 49
