1743884762112 0.3404761740501561 0
1743884783995 0.25205896124697036 1
1743884805824 0.23287411882227876 2
1743884827656 0.22003273375325047 3
1743884849426 0.20962440798208798 4
1743884871402 0.2031361623455647 5
1743884893321 0.1992905585414394 6
1743884915128 0.19597434982574746 7
1743884937358 0.1930058020842601 8
1743884959460 0.1905065346960289 9
1743884981242 0.1879286072681234 10
1743885003120 0.1852318969855123 11
1743885025237 0.18272737434435185 12
1743885047267 0.18156082104933918 13
1743885069362 0.17812665620644064 14
1743885091076 0.176198017784755 15
1743885113034 0.1742554164422431 16
1743885134955 0.17222953699860363 17
1743885156841 0.1706017356598914 18
1743885178661 0.1689997815091349 19
1743885200067 0.16729364921282422 20
1743885221870 0.16570610104352965 21
1743885243736 0.1642231539897427 22
1743885265589 0.16287825785755725 23
1743885287463 0.1616760896655239 24
1743885309459 0.1605072207150842 25
1743885331541 0.15938031770998518 26
1743885353349 0.15958218607472974 27
1743885374967 0.15739153590052496 28
1743885396671 0.1562719991340335 29
1743885418618 0.16097787162774932 30
1743885440437 0.15477472854609753 31
1743885462258 0.15408642143409174 32
1743885483991 0.1529478554212728 33
1743885505934 0.15205697192902976 34
1743885528116 0.1512224066893884 35
1743885550002 0.15044822351291565 36
1743885571771 0.14987543339689038 37
1743885593860 0.14899607878810545 38
1743885615804 0.14804410070407362 39
1743885637602 0.14715667418125097 40
1743885659667 0.14640748493961617 41
1743885681579 0.1456073847548513 42
1743885703341 0.14499205072322874 43
1743885725351 0.1442304630976879 44
1743885747461 0.14363269054780828 45
1743885769661 0.14295381532204945 46
1743885791600 0.1425679151988344 47
1743885813388 0.153285275136658 48
1743885835039 0.14456740571140062 49
