1747771025841 802.2605465125195 0
1747771025971 446.25138224087766 1
1747771026111 333.52222007547783 2
1747771026252 192.0692813981955 3
1747771026392 143.5819041715099 4
1747771026536 115.93176839432375 5
1747771026677 65.35149762999175 6
1747771026823 30.92961766437775 7
1747771026966 21.117352876349212 8
1747771027111 16.380882751149375 9
1747771027254 13.675244526397 10
1747771027403 11.16532912464636 11
1747771027549 8.81348301611638 12
1747771027701 7.117926187945272 13
1747771027847 6.000869363051932 14
1747771027991 5.585118509726778 15
1747771028133 5.2438896362833 16
1747771028280 5.022142227996681 17
1747771028429 4.955475347859304 18
1747771028589 4.6744289391324765 19
1747771028742 4.298664973038411 20
1747771028892 4.097139394756643 21
1747771029043 3.9067911007277667 22
1747771029192 3.727580321267642 23
1747771029343 3.5026838401278284 24
1747771029492 3.167083701220961 25
1747771029670 2.9708345624295407 26
1747771029868 2.1602735695766904 27
1747771030062 1.635069167103817 28
1747771030260 1.1743333764216106 29
1747771030456 0.9411152940064499 30
1747771030659 0.8531508806224071 31
1747771030858 0.7732113314388147 32
1747771031062 0.7158642604489144 33
1747771031267 0.7644918390895323 34
1747771031468 0.6577858248567867 35
1747771031671 0.682831866479466 36
1747771031867 0.6866112292324943 37
1747771032057 0.6035639045356359 38
1747771032188 0.6487361150121191 39
1747771032324 0.6556074426594023 40
1747771032462 0.5031916017738617 41
1747771032604 0.4994748712743357 42
1747771032750 0.5489404920255284 43
1747771032919 0.5197530038493692 44
1747771033071 0.4651633405614269 45
1747771033218 0.4654685672812519 46
1747771033368 0.4845053454954124 47
1747771033517 0.5024032623137097 48
1747771033666 0.4276872093805336 49
