1747770708794 3.4221816062927246 0
1747770708984 2.0527443885803223 1
1747770709177 1.636161208152771 2
1747770709370 1.4202624559402466 3
1747770709562 1.2234424352645874 4
1747770709755 1.0765384435653687 5
1747770709944 0.9465373158454895 6
1747770710122 0.8478674292564392 7
1747770710245 0.72694331407547 8
1747770710380 0.6615623831748962 9
1747770710512 0.6137823462486267 10
1747770710648 0.56537264585495 11
1747770710784 0.5480130314826965 12
1747770710921 0.5716421008110046 13
1747770711063 0.5539180040359497 14
1747770711202 0.4803256690502167 15
1747770711341 0.4575318694114685 16
1747770711480 0.45436134934425354 17
1747770711619 0.47017377614974976 18
1747770711758 0.49054720997810364 19
1747770711896 0.49061155319213867 20
1747770712036 0.45702606439590454 21
1747770712181 0.43465089797973633 22
1747770712331 0.4204639494419098 23
1747770712472 0.4071362018585205 24
1747770712613 0.4799712002277374 25
1747770712756 0.5844995379447937 26
1747770712895 0.5939740538597107 27
1747770713037 0.424336314201355 28
1747770713184 0.3717317581176758 29
1747770713328 0.38385188579559326 30
1747770713471 0.38989582657814026 31
1747770713611 0.35295167565345764 32
1747770713752 0.402249276638031 33
1747770713934 0.4128074645996094 34
1747770714132 0.3507339358329773 35
1747770714324 0.36123356223106384 36
1747770714519 0.34477338194847107 37
1747770714718 0.35812777280807495 38
1747770714921 0.43185973167419434 39
1747770715130 0.4633524715900421 40
1747770715327 0.417668879032135 41
1747770715536 0.40427955985069275 42
1747770715747 0.418888121843338 43
1747770715949 0.3548567593097687 44
1747770716152 0.33993154764175415 45
1747770716339 0.33827605843544006 46
1747770716478 0.38363805413246155 47
1747770716622 0.40127038955688477 48
1747770716768 0.42086535692214966 49
