1747770708796 22.23465892655218 0
1747770708986 8.174290737611793 1
1747770709179 5.8548246133829 2
1747770709372 4.604452254701933 3
1747770709563 3.5436484278848455 4
1747770709756 2.7301299479509664 5
1747770709946 1.976005882209225 6
1747770710123 1.4620712168072978 7
1747770710246 1.0297224843699218 8
1747770710381 0.7971152388040361 9
1747770710513 0.6822173845651464 10
1747770710649 0.5732843886476233 11
1747770710786 0.5465522729248947 12
1747770710922 0.5601032524600295 13
1747770711064 0.5352668634120723 14
1747770711203 0.4053796843657067 15
1747770711342 0.36615630378244163 16
1747770711482 0.3624633058176651 17
1747770711620 0.382193863372071 18
1747770711759 0.41370813443024357 19
1747770711898 0.40830731256294567 20
1747770712037 0.37332331101944455 21
1747770712182 0.3296352000506838 22
1747770712333 0.30779062824483716 23
1747770712474 0.29110454555300513 24
1747770712614 0.4071938636297304 25
1747770712757 0.5959849659519146 26
1747770712896 0.619725789236046 27
1747770713038 0.31909100780589483 28
1747770713186 0.24968856781179677 29
1747770713330 0.2610584257587089 30
1747770713472 0.2632432857204343 31
1747770713612 0.22404437491735266 32
1747770713754 0.28608040123256384 33
1747770713935 0.301879462181863 34
1747770714134 0.2234887159914523 35
1747770714326 0.22635127243479966 36
1747770714520 0.2127226042613732 37
1747770714720 0.22589846651466128 38
1747770714922 0.32202274440541734 39
1747770715131 0.37160594437424865 40
1747770715329 0.3127027279384645 41
1747770715538 0.28806141344722064 42
1747770715749 0.3056057659501493 43
1747770715950 0.22466774903876402 44
1747770716153 0.21097649142856173 45
1747770716340 0.21460421979985814 46
1747770716479 0.2681985473674325 47
1747770716623 0.2987118394790112 48
1747770716769 0.3182373694505238 49
