1743962615785 0.8596833348274231 0
1743962694735 0.9502666592597961 1
1743962781025 0.9621666669845581 2
1743962853224 0.9695166945457458 3
1743962937610 0.9731166958808899 4
1743963012143 0.9764666557312012 5
1743963099145 0.977733314037323 6
1743963181937 0.9816499948501587 7
1743963261049 0.9825500249862671 8
1743963339635 0.9840999841690063 9
1743963438827 0.9851833581924438 10
1743963520074 0.9871000051498413 11
1743963593771 0.9873999953269958 12
1743963676977 0.9885666370391846 13
1743963760311 0.988349974155426 14
1743963833718 0.9892333149909973 15
1743963916615 0.9895833134651184 16
1743963992803 0.9905666708946228 17
1743964080172 0.990933358669281 18
1743964159401 0.9914166927337646 19
1743964237599 0.9921666383743286 20
1743964322802 0.9916499853134155 21
1743964402234 0.9926999807357788 22
1743964486696 0.9918166399002075 23
1743964572545 0.9919000267982483 24
1743964643586 0.9932666420936584 25
1743964732575 0.9940333366394043 26
1743964808654 0.9933500289916992 27
1743964892133 0.9929999709129333 28
1743964969543 0.9955166578292847 29
1743965005444 0.9936000108718872 30
1743965030412 0.9951500296592712 31
1743965055369 0.9939500093460083 32
1743965093475 0.994183361530304 33
1743965167051 0.9955999851226807 34
1743965252122 0.9945166707038879 35
1743965331542 0.9951500296592712 36
1743965413634 0.9948333501815796 37
1743965493632 0.9954000115394592 38
1743965571543 0.9953833222389221 39
1743965657331 0.9965333342552185 40
1743965728501 0.9955999851226807 41
1743965809607 0.9955333471298218 42
1743965885126 0.9947666525840759 43
1743965974558 0.9957833290100098 44
1743966047170 0.996066689491272 45
1743966130669 0.9960166811943054 46
1743966213000 0.9950666427612305 47
1743966288403 0.9953833222389221 48
1743966371665 0.9962000250816345 49
