1743962615787 0.44086314430876794 0
1743962694737 0.1654613928896121 1
1743962781027 0.12457932115704314 2
1743962853226 0.10331488620248915 3
1743962937611 0.08917506390302112 4
1743963012145 0.07689782087518425 5
1743963099146 0.07250840377762903 6
1743963181938 0.059663602993499626 7
1743963261051 0.05601431714663403 8
1743963339636 0.05224763512560563 9
1743963438829 0.04782070678834862 10
1743963520076 0.04192124207881095 11
1743963593773 0.04057524735198258 12
1743963676979 0.03773752888689513 13
1743963760312 0.03732314887335673 14
1743963833720 0.03390802150335199 15
1743963916617 0.03303386476458747 16
1743963992804 0.029907773489111424 17
1743964080174 0.028227799125280787 18
1743964159403 0.027756754875382837 19
1743964237600 0.026723276499410333 20
1743964322803 0.02634236345901765 21
1743964402236 0.023097645642633714 22
1743964486697 0.025434008574904438 23
1743964572546 0.025380384582781964 24
1743964643588 0.022749932084412065 25
1743964732576 0.020159639726280064 26
1743964808656 0.022789548545633764 27
1743964892134 0.024235188161323116 28
1743964969544 0.013619561309584593 29
1743965005446 0.0225472043496803 30
1743965030414 0.016487691270070645 31
1743965055370 0.020310400033625383 32
1743965093476 0.02035735539932898 33
1743965167053 0.014231002786234131 34
1743965252124 0.01857154911904643 35
1743965331544 0.015682805693660342 36
1743965413636 0.017358797724177952 37
1743965493634 0.014606130474382332 38
1743965571545 0.01603596272891947 39
1743965657333 0.012381361959343406 40
1743965728502 0.014969004722646976 41
1743965809609 0.015554925165106493 42
1743965885128 0.018011452400167476 43
1743965974559 0.013949922994219729 44
1743966047171 0.014521122137939635 45
1743966130671 0.01377251818906265 46
1743966213002 0.01724355176563526 47
1743966288405 0.016806305212755883 48
1743966371667 0.01483527341280608 49
