1747770467706 4631.759503430896 0
1747770467895 4569.287560129318 1
1747770468129 4477.847708548591 2
1747770468364 4251.831890536193 3
1747770468586 3870.7891187723594 4
1747770468810 3551.3386973110305 5
1747770469034 2985.377761115805 6
1747770469258 2072.359120015957 7
1747770469484 1451.3100777364386 8
1747770469707 1126.4163258474978 9
1747770469933 995.2864991938368 10
1747770470164 956.152352241964 11
1747770470349 945.6586881738933 12
1747770470501 942.9881219383223 13
1747770470656 941.8466552399543 14
1747770470809 936.1110105592296 15
1747770470970 935.0296932688005 16
1747770471127 929.2479134581855 17
1747770471288 927.3352676339625 18
1747770471451 928.91964835633 19
1747770471615 919.8394384476478 20
1747770471774 916.3656695437159 21
1747770471933 917.6245588166333 22
1747770472096 912.7835714820961 23
1747770472259 910.5250461005008 24
1747770472419 901.0320876731882 25
1747770472577 895.4713327392539 26
1747770472739 887.7131184330791 27
1747770472901 883.8819758416395 28
1747770473061 868.2362565700588 29
1747770473227 853.1194597076905 30
1747770473389 831.9414769490425 31
1747770473555 806.4609519636272 32
1747770473721 772.6355964875073 33
1747770473889 733.7178488518764 34
1747770474075 701.8376399956708 35
1747770474305 672.9047639315602 36
1747770474534 650.6795699984789 37
1747770474761 632.4330804718954 38
1747770474989 623.1032760980082 39
1747770475218 609.2510194860896 40
1747770475369 598.0295547710967 41
1747770475511 584.9515368995114 42
1747770475659 567.4062380334168 43
1747770475810 548.1379807870878 44
1747770475962 513.0050485138972 45
1747770476113 419.0051462970704 46
1747770476265 395.3431252485079 47
1747770476418 385.5553407447277 48
1747770476568 380.4112880678453 49
