1747771283885 0.7685936738940838 0
1747771284205 0.25895962578414705 1
1747771284467 0.18343404370820784 2
1747771284771 0.15105360083695468 3
1747771285022 0.14001382844274918 4
1747771285322 0.15967555661442326 5
1747771285580 0.17479542744542473 6
1747771285895 0.12341546467036393 7
1747771286165 0.12284886710025779 8
1747771286481 0.16349286846210034 9
1747771286752 0.18690786878322446 10
1747771287147 0.15116947917630136 11
1747771287493 0.09830069713319697 12
1747771287809 0.10527623274571106 13
1747771288172 0.10855581567212094 14
1747771288517 0.10681655919647932 15
1747771288817 0.08055215339296674 16
1747771289195 0.09185455815666392 17
1747771289486 0.08141116322696047 18
1747771289804 0.08879566741784582 19
1747771290076 0.11812845194930534 20
1747771290396 0.09912756669680026 21
1747771290665 0.10297166835242207 22
1747771290982 0.11250041515094882 23
1747771291251 0.10413573013461323 24
1747771291557 0.12605897404588268 25
1747771291811 0.07960552437252393 26
1747771292123 0.08373005066534521 27
1747771292381 0.07054158447457179 28
1747771292674 0.06599125244392916 29
1747771293214 0.07322917813813153 30
1747771293571 0.07005210052980006 31
1747771293885 0.06542106607715803 32
1747771294252 0.09344861562689086 33
1747771294603 0.09031087930272387 34
1747771294919 0.08171207444117885 35
1747771295286 0.06787005474167938 36
1747771295604 0.1470888659073375 37
1747771295815 0.10567210096522568 38
1747771296116 0.09442011072357517 39
1747771296380 0.07138127910882992 40
1747771296693 0.08098956871655376 41
1747771296958 0.06636799212201112 42
1747771297272 0.07413422224903769 43
1747771297539 0.0715948519356032 44
1747771297854 0.06641641947677324 45
1747771298107 0.07121491870375268 46
1747771298404 0.05207845879320488 47
1747771298668 0.05151591996842532 48
1747771298984 0.06386534347826248 49
