1747771067279 3.1833060255244923 0
1747771067665 2.0937402647886385 1
1747771067980 1.5949516494556726 2
1747771068343 1.0301844381183403 3
1747771068696 0.7387448701673814 4
1747771069054 0.547649536992586 5
1747771069394 0.3121281909102551 6
1747771069613 0.23017549205659743 7
1747771069884 0.19822128992849483 8
1747771070160 0.19034919303220915 9
1747771070450 0.18732317641400562 10
1747771070769 0.1479842968698921 11
1747771071011 0.15691463102723996 12
1747771071291 0.13560823320308807 13
1747771071611 0.13154554848384362 14
1747771071841 0.12744008149049782 15
1747771072121 0.12997229267441343 16
1747771072424 0.10620975856085417 17
1747771072731 0.10868744386282221 18
1747771072977 0.11746860980588955 19
1747771073323 0.10720059532890817 20
1747771073646 0.09441266496248976 21
1747771074008 0.09615911932928194 22
1747771074349 0.12120431747607419 23
1747771074719 0.102918357599359 24
1747771075122 0.17899612051268549 25
1747771075446 0.13401417320701065 26
1747771075729 0.11933876605987204 27
1747771076031 0.0921951508763169 28
1747771076345 0.09034603553554159 29
1747771076571 0.09027799631391235 30
1747771076851 0.09422056819220782 31
1747771077168 0.08828356470692258 32
1747771077395 0.09125103080311628 33
1747771077679 0.09162884397342151 34
1747771077998 0.0835601101318877 35
1747771078296 0.07506119674377824 36
1747771078549 0.09182524534235205 37
1747771078817 0.09007286608818298 38
1747771079121 0.08772027520201443 39
1747771079440 0.07728521337004582 40
1747771079913 0.0794536091828747 41
1747771080338 0.07865164191382001 42
1747771080728 0.0899997166056771 43
1747771081082 0.07085408685283827 44
1747771081451 0.09571666725185056 45
1747771081779 0.10378169497420413 46
1747771082039 0.09817830961736607 47
1747771082337 0.0729148086481066 48
1747771082589 0.07832302229940473 49
