1747770693005 298.0471137033848 0
1747770693161 61.099073093653274 1
1747770693294 13.45718722756973 2
1747770693428 7.803200131959691 3
1747770693564 5.774981487836382 4
1747770693685 4.697601059834059 5
1747770693816 3.7732981374421444 6
1747770693959 3.0161306938746493 7
1747770694095 2.2502832945543476 8
1747770694238 1.5140745739856456 9
1747770694375 1.0088346796574073 10
1747770694508 0.7736747611362285 11
1747770694641 0.6283032334878441 12
1747770694777 0.5089769887471485 13
1747770694911 0.4796420266390508 14
1747770695042 0.416187459656841 15
1747770695182 0.38746048524101045 16
1747770695361 0.3326627919542134 17
1747770695539 0.3422958790995314 18
1747770695720 0.3008562247018186 19
1747770695901 0.2817542301727565 20
1747770696083 0.29067105563032936 21
1747770696272 0.2917782087892273 22
1747770696455 0.25975564510897453 23
1747770696640 0.29385800605491674 24
1747770696832 0.2779929823492087 25
1747770697014 0.2428887733523093 26
1747770697198 0.22110788831623454 27
1747770697385 0.2532801579323018 28
1747770697570 0.25605108023854484 29
1747770697729 0.28011278645860255 30
1747770697849 0.2962713816337343 31
1747770697975 0.22683838126360265 32
1747770698101 0.1929538951845867 33
1747770698239 0.20136006757546063 34
1747770698395 0.27551668181661476 35
1747770698539 0.2223441547231501 36
1747770698675 0.35174590125525373 37
1747770698809 0.24573228869365926 38
1747770698942 0.20524243780739987 39
1747770699073 0.1822151362716145 40
1747770699204 0.2436148513640335 41
1747770699336 0.18592022463499217 42
1747770699471 0.19912751148882965 43
1747770699602 0.17339962069162027 44
1747770699739 0.3511972588239373 45
1747770699870 0.2691550657163821 46
1747770700002 0.17182117352057563 47
1747770700136 0.16762706919743514 48
1747770700270 0.16238704940221765 49
