1743746597947 0.6026944127426117 0
1743746619451 0.2656940745840601 1
1743746640952 0.2550005983431659 2
1743746662665 0.2396193441230738 3
1743746684162 0.23394998831886418 4
1743746705673 0.2286499152626056 5
1743746727279 0.22359814812811676 6
1743746748994 0.21849234479713253 7
1743746770941 0.21403651188918532 8
1743746792846 0.21025524468757867 9
1743746814874 0.2074767572354902 10
1743746836852 0.2049561327339722 11
1743746858997 0.20276478772360662 12
1743746881049 0.2010996542878723 13
1743746902728 0.19930342307372761 14
1743746924542 0.19952046559909717 15
1743746946217 0.19739629958275276 16
1743746967920 0.19606504544342715 17
1743746989425 0.19516875497750483 18
1743747010914 0.19431539202988732 19
1743747032471 0.19353453178307434 20
1743747053909 0.19278071165385854 21
1743747075331 0.19201031598729296 22
1743747096981 0.1914335131745067 23
1743747118304 0.1911326286361777 24
1743747139964 0.19078773172429034 25
1743747161716 0.1898973019824008 26
1743747183193 0.18924312557002615 27
1743747204687 0.18894097155321993 28
1743747226423 0.18858872006470204 29
1743747248009 0.18792240003929844 30
1743747269567 0.1880091650665376 31
1743747291249 0.1871877868040894 32
1743747312841 0.18733735961834302 33
1743747334486 0.18669067258750335 34
1743747356206 0.18610961880783963 35
1743747377880 0.18572939520818282 36
1743747399560 0.18560419731199743 37
1743747421006 0.18502440807075923 38
1743747442371 0.18493121976010124 39
1743747463980 0.1844010716567053 40
1743747485596 0.1842467000430621 41
1743747507061 0.18389694110614363 42
1743747528464 0.18355712359413606 43
1743747550018 0.18354487636536923 44
1743747571550 0.18312627416851704 45
1743747593266 0.18280522175312489 46
1743747614987 0.1841874005775471 47
1743747636690 0.18235349557015038 48
1743747658214 0.18207669125433767 49
