1743746597946 0.6984332203865051 0
1743746619450 0.3331975042819977 1
1743746640951 0.31251412630081177 2
1743746662664 0.2944638729095459 3
1743746684161 0.28760847449302673 4
1743746705672 0.2818319797515869 5
1743746727278 0.2763194441795349 6
1743746748993 0.2706637680530548 7
1743746770940 0.2650253474712372 8
1743746792845 0.2606883645057678 9
1743746814874 0.25740137696266174 10
1743746836851 0.25500035285949707 11
1743746858996 0.2527892291545868 12
1743746881048 0.25079649686813354 13
1743746902727 0.24908600747585297 14
1743746924541 0.24759644269943237 15
1743746946216 0.24684883654117584 16
1743746967919 0.2462773621082306 17
1743746989424 0.24533605575561523 18
1743747010913 0.2443898320198059 19
1743747032470 0.24367085099220276 20
1743747053908 0.24290770292282104 21
1743747075330 0.2421044260263443 22
1743747096980 0.24152857065200806 23
1743747118303 0.2409045547246933 24
1743747139963 0.24018600583076477 25
1743747161715 0.23980894684791565 26
1743747183192 0.23925286531448364 27
1743747204687 0.23882123827934265 28
1743747226422 0.2382214516401291 29
1743747248008 0.23777487874031067 30
1743747269566 0.23734566569328308 31
1743747291248 0.23685285449028015 32
1743747312840 0.23652929067611694 33
1743747334485 0.23602986335754395 34
1743747356205 0.23562850058078766 35
1743747377879 0.23540979623794556 36
1743747399559 0.23501428961753845 37
1743747421005 0.23462234437465668 38
1743747442370 0.2343190759420395 39
1743747463979 0.23386725783348083 40
1743747485595 0.2336045503616333 41
1743747507060 0.23329627513885498 42
1743747528463 0.23302285373210907 43
1743747550017 0.2326965630054474 44
1743747571549 0.23241810500621796 45
1743747593265 0.2321958988904953 46
1743747614986 0.2317231297492981 47
1743747636689 0.2315739393234253 48
1743747658213 0.23134417831897736 49
