1747579000704 0.011159281246364117 0
1747579006265 0.008518601767718792 1
1747579011671 0.007816721685230732 2
1747579017397 0.007394728250801563 3
1747579022731 0.006949475966393948 4
1747579028538 0.0068532186560332775 5
1747579034233 0.006396363954991102 6
1747579039998 0.006326598115265369 7
1747579045956 0.006050566211342812 8
1747579051926 0.005686753895133734 9
1747579057561 0.0056953830644488335 10
1747579063188 0.005643494427204132 11
1747579068788 0.005407377146184444 12
1747579074081 0.005404674913734198 13
1747579079652 0.005131024867296219 14
1747579085319 0.00510262930765748 15
1747579091036 0.005130935460329056 16
1747579096724 0.0049104937352240086 17
1747579102453 0.004862590227276087 18
1747579108090 0.004812408238649368 19
1747579113906 0.004675108473747969 20
1747579119406 0.004720878321677446 21
1747579125009 0.004404904320836067 22
1747579130626 0.004406945314258337 23
1747579136457 0.0043436153791844845 24
1747579142213 0.004208634607493877 25
1747579147970 0.004242569673806429 26
1747579153859 0.0043443338945508 27
1747579159677 0.004106482025235891 28
1747579165350 0.004199175164103508 29
1747579170947 0.003969601355493069 30
1747579176286 0.004069281741976738 31
1747579181895 0.003763437969610095 32
1747579187591 0.0038837026804685593 33
1747579193093 0.0038016110192984343 34
1747579198682 0.0038349272217601538 35
1747579204494 0.0037845661863684654 36
1747579210475 0.0037403057795017958 37
1747579216384 0.0037315301597118378 38
1747579222317 0.0036155942361801863 39
1747579228032 0.0035652932710945606 40
1747579233274 0.003591869492083788 41
1747579238200 0.003602087264880538 42
1747579243771 0.003470429452136159 43
1747579249293 0.0035813977010548115 44
1747579255049 0.003454129211604595 45
1747579260639 0.003361863549798727 46
1747579266406 0.003482977394014597 47
1747579272248 0.0033911308273673058 48
1747579277933 0.0032997296657413244 49
