1747608307461 0.13052807590780516 0
1747608317193 0.11515689213252511 1
1747608326657 0.10816838971914948 2
1747608336582 0.07773651948340263 3
1747608345686 0.06473170600296323 4
1747608355000 0.06216534583330996 5
1747608364222 0.06021847334880557 6
1747608373434 0.05812308466751819 7
1747608383100 0.05681199018885132 8
1747608392420 0.055934549609713335 9
1747608402102 0.055105287493912664 10
1747608410675 0.05441996076806017 11
1747608420326 0.054201495071096305 12
1747608429395 0.05401772588203772 13
1747608438992 0.05380986126770569 14
1747608448016 0.053700376582495914 15
1747608456878 0.05357926444794125 16
1747608466801 0.05345694761029706 17
1747608475850 0.05328315367919556 18
1747608485058 0.05308682825520181 19
1747608494001 0.052809814753424694 20
1747608503054 0.052752979509975206 21
1747608512294 0.0525159059279272 22
1747608521527 0.05252365156477751 23
1747608530569 0.052329793947243256 24
1747608539598 0.05229599536788959 25
1747608549517 0.05228970225546736 26
1747608557909 0.05216532842392076 27
1747608567842 0.05214222653453716 28
1747608577388 0.052140821646638774 29
1747608586687 0.05204296529402663 30
1747608596184 0.051998751415738946 31
1747608605094 0.05200193564471939 32
1747608615093 0.05193455942200691 33
1747608623955 0.0519081013549337 34
1747608633682 0.05185529475707533 35
1747608642529 0.051822428631589625 36
1747608651965 0.051803751649944926 37
1747608661221 0.05175988934387872 38
1747608670171 0.05174272253418822 39
1747608679846 0.05171323076177004 40
1747608688677 0.05166333671848982 41
1747608697572 0.05163737519306525 42
1747608706252 0.05162779437550187 43
1747608715989 0.05161349617425542 44
1747608725457 0.05160100002926023 45
1747608735276 0.05156418521228778 46
1747608744721 0.05154520341680002 47
1747608754801 0.05149043294549702 48
1747608763822 0.05145954594509428 49
