1747608307460 0.1449919044971466 0
1747608317192 0.13681979477405548 1
1747608326656 0.13339011371135712 2
1747608336581 0.12147171795368195 3
1747608345685 0.11602772027254105 4
1747608354999 0.11542241275310516 5
1747608364221 0.11321849375963211 6
1747608373433 0.10905087739229202 7
1747608383099 0.10612556338310242 8
1747608392419 0.10424502193927765 9
1747608402101 0.1016189381480217 10
1747608410674 0.10026035457849503 11
1747608420325 0.09957772493362427 12
1747608429394 0.09985142946243286 13
1747608438991 0.09997807443141937 14
1747608448014 0.09972023963928223 15
1747608456877 0.09959641098976135 16
1747608466800 0.09988950937986374 17
1747608475848 0.09956429153680801 18
1747608485058 0.0999455526471138 19
1747608494000 0.10000649094581604 20
1747608503053 0.09976038336753845 21
1747608512293 0.09912863373756409 22
1747608521526 0.09938517212867737 23
1747608530568 0.09893884509801865 24
1747608539597 0.0987166315317154 25
1747608549516 0.09874412417411804 26
1747608557908 0.09850695729255676 27
1747608567841 0.09826353937387466 28
1747608577387 0.09850665181875229 29
1747608586686 0.0981263592839241 30
1747608596183 0.09801552444696426 31
1747608605093 0.0979323461651802 32
1747608615092 0.09769643098115921 33
1747608623953 0.09793878346681595 34
1747608633681 0.09776268154382706 35
1747608642527 0.09767480194568634 36
1747608651964 0.09787900000810623 37
1747608661219 0.09758977591991425 38
1747608670170 0.09771401435136795 39
1747608679845 0.09754512459039688 40
1747608688676 0.09762273728847504 41
1747608697571 0.09758629649877548 42
1747608706252 0.09773193299770355 43
1747608715987 0.09767305850982666 44
1747608725456 0.09786433726549149 45
1747608735274 0.09796775877475739 46
1747608744720 0.09775208681821823 47
1747608754800 0.09804387390613556 48
1747608763822 0.09803228080272675 49
