1747770685572 2542.794551568432 0
1747770685711 635.0876911672228 1
1747770685835 177.24021586987323 2
1747770685956 71.9924614130655 3
1747770686075 34.0784692779398 4
1747770686197 12.418258304301748 5
1747770686324 8.18007496773135 6
1747770686452 6.526923032752031 7
1747770686581 5.684021786202811 8
1747770686711 4.829706200360228 9
1747770686840 4.206585440092537 10
1747770686970 3.6215348820291937 11
1747770687102 3.173363288936494 12
1747770687233 2.753339027756192 13
1747770687367 2.4460918439629395 14
1747770687496 1.9969177385677974 15
1747770687627 1.5695795645537667 16
1747770687759 1.2864372380727593 17
1747770687890 1.0006771375115016 18
1747770688025 0.7126615531797944 19
1747770688161 0.596026959065768 20
1747770688322 0.5025249728488309 21
1747770688452 0.45164918410105426 22
1747770688589 0.403604241139885 23
1747770688720 0.38996702129276856 24
1747770688858 0.37096893267633907 25
1747770688999 0.3567359899689372 26
1747770689185 0.35827195466840384 27
1747770689365 0.3410472935900742 28
1747770689551 0.31929410354271553 29
1747770689728 0.32915145635775306 30
1747770689914 0.3100455589547004 31
1747770690090 0.3063963489217558 32
1747770690266 0.2784781607251943 33
1747770690445 0.2789936361268969 34
1747770690623 0.2568084676793214 35
1747770690802 0.24062335222084716 36
1747770690982 0.24304697981696696 37
1747770691164 0.2361233856722152 38
1747770691348 0.2333880224524021 39
1747770691504 0.2391495131317251 40
1747770691622 0.2495221018664664 41
1747770691745 0.22216027916616526 42
1747770691873 0.2408056458985972 43
1747770692003 0.21887719429731087 44
1747770692131 0.21218253377230756 45
1747770692266 0.21468547677189645 46
1747770692398 0.2064034630198191 47
1747770692534 0.19970883931153352 48
1747770692669 0.21040972567009106 49
