1747770320217 37.57958221435547 0
1747770320421 20.948856353759766 1
1747770320615 14.879232406616211 2
1747770320809 10.079623222351074 3
1747770321008 7.194926738739014 4
1747770321202 5.270571708679199 5
1747770321396 4.049488067626953 6
1747770321599 3.2698581218719482 7
1747770321794 2.742072343826294 8
1747770321998 2.3607983589172363 9
1747770322196 2.095449447631836 10
1747770322393 1.899751901626587 11
1747770322525 1.768209457397461 12
1747770322665 1.6704601049423218 13
1747770322803 1.5748156309127808 14
1747770322942 1.4934004545211792 15
1747770323080 1.4037494659423828 16
1747770323222 1.3250842094421387 17
1747770323367 1.2511638402938843 18
1747770323510 1.1811630725860596 19
1747770323652 1.1198673248291016 20
1747770323796 1.0417063236236572 21
1747770323937 0.9817697405815125 22
1747770324084 0.9409454464912415 23
1747770324228 0.8982770442962646 24
1747770324374 0.8652217984199524 25
1747770324521 0.8312265872955322 26
1747770324661 0.8079589009284973 27
1747770324806 0.7928146719932556 28
1747770324949 0.7658621668815613 29
1747770325092 0.7438474297523499 30
1747770325243 0.7221651673316956 31
1747770325384 0.7032309770584106 32
1747770325530 0.6888064742088318 33
1747770325675 0.6718317270278931 34
1747770325820 0.6510380506515503 35
1747770325971 0.6366332769393921 36
1747770326113 0.6281524896621704 37
1747770326304 0.6098143458366394 38
1747770326499 0.6010394096374512 39
1747770326701 0.5896061658859253 40
1747770326897 0.5760170817375183 41
1747770327093 0.5656911134719849 42
1747770327294 0.5566595792770386 43
1747770327489 0.5501525402069092 44
1747770327685 0.5381622910499573 45
1747770327888 0.5325936675071716 46
1747770328088 0.520986020565033 47
1747770328292 0.5184138417243958 48
1747770328489 0.504621148109436 49
