1747770232572 nan 0
1747770232789 nan 1
1747770232980 nan 2
1747770233115 nan 3
1747770233263 nan 4
1747770233419 nan 5
1747770233577 nan 6
1747770233737 nan 7
1747770233896 nan 8
1747770234054 nan 9
1747770234214 nan 10
1747770234372 nan 11
1747770234533 nan 12
1747770234696 nan 13
1747770234860 nan 14
1747770235019 nan 15
1747770235180 nan 16
1747770235344 nan 17
1747770235498 nan 18
1747770235650 nan 19
1747770235808 nan 20
1747770235961 nan 21
1747770236113 nan 22
1747770236266 nan 23
1747770236434 nan 24
1747770236587 nan 25
1747770236776 nan 26
1747770236997 nan 27
1747770237220 nan 28
1747770237440 nan 29
1747770237665 nan 30
1747770237886 nan 31
1747770238109 nan 32
1747770238332 nan 33
1747770238550 nan 34
1747770238773 nan 35
1747770239022 nan 36
1747770239213 nan 37
1747770239367 nan 38
1747770239523 nan 39
1747770239685 nan 40
1747770239847 nan 41
1747770240009 nan 42
1747770240168 nan 43
1747770240331 nan 44
1747770240493 nan 45
1747770240655 nan 46
1747770240816 nan 47
1747770240979 nan 48
1747770241140 nan 49
