1747770232570 nan 0
1747770232787 nan 1
1747770232979 nan 2
1747770233113 nan 3
1747770233261 nan 4
1747770233418 nan 5
1747770233575 nan 6
1747770233736 nan 7
1747770233895 nan 8
1747770234053 nan 9
1747770234212 nan 10
1747770234371 nan 11
1747770234532 nan 12
1747770234695 nan 13
1747770234858 nan 14
1747770235018 nan 15
1747770235179 nan 16
1747770235343 nan 17
1747770235497 nan 18
1747770235649 nan 19
1747770235806 nan 20
1747770235960 nan 21
1747770236112 nan 22
1747770236265 nan 23
1747770236433 nan 24
1747770236586 nan 25
1747770236775 nan 26
1747770236996 nan 27
1747770237218 nan 28
1747770237438 nan 29
1747770237663 nan 30
1747770237885 nan 31
1747770238107 nan 32
1747770238331 nan 33
1747770238548 nan 34
1747770238771 nan 35
1747770239020 nan 36
1747770239212 nan 37
1747770239366 nan 38
1747770239522 nan 39
1747770239684 nan 40
1747770239846 nan 41
1747770240008 nan 42
1747770240167 nan 43
1747770240329 nan 44
1747770240492 nan 45
1747770240654 nan 46
1747770240815 nan 47
1747770240978 nan 48
1747770241139 nan 49
