1743890741801 0.261317287668483 0
1743890764249 0.19531437273023222 1
1743890786711 0.17690130927075515 2
1743890809113 0.16308996047604157 3
1743890831725 0.15028626905045206 4
1743890854533 0.1379448763232126 5
1743890877052 0.12727707069929664 6
1743890899886 0.11776456179624925 7
1743890922719 0.11008283806994502 8
1743890945456 0.10367588666649442 9
1743890968312 0.09879044200961021 10
1743890991284 0.09459380071250857 11
1743891014256 0.09136463587878621 12
1743891037238 0.08879579369801238 13
1743891059933 0.08654124989904452 14
1743891082678 0.08466902237152157 15
1743891105569 0.08303439342068165 16
1743891128345 0.08122961484339399 17
1743891151081 0.08007372187726267 18
1743891173652 0.0788508720942206 19
1743891196223 0.07746083868445994 20
1743891218990 0.07632346600818189 21
1743891241738 0.0752370276053566 22
1743891264415 0.0744562457267777 23
1743891287390 0.07331956753960489 24
1743891310301 0.07270669859511997 25
1743891333453 0.07171139668318459 26
1743891356530 0.07098609690049539 27
1743891379281 0.07074740313396662 28
1743891401930 0.07018879986216722 29
1743891424908 0.06911886573294403 30
1743891447451 0.06857074444191698 31
1743891469966 0.06812921265415912 32
1743891492841 0.06744630265326168 33
1743891515746 0.06712587951666418 34
1743891538600 0.0665067871270089 35
1743891561343 0.06603495758431692 36
1743891584123 0.06566868247689031 37
1743891606955 0.06510831391949518 38
1743891629707 0.06462735736685375 39
1743891652535 0.06453379932533981 40
1743891675272 0.06422846813887008 41
1743891697977 0.06387027911346303 42
1743891720894 0.06350324082763463 43
1743891743864 0.06315489738856997 44
1743891766732 0.06282048003572537 45
1743891789634 0.06281617571931139 46
1743891812463 0.06236080301199532 47
1743891835388 0.06223494358376964 48
1743891858201 0.06213686026545894 49
