1743890741799 0.311549574136734 0
1743890764248 0.24862349033355713 1
1743890786710 0.23240382969379425 2
1743890809111 0.22098129987716675 3
1743890831724 0.21086277067661285 4
1743890854532 0.20052354037761688 5
1743890877051 0.19160091876983643 6
1743890899885 0.18372167646884918 7
1743890922718 0.17700323462486267 8
1743890945454 0.17137905955314636 9
1743890968311 0.1670365184545517 10
1743890991283 0.16298772394657135 11
1743891014255 0.1599326878786087 12
1743891037237 0.1576646864414215 13
1743891059931 0.15520133078098297 14
1743891082677 0.15344832837581635 15
1743891105568 0.15167663991451263 16
1743891128344 0.1497241109609604 17
1743891151080 0.14872011542320251 18
1743891173651 0.1476292461156845 19
1743891196222 0.14606229960918427 20
1743891218989 0.14486892521381378 21
1743891241737 0.14365075528621674 22
1743891264414 0.14317186176776886 23
1743891287389 0.14162930846214294 24
1743891310300 0.14127732813358307 25
1743891333452 0.13995863497257233 26
1743891356529 0.139134481549263 27
1743891379280 0.13936901092529297 28
1743891401929 0.13871002197265625 29
1743891424907 0.13736598193645477 30
1743891447450 0.1367078274488449 31
1743891469965 0.1362895667552948 32
1743891492840 0.13544178009033203 33
1743891515744 0.13544605672359467 34
1743891538598 0.1345359832048416 35
1743891561342 0.13404637575149536 36
1743891584122 0.133635476231575 37
1743891606954 0.13290902972221375 38
1743891629706 0.13235671818256378 39
1743891652534 0.13238675892353058 40
1743891675271 0.13212993741035461 41
1743891697976 0.1317567229270935 42
1743891720893 0.13125967979431152 43
1743891743863 0.13085074722766876 44
1743891766731 0.13050007820129395 45
1743891789632 0.13053537905216217 46
1743891812462 0.12980696558952332 47
1743891835387 0.1298002302646637 48
1743891858200 0.12972670793533325 49
