1747594507398 1.2512710094451904 0
1747594514937 0.7149907946586609 1
1747594522220 0.6358851790428162 2
1747594529517 0.5733782052993774 3
1747594536819 0.47283557057380676 4
1747594544177 0.45461004972457886 5
1747594551801 0.38267698884010315 6
1747594558776 0.3477781116962433 7
1747594566095 0.31917181611061096 8
1747594574623 0.3422766625881195 9
1747594584753 0.21574069559574127 10
1747594591956 0.25483542680740356 11
1747594599828 0.2278587520122528 12
1747594607301 0.23026785254478455 13
1747594615258 0.1807224601507187 14
1747594625402 0.18041899800300598 15
1747594635867 0.15760159492492676 16
1747594644575 0.13946357369422913 17
1747594652531 0.13090886175632477 18
1747594661636 0.11155682057142258 19
1747594670690 0.10387422889471054 20
1747594679427 0.08786676079034805 21
1747594688278 0.08509735018014908 22
1747594697010 0.07988013327121735 23
1747594705696 0.07142093777656555 24
1747594714592 0.0703025534749031 25
1747594723454 0.06339780986309052 26
1747594732080 0.06022351607680321 27
1747594741258 0.05740639567375183 28
1747594750607 0.05605565756559372 29
1747594759699 0.05322830751538277 30
1747594768650 0.05291786417365074 31
1747594777202 0.0475398413836956 32
1747594786412 0.04830405116081238 33
1747594795150 0.04692516848444939 34
1747594804497 0.044821884483098984 35
1747594813528 0.04051033407449722 36
1747594822315 0.041661784052848816 37
1747594831246 0.040264878422021866 38
1747594840057 0.039514485746622086 39
1747594848542 0.03824402764439583 40
1747594857575 0.03747960180044174 41
1747594866208 0.03722419962286949 42
1747594874821 0.03705897182226181 43
1747594883806 0.040916793048381805 44
1747594892618 0.03333768621087074 45
1747594901645 0.027571290731430054 46
1747594910383 0.02752492018043995 47
1747594918712 0.026644358411431313 48
1747594927207 0.027017632499337196 49
