1747771865256 0.18011364340782166 0
1747771865480 0.34545454382896423 1
1747771865705 0.5909090638160706 2
1747771865930 0.7892045378684998 3
1747771866156 0.8482954502105713 4
1747771866381 0.8960227370262146 5
1747771866607 0.8977272510528564 6
1747771866843 0.9107954502105713 7
1747771867089 0.925568163394928 8
1747771867338 0.9465909004211426 9
1747771867586 0.949999988079071 10
1747771867834 0.9420454502105713 11
1747771868090 0.9590908885002136 12
1747771868448 0.9539772868156433 13
1747771868805 0.9403409361839294 14
1747771869163 0.9585227370262146 15
1747771869450 0.9630681872367859 16
1747771869690 0.9590908885002136 17
1747771869936 0.9653409123420715 18
1747771870182 0.9613636136054993 19
1747771870431 0.96875 20
1747771870680 0.9613636136054993 21
1747771870928 0.9704545736312866 22
1747771871177 0.9659090638160706 23
1747771871426 0.9698863625526428 24
1747771871675 0.9630681872367859 25
1747771871924 0.9602272510528564 26
1747771872174 0.9619318246841431 27
1747771872424 0.9704545736312866 28
1747771872673 0.9676136374473572 29
1747771872922 0.9767045378684998 30
1747771873235 0.9698863625526428 31
1747771873594 0.9738636612892151 32
1747771873953 0.9755681753158569 33
1747771874300 0.9693182110786438 34
1747771874530 0.9732954502105713 35
1747771874763 0.9772727489471436 36
1747771874998 0.9750000238418579 37
1747771875234 0.9738636612892151 38
1747771875469 0.9755681753158569 39
1747771875705 0.9761363863945007 40
1747771875941 0.9767045378684998 41
1747771876177 0.9755681753158569 42
1747771876413 0.9789772629737854 43
1747771876650 0.9789772629737854 44
1747771876885 0.9772727489471436 45
1747771877120 0.9818181991577148 46
1747771877354 0.9710227251052856 47
1747771877588 0.9750000238418579 48
1747771877824 0.9715909361839294 49
