1743889464208 0.2435247792718477 0
1743889489167 0.20877467825961984 1
1743889514129 0.19240115546012598 2
1743889539051 0.17449119833624 3
1743889563696 0.1654404934599232 4
1743889588553 0.153384166867878 5
1743889613367 0.14176195793715562 6
1743889638399 0.13898815127145397 7
1743889663371 0.13226758736911032 8
1743889688327 0.12386253288265425 9
1743889713426 0.11845756104735437 10
1743889738324 0.11256441821563137 11
1743889763127 0.10966753818445697 12
1743889787888 0.10245804311794987 13
1743889812630 0.09864039820686907 14
1743889837500 0.09985608894765496 15
1743889862580 0.09274212643848222 16
1743889887357 0.08967422331078688 17
1743889912034 0.08709741553679692 18
1743889936701 0.08369529314658623 19
1743889961263 0.08188088371532697 20
1743889986285 0.07984745525874612 21
1743890011027 0.07837562490131607 22
1743890035478 0.07409627682385943 23
1743890060092 0.07259923902923529 24
1743890084907 0.0722135514508249 25
1743890109812 0.06870677661828803 26
1743890134666 0.06927007678133051 27
1743890159378 0.0674345622925803 28
1743890184152 0.06468834750112364 29
1743890209067 0.06257620190028713 30
1743890233654 0.05975695771694797 31
1743890258357 0.06257878399448404 32
1743890282998 0.06013054892384693 33
1743890307807 0.05764162218763171 34
1743890332551 0.056987295875454314 35
1743890357247 0.05705218172201092 36
1743890381781 0.054117880476300825 37
1743890406353 0.05684411342812228 38
1743890431049 0.05241254793020594 39
1743890455919 0.05381137673860032 40
1743890480783 0.05059211773828982 41
1743890505812 0.04978226540795984 42
1743890530262 0.05097723187066556 43
1743890554898 0.051148522649557125 44
1743890579714 0.0458047722862328 45
1743890604340 0.04811532633988287 46
1743890628978 0.045183395587959294 47
1743890653468 0.04793029395847314 48
1743890678103 0.04267642332569819 49
