1743863055683 0.8828499913215637 0
1743863079709 0.9505666494369507 1
1743863103734 0.9646666646003723 2
1743863127617 0.9699833393096924 3
1743863151289 0.9741500020027161 4
1743863175264 0.9772999882698059 5
1743863199066 0.9799333214759827 6
1743863222833 0.9807666540145874 7
1743863246945 0.9828333258628845 8
1743863270974 0.9847833514213562 9
1743863295061 0.9861500263214111 10
1743863319305 0.9871833324432373 11
1743863343101 0.9880666732788086 12
1743863366888 0.9886333346366882 13
1743863390661 0.989983320236206 14
1743863414707 0.9890499711036682 15
1743863438716 0.9920166730880737 16
1743863462812 0.9901666641235352 17
1743863486755 0.9918000102043152 18
1743863510694 0.9916999936103821 19
1743863534784 0.9918333292007446 20
1743863558506 0.992816686630249 21
1743863582503 0.9920499920845032 22
1743863606567 0.9934499859809875 23
1743863630232 0.9934333562850952 24
1743863653864 0.9936500191688538 25
1743863677540 0.9936000108718872 26
1743863701469 0.9937000274658203 27
1743863725800 0.9944833517074585 28
1743863749569 0.9942166805267334 29
1743863773491 0.9936000108718872 30
1743863797552 0.9953166842460632 31
1743863821515 0.9956833124160767 32
1743863845415 0.9943333268165588 33
1743863869172 0.994616687297821 34
1743863893044 0.9955833554267883 35
1743863916993 0.9947999715805054 36
1743863940630 0.9950000047683716 37
1743863963970 0.9955999851226807 38
1743863987640 0.9951000213623047 39
1743864011511 0.9955499768257141 40
1743864035834 0.996233344078064 41
1743864059950 0.9951333403587341 42
1743864083946 0.9952666759490967 43
1743864108116 0.9957833290100098 44
1743864132019 0.9958166480064392 45
1743864155910 0.9963666796684265 46
1743864179731 0.9955166578292847 47
1743864203613 0.994866669178009 48
1743864227633 0.99631667137146 49
