1743863055684 0.38528357729410695 0
1743863079710 0.16344377158344423 1
1743863103735 0.11710414745358275 2
1743863127618 0.09684810136310144 3
1743863151290 0.08284273665242695 4
1743863175265 0.07099827754501521 5
1743863199067 0.06232882673718838 6
1743863222834 0.059936287549099514 7
1743863246946 0.05254034297354748 8
1743863270976 0.04541891735646374 9
1743863295062 0.04329670225441587 10
1743863319307 0.03774506181977196 11
1743863343102 0.035832283319444276 12
1743863366889 0.03373374963556811 13
1743863390662 0.030208833298255987 14
1743863414708 0.03179092666482696 15
1743863438717 0.024814243650078314 16
1743863462813 0.028215505399992843 17
1743863486756 0.02439012791798787 18
1743863510695 0.024024790602751003 19
1743863534785 0.02415858421786666 20
1743863558507 0.020984826645458945 21
1743863582504 0.023121555652210555 22
1743863606568 0.019835913283758312 23
1743863630233 0.018597639460323237 24
1743863653865 0.018630212424961448 25
1743863677541 0.018532344390369614 26
1743863701470 0.018498035014936395 27
1743863725801 0.016582826862561146 28
1743863749570 0.016736276070665534 29
1743863773493 0.018839666965983375 30
1743863797553 0.01337536744788789 31
1743863821516 0.013072913892953135 32
1743863845417 0.015677602892898528 33
1743863869173 0.016903675554133506 34
1743863893045 0.012528726331608902 35
1743863916994 0.015341551090637423 36
1743863940631 0.014057739440989469 37
1743863963971 0.013113129980407454 38
1743863987641 0.01513949576740188 39
1743864011513 0.013012612147196595 40
1743864035835 0.011431629260567747 41
1743864059951 0.014822544005824098 42
1743864083947 0.013563253346303605 43
1743864108117 0.012760705996934367 44
1743864132020 0.012093165433203858 45
1743864155911 0.010300897388435223 46
1743864179732 0.012844749719520581 47
1743864203614 0.01493195267393535 48
1743864227634 0.010751834361283873 49
