1743844760239 0.20579624020458326 0
1743844782177 0.18558238889079598 1
1743844804088 0.17474206202538348 2
1743844826104 0.1670675888828405 3
1743844848037 0.1610081205022673 4
1743844870118 0.15557990493312418 5
1743844892153 0.15055938817101597 6
1743844914146 0.14540856124660845 7
1743844935966 0.1397226504788525 8
1743844957929 0.13417989797015595 9
1743844979696 0.12881594616321723 10
1743845001734 0.12291325122333607 11
1743845023865 0.1173784405390485 12
1743845045935 0.11188368316636481 13
1743845067832 0.10668975749140203 14
1743845089842 0.1017670401396839 15
1743845111808 0.09759769890954338 16
1743845133917 0.09332309109723168 17
1743845155769 0.08981444173313059 18
1743845177750 0.08656621131300078 19
1743845199616 0.08406643140047577 20
1743845221738 0.08164793415050269 21
1743845243581 0.07953325510787834 22
1743845265246 0.07781254189350173 23
1743845287078 0.07627347821343933 24
1743845308968 0.07482311252914044 25
1743845330976 0.07355755711351905 26
1743845353057 0.07250560749033964 27
1743845375022 0.0715136650230887 28
1743845397086 0.0705146093142244 29
1743845419199 0.06960401629521082 30
1743845441130 0.06884015064848904 31
1743845462829 0.0679509557688117 32
1743845484554 0.06724238808805738 33
1743845506462 0.06644533852551598 34
1743845528461 0.06580727825792328 35
1743845550356 0.06545552806615106 36
1743845572248 0.06464274590952632 37
1743845594226 0.06416205540251849 38
1743845616083 0.06374479389491497 39
1743845638026 0.06312575034107222 40
1743845659960 0.06281658543540354 41
1743845681875 0.062484349665061854 42
1743845703715 0.062213580898774754 43
1743845725636 0.061793119379810045 44
1743845747614 0.06135292833587317 45
1743845769698 0.06104919502046391 46
1743845791509 0.06074137596910738 47
1743845813477 0.06054204476926952 48
1743845835421 0.0600880218424195 49
