1743844760238 0.25550326704978943 0
1743844782176 0.23725050687789917 1
1743844804087 0.22690774500370026 2
1743844826103 0.21967720985412598 3
1743844848036 0.21379202604293823 4
1743844870117 0.20871371030807495 5
1743844892152 0.20421139895915985 6
1743844914145 0.19977204501628876 7
1743844935965 0.19456535577774048 8
1743844957927 0.19006335735321045 9
1743844979695 0.1853349208831787 10
1743845001733 0.18001657724380493 11
1743845023864 0.1755392700433731 12
1743845045934 0.17074941098690033 13
1743845067831 0.16639326512813568 14
1743845089841 0.1621726155281067 15
1743845111806 0.15855324268341064 16
1743845133916 0.15473750233650208 17
1743845155768 0.15146565437316895 18
1743845177749 0.1486445516347885 19
1743845199615 0.14618708193302155 20
1743845221737 0.14386959373950958 21
1743845243580 0.14192350208759308 22
1743845265244 0.1403796523809433 23
1743845287077 0.13873285055160522 24
1743845308967 0.1373395025730133 25
1743845330975 0.1359877586364746 26
1743845353056 0.13515779376029968 27
1743845375021 0.13403864204883575 28
1743845397084 0.13303688168525696 29
1743845419198 0.1319732367992401 30
1743845441129 0.13141189515590668 31
1743845462828 0.1301986575126648 32
1743845484553 0.12965647876262665 33
1743845506461 0.1287640482187271 34
1743845528460 0.12803874909877777 35
1743845550355 0.12781427800655365 36
1743845572246 0.12671791017055511 37
1743845594225 0.12613454461097717 38
1743845616082 0.12609323859214783 39
1743845638025 0.125026673078537 40
1743845659959 0.12481992691755295 41
1743845681874 0.12451106309890747 42
1743845703714 0.12433336675167084 43
1743845725635 0.12378959357738495 44
1743845747613 0.12308907508850098 45
1743845769697 0.12291593104600906 46
1743845791507 0.12246300280094147 47
1743845813476 0.12241337448358536 48
1743845835420 0.12184832245111465 49
