1743965101597 0.3269279897212982 0
1743965132830 0.321316123008728 1
1743965163976 0.5325745940208435 2
1743965194872 0.319566547870636 3
1743965225974 0.31331655383110046 4
1743965256914 0.3039042353630066 5
1743965288111 0.29533079266548157 6
1743965319150 0.2896074950695038 7
1743965349771 0.2852481007575989 8
1743965380795 0.27989572286605835 9
1743965412055 0.2722386121749878 10
1743965443049 0.2669248580932617 11
1743965474439 0.2602232098579407 12
1743965505494 0.25166454911231995 13
1743965536798 0.24460607767105103 14
1743965568358 0.23867976665496826 15
1743965599193 0.2336135059595108 16
1743965630328 0.23249366879463196 17
1743965661549 0.22364439070224762 18
1743965692997 0.2187550961971283 19
1743965724293 0.21333664655685425 20
1743965755310 5.695441722869873 21
1743965786406 1.1602654457092285 22
1743965817518 0.4520750045776367 23
1743965848662 0.3670843839645386 24
1743965879901 0.34998589754104614 25
1743965910688 0.33806902170181274 26
1743965941836 0.33488523960113525 27
1743965972876 0.322868287563324 28
1743966004197 0.5546949505805969 29
1743966035589 0.33681243658065796 30
1743966066546 0.3101993203163147 31
1743966097620 0.304654598236084 32
1743966128584 0.30150744318962097 33
1743966159586 0.30013415217399597 34
1743966190654 0.29735636711120605 35
1743966221862 0.29323697090148926 36
1743966253226 0.28723400831222534 37
1743966284536 0.28173479437828064 38
1743966315662 0.27880021929740906 39
1743966346918 0.2738192677497864 40
1743966377948 0.26820388436317444 41
1743966410406 70.95530700683594 42
1743966443395 3.091744899749756 43
1743966476443 1.800083041191101 44
1743966509538 1.2618359327316284 45
1743966542663 0.9556249976158142 46
1743966575748 0.7591395378112793 47
1743966608251 0.6153537631034851 48
1743966639614 0.5311546921730042 49
