1743965101598 0.27412667775664423 0
1743965132831 0.2675969910787788 1
1743965163977 22.72520005733298 2
1743965194873 0.26429063031909095 3
1743965225975 0.260031446769879 4
1743965256915 0.25440183112213843 5
1743965288112 0.2489962333961652 6
1743965319151 0.2437913900471516 7
1743965349772 0.23949680342150428 8
1743965380796 0.2334619332453337 9
1743965412056 0.22486642553916508 10
1743965443050 0.2191368460491396 11
1743965474440 0.21088210953185824 12
1743965505495 0.20099221193579014 13
1743965536799 0.19380253161925193 14
1743965568359 0.1876500448667271 15
1743965599195 0.18219045976392334 16
1743965630329 0.17994792208028726 17
1743965661551 0.17091325599251375 18
1743965692998 0.16477823328947383 19
1743965724294 0.15836658796782221 20
1743965755311 19525.70221862358 21
1743965786407 3.882991507016295 22
1743965817519 0.5270667123905871 23
1743965848663 0.33866253696615356 24
1743965879902 0.3127373542203439 25
1743965910689 0.29788358529882586 26
1743965941837 0.30382059678537876 27
1743965972877 0.2802847098737898 28
1743966004198 2.337447364897085 29
1743966035590 0.28298819042994183 30
1743966066547 0.26142029370859204 31
1743966097621 0.25653542547115993 32
1743966128585 0.25305601641344844 33
1743966159587 0.2508108671682541 34
1743966190655 0.24772371708972157 35
1743966221863 0.24329274213363747 36
1743966253228 0.23708417131232176 37
1743966284537 0.23170635785624155 38
1743966315663 0.22848729358668354 39
1743966346919 0.2241499505334364 40
1743966377949 0.21692625749862943 41
1743966410407 30597809.06813446 42
1743966443396 30.228904368796613 43
1743966476444 10.208690651687897 44
1743966509539 4.7030401608224865 45
1743966542664 2.4808979362113917 46
1743966575750 1.460508338212198 47
1743966608252 0.8941230969854139 48
1743966639615 0.6274926795054645 49
