1747612306470 0.7238613317894216 0
1747612316258 0.4021947401234704 1
1747612325265 0.31242533314753324 2
1747612334515 0.23537230961321332 3
1747612343882 0.20592170512743785 4
1747612352438 0.18948291457846608 5
1747612362298 0.1809674939905614 6
1747612371313 0.1735488933744187 7
1747612381190 0.1636586215730121 8
1747612390466 0.14861406618041423 9
1747612400361 0.11530616754057328 10
1747612410099 0.10252153148474681 11
1747612419323 0.09819807336515475 12
1747612429431 0.09477506025406822 13
1747612438486 0.18744156336280152 14
1747612447999 0.10106186752871163 15
1747612457861 0.09249165473973368 16
1747612466913 0.08941554331529027 17
1747612476242 0.09149816960069056 18
1747612485494 0.09052965113873479 19
1747612495014 0.0819062402358079 20
1747612503943 0.08082199771308227 21
1747612513228 0.07862236168176753 22
1747612522490 0.09140109681948827 23
1747612531772 0.08748379954758745 24
1747612541709 0.07977162601061225 25
1747612550956 0.07780490368277315 26
1747612560639 0.07784800287519784 27
1747612570080 0.07538457022185208 28
1747612579431 0.08075773100304592 29
1747612589471 0.07552853245940444 30
1747612598524 0.07432415905471902 31
1747612608233 0.0739151339332676 32
1747612617480 0.07403793901087456 33
1747612627477 0.07274293116354619 34
1747612636837 0.07308678920129316 35
1747612646077 0.07377050738570434 36
1747612655125 0.07221507383502264 37
1747612664491 0.07492851875624404 38
1747612673984 0.07371586716052267 39
1747612683475 0.07196657421321703 40
1747612693225 0.07143225684666536 41
1747612702282 0.07161236985235232 42
1747612712327 0.07115564544772805 43
1747612721865 0.07105698230764496 44
1747612731032 0.07090057578700576 45
1747612740253 0.07068143849369807 46
1747612749236 0.0702695565089546 47
1747612758614 0.0700412302218547 48
1747612767989 0.07054943874204868 49
