1747612306469 0.46785250306129456 0
1747612316257 0.36874932050704956 1
1747612325264 0.31093865633010864 2
1747612334514 0.2547488808631897 3
1747612343880 0.22414304316043854 4
1747612352438 0.2055629938840866 5
1747612362297 0.1994803249835968 6
1747612371312 0.20549234747886658 7
1747612381189 0.2200978696346283 8
1747612390465 0.2186797857284546 9
1747612400360 0.18117743730545044 10
1747612410098 0.16281460225582123 11
1747612419322 0.15616632997989655 12
1747612429429 0.14987483620643616 13
1747612438484 0.15655601024627686 14
1747612447998 0.16233323514461517 15
1747612457859 0.14695772528648376 16
1747612466912 0.139054536819458 17
1747612476241 0.1359056979417801 18
1747612485493 0.12961502373218536 19
1747612495013 0.12227919697761536 20
1747612503942 0.12142904102802277 21
1747612513227 0.1186428889632225 22
1747612522489 0.1305304616689682 23
1747612531772 0.1315937489271164 24
1747612541708 0.12038872390985489 25
1747612550955 0.11681631207466125 26
1747612560638 0.11667925864458084 27
1747612570079 0.11361753940582275 28
1747612579430 0.12068498879671097 29
1747612589470 0.11348474025726318 30
1747612598523 0.11191529780626297 31
1747612608232 0.1112326830625534 32
1747612617479 0.11139602214097977 33
1747612627477 0.10953674465417862 34
1747612636836 0.1099230945110321 35
1747612646076 0.11067493259906769 36
1747612655124 0.10856645554304123 37
1747612664490 0.111917644739151 38
1747612673983 0.11092672497034073 39
1747612683474 0.10794534534215927 40
1747612693224 0.10765749216079712 41
1747612702281 0.10783322900533676 42
1747612712326 0.10703641921281815 43
1747612721864 0.10708966851234436 44
1747612731031 0.10656667500734329 45
1747612740252 0.10638485103845596 46
1747612749235 0.10636433959007263 47
1747612758613 0.10638632625341415 48
1747612767988 0.10685781389474869 49
