1743861530237 0.3051523268222809 0
1743861553337 0.23927302658557892 1
1743861576519 0.22374428808689117 2
1743861599682 0.2131543606519699 3
1743861622915 0.20470477640628815 4
1743861646140 0.19666996598243713 5
1743861669323 0.18869014084339142 6
1743861692434 0.17977219820022583 7
1743861715530 0.17109085619449615 8
1743861738650 0.16284514963626862 9
1743861761812 0.1566399335861206 10
1743861784883 0.1518363207578659 11
1743861807571 0.14785252511501312 12
1743861830645 0.1445022076368332 13
1743861853964 0.14159110188484192 14
1743861877237 0.13939537107944489 15
1743861900144 0.13705678284168243 16
1743861923428 0.1351616382598877 17
1743861946666 0.13360446691513062 18
1743861969736 0.1321648806333542 19
1743861992493 0.1307108849287033 20
1743862015476 0.12942256033420563 21
1743862038341 0.12824058532714844 22
1743862061206 0.12730278074741364 23
1743862084341 0.12627190351486206 24
1743862107436 0.12532207369804382 25
1743862130482 0.12452325969934464 26
1743862153532 0.12381698191165924 27
1743862176630 0.12302647531032562 28
1743862199937 0.12245374917984009 29
1743862223020 0.12145157158374786 30
1743862246093 0.12107488512992859 31
1743862269146 0.1201574057340622 32
1743862292116 0.11980462074279785 33
1743862314837 0.11904601752758026 34
1743862337969 0.11854509264230728 35
1743862361277 0.11794327944517136 36
1743862384195 0.11693669110536575 37
1743862407093 0.11699514091014862 38
1743862430216 0.11638475954532623 39
1743862453429 0.11579674482345581 40
1743862476574 0.11522070318460464 41
1743862499786 0.11500970274209976 42
1743862522936 0.11491664499044418 43
1743862545858 0.11432617902755737 44
1743862568750 0.11382818967103958 45
1743862591462 0.11318037658929825 46
1743862614305 0.11294079571962357 47
1743862637506 0.11254993826150894 48
1743862660672 0.11216837912797928 49
