1747760927856 0.24375086696251397 0
1747760946231 0.2395873768850269 1
1747760964419 0.2387840419433555 2
1747760982896 0.23853820546855747 3
1747761001220 0.2383437843475687 4
1747761019186 0.23817893918744185 5
1747761037545 0.2378683150691818 6
1747761055886 0.2378149025535481 7
1747761073897 0.23761981329895357 8
1747761092384 0.2374992546499925 9
1747761110988 0.2374307228590007 10
1747761129088 0.23716825628019192 11
1747761147576 0.23719150685860618 12
1747761165950 0.23707082617013245 13
1747761184018 0.23700214265075445 14
1747761202300 0.23691222364584183 15
1747761220698 0.23683494722406553 16
1747761239024 0.23673838496953245 17
1747761257122 0.2368648641715591 18
1747761275519 0.23670335529105113 19
1747761293946 0.23667553572991598 20
1747761312159 0.23663483843877026 21
1747761330746 0.23649817056376912 22
1747761349114 0.23656482355185288 23
1747761367104 0.2365748430213614 24
1747761385591 0.23627435471621303 25
1747761404678 0.2362818126624571 26
1747761422986 0.23633747623220722 27
1747761441575 0.2362984561237321 28
1747761460126 0.23620271879206414 29
1747761478320 0.23605364534021603 30
1747761496774 0.23612697297966254 31
1747761515376 0.2359689207058201 32
1747761533977 0.23612472748263244 33
1747761552118 0.2358730099678938 34
1747761570623 0.2358648774432735 35
1747761589068 0.23585697208946804 36
1747761607369 0.23574188566133084 37
1747761625605 0.23589680694353374 38
1747761644122 0.23572308918570195 39
1747761662360 0.23566086896486704 40
1747761680678 0.23568137282503313 41
1747761699308 0.2355534921878688 42
1747761717735 0.2355123697384527 43
1747761735862 0.23545313513074276 44
1747761754328 0.2354511190840684 45
1747761772758 0.23539497970298584 46
1747761790820 0.23523708938706359 47
1747761809248 0.23533598402610645 48
1747761827886 0.23518791705179803 49
