1747760927854 0.9147148728370667 0
1747760946229 0.9148868918418884 1
1747760964418 0.9150745272636414 2
1747760982895 0.914953351020813 3
1747761001219 0.9150979518890381 4
1747761019185 0.9151722192764282 5
1747761037544 0.9153012037277222 6
1747761055884 0.9151800274848938 7
1747761073896 0.9151604771614075 8
1747761092383 0.9154028296470642 9
1747761110986 0.9153129458427429 10
1747761129086 0.9153989553451538 11
1747761147574 0.915183961391449 12
1747761165948 0.9152151942253113 13
1747761184015 0.9153012037277222 14
1747761202299 0.9153285622596741 15
1747761220697 0.9153520464897156 16
1747761239021 0.915414571762085 17
1747761257121 0.9153285622596741 18
1747761275518 0.9152933955192566 19
1747761293944 0.9152660369873047 20
1747761312157 0.9154067635536194 21
1747761330745 0.9153481125831604 22
1747761349113 0.9153598546981812 23
1747761367103 0.9153715372085571 24
1747761385590 0.9155044555664062 25
1747761404677 0.9153832793235779 26
1747761422984 0.9152582287788391 27
1747761441573 0.9153794050216675 28
1747761460125 0.9152035117149353 29
1747761478318 0.9155200719833374 30
1747761496773 0.9154497385025024 31
1747761515375 0.9155044555664062 32
1747761533975 0.9154067635536194 33
1747761552116 0.9157546162605286 34
1747761570622 0.9155240058898926 35
1747761589067 0.9154692888259888 36
1747761607367 0.9154849052429199 37
1747761625604 0.9152933955192566 38
1747761644121 0.9155240058898926 39
1747761662358 0.9153324961662292 40
1747761680677 0.9155396223068237 41
1747761699307 0.9153715372085571 42
1747761717733 0.9155826568603516 43
1747761735860 0.9153832793235779 44
1747761754326 0.9154419302940369 45
1747761772756 0.9156959652900696 46
1747761790817 0.915676474571228 47
1747761809246 0.9155240058898926 48
1747761827885 0.9156412482261658 49
