1747771573969 3.0808822013983606 0
1747771574268 2.9673890676682797 1
1747771574565 2.8614324932700788 2
1747771574865 2.738558191555271 3
1747771575166 2.5522570397485755 4
1747771575348 2.3285797681276392 5
1747771575540 2.1532501459545346 6
1747771575734 1.933472763724739 7
1747771575920 1.698767098318452 8
1747771576106 1.5051584847802568 9
1747771576291 1.3720563081230583 10
1747771576478 1.2543331450607003 11
1747771576664 1.102574847068615 12
1747771576849 0.94708886925428 13
1747771577041 0.7826991341586342 14
1747771577225 0.6639121339770213 15
1747771577409 0.6078453820398417 16
1747771577595 0.5715779973530599 17
1747771577781 0.5349851158512877 18
1747771577967 0.5061117632700766 19
1747771578153 0.4840120376043121 20
1747771578340 0.45563218159927504 21
1747771578532 0.4403631228135101 22
1747771578728 0.42390038825089216 23
1747771578944 0.40500136891572425 24
1747771579236 0.39577878485100976 25
1747771579529 0.36868138548558277 26
1747771579821 0.36689814011556576 27
1747771580113 0.3508907974276835 28
1747771580301 0.3451428836200458 29
1747771580491 0.3333080386025162 30
1747771580683 0.3133853603962019 31
1747771580877 0.3088375691518807 32
1747771581072 0.3013574986543822 33
1747771581269 0.29657818131839614 34
1747771581465 0.2909853122162876 35
1747771581668 0.28339731421275965 36
1747771581864 0.28086002600470045 37
1747771582061 0.26780025889557 38
1747771582259 0.2648895775918241 39
1747771582454 0.26011931016511447 40
1747771582652 0.277462548490836 41
1747771582848 0.2514983137127095 42
1747771583045 0.25593780942437355 43
1747771583241 0.23664315383937026 44
1747771583439 0.2261328643417393 45
1747771583637 0.23346876763323632 46
1747771583833 0.2246965862043753 47
1747771584124 0.20908131719213424 48
1747771584419 0.20691066094467708 49
