1747771573967 0.041477274149656296 0
1747771574266 0.12443181872367859 1
1747771574564 0.15965908765792847 2
1747771574864 0.2448863685131073 3
1747771575165 0.30397728085517883 4
1747771575347 0.3761363625526428 5
1747771575538 0.43068182468414307 6
1747771575733 0.4693181812763214 7
1747771575919 0.48806819319725037 8
1747771576105 0.5619317889213562 9
1747771576290 0.5954545736312866 10
1747771576477 0.6619318127632141 11
1747771576663 0.6607954502105713 12
1747771576848 0.699999988079071 13
1747771577040 0.730681836605072 14
1747771577224 0.7573863863945007 15
1747771577408 0.7704545259475708 16
1747771577594 0.7795454263687134 17
1747771577779 0.7977272868156433 18
1747771577966 0.7994318008422852 19
1747771578152 0.8255681991577148 20
1747771578339 0.8340908885002136 21
1747771578531 0.8443182110786438 22
1747771578726 0.8386363387107849 23
1747771578942 0.8500000238418579 24
1747771579234 0.8409090638160706 25
1747771579527 0.8579545617103577 26
1747771579819 0.8619318008422852 27
1747771580111 0.8659090995788574 28
1747771580300 0.8585227131843567 29
1747771580490 0.8715909123420715 30
1747771580682 0.875 31
1747771580876 0.8704545497894287 32
1747771581071 0.8886363506317139 33
1747771581268 0.8806818127632141 34
1747771581464 0.8840909004211426 35
1747771581667 0.8914772868156433 36
1747771581863 0.8909090757369995 37
1747771582060 0.8948863744735718 38
1747771582258 0.8931818008422852 39
1747771582453 0.8982954621315002 40
1747771582651 0.8835227489471436 41
1747771582847 0.8971590995788574 42
1747771583044 0.8954545259475708 43
1747771583240 0.9034090638160706 44
1747771583438 0.9113636612892151 45
1747771583635 0.9073863625526428 46
1747771583832 0.9090909361839294 47
1747771584123 0.9130681753158569 48
1747771584417 0.9147727489471436 49
