1743708643854 0.2764698565006256 0
1743708664983 0.27047696709632874 1
1743708686184 0.2657252550125122 2
1743708707219 0.26320087909698486 3
1743708728394 0.26027804613113403 4
1743708749396 0.25767824053764343 5
1743708770535 0.25569528341293335 6
1743708791862 0.2535986006259918 7
1743708813278 0.25239861011505127 8
1743708834728 0.2511630654335022 9
1743708855972 0.24998660385608673 10
1743708877355 0.24876025319099426 11
1743708898809 0.24798452854156494 12
1743708920099 0.24716491997241974 13
1743708941284 0.2462174892425537 14
1743708962388 0.2456417679786682 15
1743708983733 0.24508339166641235 16
1743709004914 0.24445097148418427 17
1743709026013 0.24368460476398468 18
1743709047171 0.24320435523986816 19
1743709068340 0.24273180961608887 20
1743709089517 0.24221301078796387 21
1743709110839 0.24175474047660828 22
1743709132221 0.24144166707992554 23
1743709153632 0.2410307228565216 24
1743709174845 0.2405637949705124 25
1743709196211 0.24014237523078918 26
1743709217516 0.2399049550294876 27
1743709238953 0.23942236602306366 28
1743709260435 0.23903429508209229 29
1743709281584 0.2386724203824997 30
1743709302823 0.23873338103294373 31
1743709324151 0.2379889041185379 32
1743709345724 0.23777170479297638 33
1743709366911 0.23721686005592346 34
1743709387974 0.23714376986026764 35
1743709409135 0.23712413012981415 36
1743709430433 0.23676730692386627 37
1743709451721 0.23624905943870544 38
1743709473033 0.23612761497497559 39
1743709494490 0.23576132953166962 40
1743709515801 0.23558005690574646 41
1743709536972 0.2352626770734787 42
1743709558356 0.234980508685112 43
1743709579545 0.23473848402500153 44
1743709600701 0.23447415232658386 45
1743709621918 0.23431161046028137 46
1743709643199 0.2337891310453415 47
1743709664403 0.2336357980966568 48
1743709685723 0.23389628529548645 49
