1743892116838 0.8793333172798157 0
1743892141578 0.9521333575248718 1
1743892166456 0.9646666646003723 2
1743892191494 0.9710000157356262 3
1743892216558 0.9744333624839783 4
1743892241504 0.9782500267028809 5
1743892266654 0.9802500009536743 6
1743892291306 0.9807166457176208 7
1743892315848 0.9837333559989929 8
1743892340287 0.9842166900634766 9
1743892364811 0.9857333302497864 10
1743892389467 0.9863499999046326 11
1743892414038 0.9884833097457886 12
1743892438603 0.9885166883468628 13
1743892463171 0.9885166883468628 14
1743892488207 0.9891999959945679 15
1743892513269 0.9904666543006897 16
1743892538381 0.9904333353042603 17
1743892563432 0.9912166595458984 18
1743892588520 0.9911166429519653 19
1743892613563 0.9912166595458984 20
1743892638258 0.9922666549682617 21
1743892662926 0.9928666949272156 22
1743892687725 0.9930166602134705 23
1743892712384 0.992983341217041 24
1743892737178 0.9931333065032959 25
1743892762458 0.9937166571617126 26
1743892787255 0.9930499792098999 27
1743892811770 0.9944333434104919 28
1743892837006 0.9928833246231079 29
1743892862310 0.9946833252906799 30
1743892887270 0.994616687297821 31
1743892912283 0.9947500228881836 32
1743892937100 0.9936000108718872 33
1743892962319 0.9942833185195923 34
1743892987284 0.9962999820709229 35
1743893012609 0.9948999881744385 36
1743893037413 0.9951833486557007 37
1743893061806 0.9945666790008545 38
1743893086902 0.9970166683197021 39
1743893111897 0.9943000078201294 40
1743893137237 0.9958833456039429 41
1743893162335 0.995033323764801 42
1743893187468 0.9975666403770447 43
1743893212632 0.9937666654586792 44
1743893237820 0.996399998664856 45
1743893262943 0.996150016784668 46
1743893287613 0.9962666630744934 47
1743893312540 0.996150016784668 48
1743893337368 0.995116651058197 49
