1747750168868 0.9146836400032043 0
1747750187063 0.9148712754249573 1
1747750205248 0.915195643901825 2
1747750223153 0.915195643901825 3
1747750241596 0.9151331186294556 4
1747750259718 0.9152738451957703 5
1747750277668 0.9152347445487976 6
1747750295913 0.9153129458427429 7
1747750313748 0.9152035117149353 8
1747750332139 0.9151722192764282 9
1747750350439 0.9152542948722839 10
1747750368579 0.9152386784553528 11
1747750386822 0.9153794050216675 12
1747750405185 0.9152582287788391 13
1747750423427 0.915457546710968 14
1747750441683 0.9153676629066467 15
1747750460057 0.9154419302940369 16
1747750478309 0.9155318140983582 17
1747750496331 0.9153637290000916 18
1747750514907 0.9154263138771057 19
1747750532871 0.9154184460639954 20
1747750550746 0.9154653549194336 21
1747750569033 0.9155396223068237 22
1747750587051 0.9155200719833374 23
1747750605279 0.9154849052429199 24
1747750623670 0.9155435562133789 25
1747750641749 0.915516197681427 26
1747750659932 0.9154106378555298 27
1747750678135 0.9156022071838379 28
1747750696188 0.9155669808387756 29
1747750714602 0.9156686067581177 30
1747750733026 0.9155826568603516 31
1747750751173 0.9157155156135559 32
1747750769237 0.9155318140983582 33
1747750787619 0.9155357480049133 34
1747750805686 0.9155669808387756 35
1747750823900 0.9156529903411865 36
1747750842221 0.915617823600769 37
1747750860267 0.9157507419586182 38
1747750878551 0.9155669808387756 39
1747750896887 0.9157272577285767 40
1747750915056 0.9155826568603516 41
1747750933213 0.9157116413116455 42
1747750951525 0.9155357480049133 43
1747750969584 0.9156803488731384 44
1747750987788 0.9154966473579407 45
1747751006530 0.9156373739242554 46
1747751024680 0.9157272577285767 47
1747751043180 0.9156647324562073 48
1747751061484 0.9156998991966248 49
