1743750822684 0.316398371882437 0
1743750845154 0.20243262455459307 1
1743750867771 0.18721427402164975 2
1743750890605 0.17823828669653227 3
1743750913377 0.17249354213572496 4
1743750936127 0.16844082896185578 5
1743750958835 0.1652217040367002 6
1743750981456 0.16265556836205197 7
1743751004250 0.16003744643709125 8
1743751026937 0.15773239887389737 9
1743751049418 0.15540128926515784 10
1743751072042 0.15277111808231975 11
1743751094644 0.15007372626572069 12
1743751117147 0.14730023287819188 13
1743751139566 0.14443543685525742 14
1743751162124 0.14144108976088063 15
1743751184690 0.13847628672823256 16
1743751207213 0.13548312109258012 17
1743751229714 0.13289712600439144 18
1743751252191 0.13079788837656145 19
1743751274767 0.12884823112245905 20
1743751297382 0.1270507806841786 21
1743751319667 0.12566510505064948 22
1743751342103 0.12437875817638974 23
1743751364563 0.12312093423809599 24
1743751387137 0.12209934011359852 25
1743751409675 0.12115558779127061 26
1743751432719 0.12032618238609354 27
1743751455137 0.11964952907357189 28
1743751477563 0.11880739679083688 29
1743751499964 0.11796737701161182 30
1743751522360 0.11745641405187138 31
1743751544869 0.11662960678112025 32
1743751567516 0.11586401205946995 33
1743751589978 0.11504324178047863 34
1743751612524 0.11436145876699085 35
1743751634900 0.11368589004293261 36
1743751657434 0.1130835595456088 37
1743751680244 0.11238752320919045 38
1743751702930 0.1118470565210352 39
1743751725576 0.11125438950964119 40
1743751748256 0.11073624910828378 41
1743751770970 0.11022067216842865 42
1743751793200 0.10954264614773158 43
1743751815664 0.10916985865255477 44
1743751838377 0.1086175275645672 45
1743751860840 0.10813184488859237 46
1743751883162 0.10757479968314039 47
1743751905634 0.10719284704557702 48
1743751928240 0.10668203713282116 49
