1747611728674 0.3367158770561218 0
1747611737858 0.15539392828941345 1
1747611747094 0.14427536725997925 2
1747611756298 0.14508409798145294 3
1747611765437 0.14244826138019562 4
1747611774799 0.123007632791996 5
1747611784787 0.11618952453136444 6
1747611794376 0.11633747071027756 7
1747611803394 0.11430820822715759 8
1747611813272 0.11396059393882751 9
1747611822085 0.11459972709417343 10
1747611831431 0.11444354057312012 11
1747611840403 0.11420878767967224 12
1747611850173 0.11340979486703873 13
1747611859825 0.11331477016210556 14
1747611869484 0.11318662017583847 15
1747611879254 0.11286146938800812 16
1747611888021 0.11136001348495483 17
1747611897870 0.11028219014406204 18
1747611906533 0.11018061637878418 19
1747611916284 0.110169418156147 20
1747611925835 0.11071371287107468 21
1747611934673 0.11036781221628189 22
1747611943614 0.1099989116191864 23
1747611953059 0.1096043735742569 24
1747611962128 0.10945315659046173 25
1747611971798 0.10912813246250153 26
1747611981121 0.10843713581562042 27
1747611990901 0.10612045228481293 28
1747611999822 0.1027885228395462 29
1747612009387 0.09962049126625061 30
1747612018374 0.0989559069275856 31
1747612027785 0.09765474498271942 32
1747612037421 0.09604860842227936 33
1747612046724 0.09511472284793854 34
1747612056698 0.09432268887758255 35
1747612066120 0.09259067475795746 36
1747612076528 0.09124322980642319 37
1747612085726 0.09028507769107819 38
1747612095457 0.08988834917545319 39
1747612104481 0.08940707892179489 40
1747612113720 0.08880579471588135 41
1747612123202 0.08807020634412766 42
1747612132280 0.08731535822153091 43
1747612141634 0.08640582114458084 44
1747612150525 0.08574344217777252 45
1747612160308 0.08527824282646179 46
1747612169890 0.08475600928068161 47
1747612179235 0.08458175510168076 48
1747612188088 0.08444678783416748 49
