1747593676393 1.9312652781513602 0
1747593683125 1.1830669572297332 1
1747593690430 0.9227391560147603 2
1747593697808 0.6757183650690158 3
1747593705110 0.6754075500166145 4
1747593712266 0.38647917409184573 5
1747593719530 0.3678185161175096 6
1747593726454 0.15269621423383947 7
1747593734142 0.17255636010781675 8
1747593741569 0.12436391116497852 9
1747593748878 0.10213734384302987 10
1747593756198 0.08619083005250282 11
1747593763723 0.076993477323349 12
1747593771179 0.06766231114260378 13
1747593778616 0.06334616949075761 14
1747593785781 0.057661190126646084 15
1747593793007 0.056340364177725435 16
1747593800224 0.049293208129372275 17
1747593807875 0.0476835843250746 18
1747593815013 0.04429087842459333 19
1747593822387 0.04033561794826526 20
1747593829694 0.035313473363851475 21
1747593837100 0.03548763077549839 22
1747593844816 0.03205937904297659 23
1747593852071 0.029632588398478557 24
1747593859264 0.02513874546600482 25
1747593866660 0.024247420614372312 26
1747593874079 0.022068528855197785 27
1747593881807 0.021132217090788125 28
1747593889252 0.020026425865865505 29
1747593896510 0.018346933152288088 30
1747593903923 0.02020913694183295 31
1747593911371 0.016724985397075405 32
1747593919191 0.016150046373080214 33
1747593926500 0.01582130122958244 34
1747593933801 0.015223757218939437 35
1747593941015 0.015724529855584122 36
1747593948319 0.013389738420253145 37
1747593955994 0.012057640890386257 38
1747593963515 0.011835026459916157 39
1747593970929 0.009792446068536355 40
1747593978334 0.008990254435343297 41
1747593985702 0.009869279992669256 42
1747593993101 0.008199415729085795 43
1747594000626 0.00867566731156965 44
1747594008118 0.0086604863946461 45
1747594015524 0.009127270348748495 46
1747594022890 0.007202228181513989 47
1747594030318 0.00626421834591292 48
1747594037914 0.006184416311537884 49
