1747770263951 37.52345275878906 0
1747770264054 20.96808624267578 1
1747770264160 14.823193550109863 2
1747770264261 10.016042709350586 3
1747770264362 7.128856658935547 4
1747770264465 5.204736709594727 5
1747770264567 3.9787790775299072 6
1747770264669 3.2075860500335693 7
1747770264772 2.6999197006225586 8
1747770264874 2.321859836578369 9
1747770264977 2.0578815937042236 10
1747770265082 1.8812249898910522 11
1747770265190 1.7512731552124023 12
1747770265289 1.6473027467727661 13
1747770265395 1.5421124696731567 14
1747770265500 1.446624517440796 15
1747770265604 1.3614448308944702 16
1747770265708 1.2879582643508911 17
1747770265824 1.1986008882522583 18
1747770265927 1.129781723022461 19
1747770266029 1.0477213859558105 20
1747770266133 0.9784917831420898 21
1747770266238 0.9217724204063416 22
1747770266348 0.8837586045265198 23
1747770266452 0.840042233467102 24
1747770266580 0.8174947500228882 25
1747770266730 0.7982836365699768 26
1747770266877 0.7756201028823853 27
1747770267027 0.7506860494613647 28
1747770267179 0.7310541868209839 29
1747770267329 0.710439920425415 30
1747770267482 0.7007423043251038 31
1747770267630 0.6891628503799438 32
1747770267786 0.6730067133903503 33
1747770267933 0.6609882712364197 34
1747770268084 0.6486717462539673 35
1747770268232 0.6342501044273376 36
1747770268383 0.6225943565368652 37
1747770268529 0.6151190996170044 38
1747770268680 0.6093575954437256 39
1747770268826 0.5954558253288269 40
1747770268978 0.5855454802513123 41
1747770269072 0.573168933391571 42
1747770269171 0.5646339058876038 43
1747770269274 0.5560653805732727 44
1747770269383 0.5472133755683899 45
1747770269489 0.5404472947120667 46
1747770269598 0.535834789276123 47
1747770269708 0.5263703465461731 48
1747770269814 0.5188537836074829 49
