1747770783985 nan 0
1747770784231 nan 1
1747770784473 nan 2
1747770784700 nan 3
1747770784856 nan 4
1747770785023 nan 5
1747770785198 nan 6
1747770785370 nan 7
1747770785578 nan 8
1747770785768 nan 9
1747770785955 nan 10
1747770786131 nan 11
1747770786305 nan 12
1747770786474 nan 13
1747770786651 nan 14
1747770786829 nan 15
1747770787005 nan 16
1747770787186 nan 17
1747770787369 nan 18
1747770787543 nan 19
1747770787720 nan 20
1747770787905 nan 21
1747770788085 nan 22
1747770788273 nan 23
1747770788471 nan 24
1747770788725 nan 25
1747770788972 nan 26
1747770789219 nan 27
1747770789464 nan 28
1747770789710 nan 29
1747770789960 nan 30
1747770790210 nan 31
1747770790467 nan 32
1747770790717 nan 33
1747770790936 nan 34
1747770791102 nan 35
1747770791275 nan 36
1747770791456 nan 37
1747770791639 nan 38
1747770791815 nan 39
1747770791996 nan 40
1747770792163 nan 41
1747770792330 nan 42
1747770792500 nan 43
1747770792674 nan 44
1747770792862 nan 45
1747770793048 nan 46
1747770793233 nan 47
1747770793420 nan 48
1747770793607 nan 49
