1747770783983 nan 0
1747770784229 nan 1
1747770784471 nan 2
1747770784699 nan 3
1747770784855 nan 4
1747770785022 nan 5
1747770785196 nan 6
1747770785368 nan 7
1747770785576 nan 8
1747770785766 nan 9
1747770785954 nan 10
1747770786130 nan 11
1747770786304 nan 12
1747770786473 nan 13
1747770786649 nan 14
1747770786828 nan 15
1747770787004 nan 16
1747770787185 nan 17
1747770787368 nan 18
1747770787542 nan 19
1747770787719 nan 20
1747770787904 nan 21
1747770788084 nan 22
1747770788272 nan 23
1747770788469 nan 24
1747770788724 nan 25
1747770788971 nan 26
1747770789217 nan 27
1747770789462 nan 28
1747770789709 nan 29
1747770789958 nan 30
1747770790208 nan 31
1747770790465 nan 32
1747770790715 nan 33
1747770790935 nan 34
1747770791101 nan 35
1747770791274 nan 36
1747770791454 nan 37
1747770791638 nan 38
1747770791813 nan 39
1747770791995 nan 40
1747770792162 nan 41
1747770792329 nan 42
1747770792499 nan 43
1747770792673 nan 44
1747770792860 nan 45
1747770793047 nan 46
1747770793232 nan 47
1747770793419 nan 48
1747770793606 nan 49
