1747701153871 0.9144412875175476 0
1747701168983 0.9147657155990601 1
1747701184253 0.9149338006973267 2
1747701199445 0.9150080680847168 3
1747701214791 0.9152738451957703 4
1747701230220 0.91512531042099 5
1747701245473 0.9153989553451538 6
1747701260644 0.9154263138771057 7
1747701276114 0.9152425527572632 8
1747701291919 0.9154927134513855 9
1747701307670 0.9153012037277222 10
1747701322907 0.9151644110679626 11
1747701338258 0.9154223799705505 12
1747701353658 0.9153207540512085 13
1747701369302 0.9153324961662292 14
1747701384630 0.9150901436805725 15
1747701400029 0.9147422313690186 16
1747701415308 0.9153207540512085 17
1747701430608 0.9152230620384216 18
1747701445783 0.9154263138771057 19
1747701461177 0.9153832793235779 20
1747701476684 0.915473222732544 21
1747701492181 0.9154223799705505 22
1747701507861 0.9154419302940369 23
1747701523503 0.915516197681427 24
1747701539005 0.9153637290000916 25
1747701554632 0.9155122637748718 26
1747701570036 0.9155240058898926 27
1747701585397 0.9155982732772827 28
1747701600544 0.9155122637748718 29
1747701616061 0.9156295657157898 30
1747701631884 0.9156412482261658 31
1747701647427 0.9155396223068237 32
1747701663114 0.9155357480049133 33
1747701678353 0.915574848651886 34
1747701693815 0.915645182132721 35
1747701709283 0.9156998991966248 36
1747701724759 0.9155826568603516 37
1747701740383 0.9156216979026794 38
1747701756315 0.9155396223068237 39
1747701771828 0.9158015251159668 40
1747701787090 0.9157507419586182 41
1747701802560 0.9156725406646729 42
1747701817823 0.9157937169075012 43
1747701833006 0.9158953428268433 44
1747701848299 0.9158210754394531 45
1747701863552 0.9157624244689941 46
1747701879008 0.9159031510353088 47
1747701894908 0.9158718585968018 48
1747701910592 0.9159344434738159 49
