1747770905580 21.404619216918945 0
1747770905734 21.356843948364258 1
1747770905894 21.33517837524414 2
1747770906056 21.304977416992188 3
1747770906215 21.341936111450195 4
1747770906377 21.266937255859375 5
1747770906540 21.25408172607422 6
1747770906699 21.252174377441406 7
1747770906867 21.060117721557617 8
1747770907064 20.88920783996582 9
1747770907219 19.89229393005371 10
1747770907371 17.69251251220703 11
1747770907528 15.608870506286621 12
1747770907683 14.853683471679688 13
1747770907838 14.658738136291504 14
1747770908011 14.609910011291504 15
1747770908160 14.59096908569336 16
1747770908314 14.563203811645508 17
1747770908467 14.520353317260742 18
1747770908620 14.495262145996094 19
1747770908774 14.465716361999512 20
1747770908926 14.413263320922852 21
1747770909131 14.339600563049316 22
1747770909364 14.189715385437012 23
1747770909594 13.970602989196777 24
1747770909822 13.573925971984863 25
1747770910047 13.00604248046875 26
1747770910250 12.528467178344727 27
1747770910396 12.197373390197754 28
1747770910545 11.989396095275879 29
1747770910700 11.84398078918457 30
1747770910851 11.740095138549805 31
1747770911023 11.636908531188965 32
1747770911185 11.592935562133789 33
1747770911335 11.549118995666504 34
1747770911508 11.530111312866211 35
1747770911674 11.490392684936523 36
1747770911842 11.479373931884766 37
1747770912067 11.4861478805542 38
1747770912290 11.443132400512695 39
1747770912508 11.42203140258789 40
1747770912724 11.411166191101074 41
1747770912942 11.3523530960083 42
1747770913171 11.296978950500488 43
1747770913390 11.244847297668457 44
1747770913622 11.19732666015625 45
1747770913848 11.120014190673828 46
1747770914082 10.975919723510742 47
1747770914331 10.528719902038574 48
1747770914586 10.23166561126709 49
