1743963456677 0.4961875379085541 0
1743963487770 0.3001806437969208 1
1743963519235 0.295166552066803 2
1743963550696 0.28587186336517334 3
1743963582015 0.27924713492393494 4
1743963612852 0.2739109396934509 5
1743963644077 0.2716103494167328 6
1743963675179 0.26744136214256287 7
1743963706132 0.26197192072868347 8
1743963737193 0.259512335062027 9
1743963768462 0.2549341917037964 10
1743963799883 0.2485988289117813 11
1743963831213 0.2451172024011612 12
1743963862145 0.24151960015296936 13
1743963893238 0.2375248372554779 14
1743963924341 0.23378992080688477 15
1743963955512 0.2300776094198227 16
1743963986740 0.2265072762966156 17
1743964017776 0.2218557894229889 18
1743964048849 0.21725229918956757 19
1743964080111 0.21286773681640625 20
1743964111453 0.20864513516426086 21
1743964142547 0.20451676845550537 22
1743964173289 0.20087864995002747 23
1743964204647 0.197451651096344 24
1743964235864 0.19547130167484283 25
1743964267086 0.1916651725769043 26
1743964298212 0.18808743357658386 27
1743964329104 0.1879168301820755 28
1743964360288 0.1836279332637787 29
1743964391272 0.18121927976608276 30
1743964422115 0.1790689378976822 31
1743964453180 0.17712511122226715 32
1743964484317 0.17588253319263458 33
1743964515196 0.1744980663061142 34
1743964546211 0.17180201411247253 35
1743964577304 0.17001475393772125 36
1743964609041 0.16851064562797546 37
1743964640025 0.16682963073253632 38
1743964670829 0.16576911509037018 39
1743964701909 0.16449272632598877 40
1743964733022 0.16453151404857635 41
1743964764459 0.16224591434001923 42
1743964795807 0.16124285757541656 43
1743964826613 0.1600269228219986 44
1743964857710 0.7459884285926819 45
1743964888852 0.3833622336387634 46
1743964920232 0.32761529088020325 47
1743964951499 0.32038575410842896 48
1743964982550 0.31424131989479065 49
