1747770021821 4126.402080288767 0
1747770021956 3833.894962282098 1
1747770022079 3458.102940098645 2
1747770022210 2902.450179174301 3
1747770022335 2259.307264057483 4
1747770022459 1726.437343413312 5
1747770022583 1349.0753176442358 6
1747770022712 1105.033451438632 7
1747770022840 967.8797989652146 8
1747770022967 871.9491082795226 9
1747770023100 749.0321406269595 10
1747770023257 691.1788500149504 11
1747770023393 635.1443340083376 12
1747770023522 580.0567214452907 13
1747770023648 529.8895507663525 14
1747770023777 483.25796543393324 15
1747770023907 442.29855372789615 16
1747770024037 409.06929193690587 17
1747770024169 381.2398096378154 18
1747770024297 359.5476576667575 19
1747770024469 339.7004679326056 20
1747770024635 323.24696130495886 21
1747770024821 310.460563280928 22
1747770025002 297.5749731901562 23
1747770025186 284.65931633911134 24
1747770025377 275.0845034197775 25
1747770025556 265.2772549080103 26
1747770025742 255.7593299680566 27
1747770025924 246.24641271073116 28
1747770026106 238.47953090620635 29
1747770026291 229.9868203181894 30
1747770026511 222.18131771802203 31
1747770026694 215.50803939912012 32
1747770026863 208.44130684169633 33
1747770026972 203.3517728503692 34
1747770027152 197.94654281777161 35
1747770027381 191.98939300711208 36
1747770027648 186.67528689602105 37
1747770027949 181.79108470751962 38
1747770028224 177.80137961579416 39
1747770028562 172.8980370650097 40
1747770028792 168.6523958626272 41
1747770028999 164.579068968701 42
1747770029139 160.83852490444792 43
1747770029272 155.41105129110534 44
1747770029423 151.71624646533408 45
1747770029552 146.63983063293924 46
1747770029683 138.02933907767263 47
1747770029850 127.80132449531983 48
1747770029986 120.19434558240302 49
