1743841377846 0.4429557189658443 0
1743841402059 0.2193386901326284 1
1743841426718 0.15528095754109364 2
1743841450550 0.12825369387515648 3
1743841474651 0.10824436820345001 4
1743841498944 0.09641098127616651 5
1743841523010 0.08528811182437986 6
1743841546898 0.07834519620844461 7
1743841570726 0.06933765996222144 8
1743841594554 0.06565346756628376 9
1743841618458 0.06044975586002898 10
1743841642355 0.05574618383465372 11
1743841666193 0.052029651782892414 12
1743841689878 0.04812054735977598 13
1743841713826 0.04471799379066488 14
1743841737931 0.04428190269554999 15
1743841762085 0.03842306472602272 16
1743841785952 0.03762530000634944 17
1743841809866 0.033989729384865795 18
1743841833595 0.03421653397838288 19
1743841857705 0.0321503911359912 20
1743841881678 0.02978110375887551 21
1743841905553 0.02811564978085055 22
1743841929518 0.027670845218241508 23
1743841953662 0.024844433292072598 24
1743841977897 0.026224342155169354 25
1743842001998 0.025984534499126875 26
1743842026031 0.020306750146944618 27
1743842050164 0.024276589496135113 28
1743842073913 0.020347483617397206 29
1743842097663 0.02005356614569386 30
1743842121731 0.02239371593899034 31
1743842145648 0.018963255299989358 32
1743842169657 0.018313853432388737 33
1743842193583 0.018346559039711687 34
1743842217498 0.0208996375306505 35
1743842241518 0.018813132853466585 36
1743842265426 0.01577993110716298 37
1743842289447 0.014301031622249712 38
1743842313723 0.019070292163377793 39
1743842337501 0.01490319443051085 40
1743842361468 0.018417342573915852 41
1743842385254 0.013962900814928118 42
1743842409165 0.0134964428390692 43
1743842433271 0.017836850348313782 44
1743842457321 0.013669216326857544 45
1743842481202 0.013307170367971589 46
1743842505342 0.016132576647195352 47
1743842529466 0.012608551574150837 48
1743842553495 0.014754161630859675 49
