1743841377845 0.8665333390235901 0
1743841402058 0.9355666637420654 1
1743841426717 0.9544333219528198 2
1743841450549 0.961733341217041 3
1743841474651 0.9670833349227905 4
1743841498943 0.9708666801452637 5
1743841523009 0.9738333225250244 6
1743841546897 0.9758666753768921 7
1743841570725 0.978683352470398 8
1743841594553 0.9789833426475525 9
1743841618457 0.9809166789054871 10
1743841642354 0.9821000099182129 11
1743841666192 0.9836333394050598 12
1743841689877 0.9843166470527649 13
1743841713825 0.9854166507720947 14
1743841737930 0.9854833483695984 15
1743841762084 0.9871333241462708 16
1743841785951 0.9872999787330627 17
1743841809865 0.9882833361625671 18
1743841833594 0.9885833263397217 19
1743841857704 0.9889333248138428 20
1743841881677 0.990149974822998 21
1743841905552 0.9907333254814148 22
1743841929517 0.9905666708946228 23
1743841953661 0.9920166730880737 24
1743841977896 0.9911166429519653 25
1743842001997 0.991349995136261 26
1743842026030 0.9933500289916992 27
1743842050163 0.9916333556175232 28
1743842073912 0.9928833246231079 29
1743842097662 0.993233323097229 30
1743842121730 0.9921500086784363 31
1743842145647 0.9937166571617126 32
1743842169656 0.9938666820526123 33
1743842193582 0.9937000274658203 34
1743842217497 0.9927499890327454 35
1743842241517 0.9935166835784912 36
1743842265425 0.9944499731063843 37
1743842289446 0.994949996471405 38
1743842313722 0.9933333396911621 39
1743842337500 0.9947999715805054 40
1743842361467 0.9939000010490417 41
1743842385253 0.995199978351593 42
1743842409164 0.9957500100135803 43
1743842433270 0.9939000010490417 44
1743842457320 0.9953833222389221 45
1743842481201 0.9954500198364258 46
1743842505341 0.9944499731063843 47
1743842529465 0.9957333207130432 48
1743842553494 0.9949833154678345 49
