1743922699224 0.33531615473694704 0
1743922724241 0.14341884426821516 1
1743922749413 0.10926254848772975 2
1743922774594 0.08954410015031307 3
1743922799472 0.07449696239643876 4
1743922824463 0.06792634436796655 5
1743922849514 0.05859646118707514 6
1743922874274 0.052140958034650055 7
1743922899246 0.048018342134887655 8
1743922924625 0.04453250893918534 9
1743922950027 0.03844558560614183 10
1743922975191 0.03837532506024322 11
1743922999953 0.03596900699242493 12
1743923025244 0.03318283171731318 13
1743923050302 0.032618243778307236 14
1743923075083 0.028538083359363076 15
1743923100248 0.026942453110171044 16
1743923125489 0.02830836731871905 17
1743923150701 0.026693863801923158 18
1743923175747 0.025780198285126576 19
1743923200755 0.025068413003976334 20
1743923226108 0.02291991965240374 21
1743923251686 0.021235738241902145 22
1743923276788 0.024025493435811982 23
1743923302005 0.02318603119949136 24
1743923327046 0.01962241811271708 25
1743923352083 0.022676897432832143 26
1743923377049 0.017494758661506626 27
1743923402111 0.023674791452955934 28
1743923427037 0.02006952287098629 29
1743923452307 0.01809004978004307 30
1743923477280 0.015324273629033673 31
1743923502707 0.02020383001835863 32
1743923527614 0.016820582328509456 33
1743923552620 0.01956476799704294 34
1743923577693 0.01619353052709328 35
1743923602644 0.01698357852153925 36
1743923627690 0.0169518408820114 37
1743923652582 0.015140647183578118 38
1743923678059 0.018162069836815634 39
1743923703176 0.014452952737825 40
1743923728544 0.021386292395842943 41
1743923753672 0.012994770620891391 42
1743923779082 0.018359810328226377 43
1743923804011 0.012391208371395715 44
1743923828922 0.018961048185476392 45
1743923854129 0.013718682417122473 46
1743923879211 0.019845747020342135 47
1743923904372 0.01765542078166503 48
1743923929783 0.013069442787222782 49
