1743922699223 0.8950333595275879 0
1743922724240 0.9559500217437744 1
1743922749412 0.9659500122070312 2
1743922774593 0.972683310508728 3
1743922799471 0.9761000275611877 4
1743922824462 0.9786333441734314 5
1743922849513 0.9810000061988831 6
1743922874273 0.9832333326339722 7
1743922899245 0.9842666387557983 8
1743922924624 0.9854833483695984 9
1743922950026 0.9878166913986206 10
1743922975190 0.9871500134468079 11
1743922999952 0.9881166815757751 12
1743923025243 0.9891833066940308 13
1743923050301 0.9892333149909973 14
1743923075082 0.9907500147819519 15
1743923100247 0.9909999966621399 16
1743923125488 0.9909166693687439 17
1743923150700 0.9914166927337646 18
1743923175746 0.9913166761398315 19
1743923200754 0.9918166399002075 20
1743923226107 0.9923666715621948 21
1743923251685 0.9930999875068665 22
1743923276787 0.992816686630249 23
1743923302003 0.9926999807357788 24
1743923327045 0.9938666820526123 25
1743923352082 0.9928666949272156 26
1743923377048 0.9948833584785461 27
1743923402110 0.9932166934013367 28
1743923427036 0.9936000108718872 29
1743923452306 0.9943666458129883 30
1743923477279 0.9951666593551636 31
1743923502706 0.9939833283424377 32
1743923527612 0.994616687297821 33
1743923552619 0.9943833351135254 34
1743923577692 0.9953166842460632 35
1743923602643 0.9950666427612305 36
1743923627689 0.9947500228881836 37
1743923652581 0.9954833388328552 38
1743923678058 0.9951500296592712 39
1743923703175 0.9955499768257141 40
1743923728543 0.9938166737556458 41
1743923753671 0.9965333342552185 42
1743923779081 0.9944166541099548 43
1743923804010 0.9965500235557556 44
1743923828921 0.9949166774749756 45
1743923854128 0.9962166547775269 46
1743923879210 0.9945666790008545 47
1743923904370 0.9954000115394592 48
1743923929782 0.9964500069618225 49
