1747770258111 929.7094809857201 0
1747770258218 377.5462431328636 1
1747770258328 160.90373553210887 2
1747770258429 69.22302575713347 3
1747770258530 32.037871299160365 4
1747770258629 17.16231226666622 5
1747770258729 11.14602240508918 6
1747770258829 8.300758457751806 7
1747770258927 6.736682283498447 8
1747770259029 5.609755971217106 9
1747770259132 4.838189022616354 10
1747770259232 4.080467546514167 11
1747770259338 3.3704815797504426 12
1747770259438 2.83952563089867 13
1747770259539 2.476263350387087 14
1747770259642 2.181285046478836 15
1747770259742 1.9812494628824668 16
1747770259844 1.7458990318313556 17
1747770259947 1.5859019869503264 18
1747770260044 1.4555456641158167 19
1747770260142 1.3356683446624693 20
1747770260241 1.238380019923034 21
1747770260375 1.1353483467080123 22
1747770260519 1.0650013257614115 23
1747770260666 0.9990038702791494 24
1747770260811 0.949818122034445 25
1747770260957 0.9100984505723472 26
1747770261100 0.8528133809730084 27
1747770261247 0.8000004586797503 28
1747770261385 0.756737390816609 29
1747770261528 0.7221001578896799 30
1747770261667 0.6963786172822083 31
1747770261812 0.6518640065641855 32
1747770261952 0.6170823789248302 33
1747770262093 0.5903958403445155 34
1747770262235 0.5661631241814306 35
1747770262377 0.5339947682035109 36
1747770262519 0.5144840183677853 37
1747770262658 0.4972853287793882 38
1747770262789 0.4743609978148175 39
1747770262876 0.4552777819797998 40
1747770262968 0.4463669691115615 41
1747770263058 0.42157177456973044 42
1747770263152 0.4165449204248119 43
1747770263248 0.39953963715540813 44
1747770263343 0.3773299650522309 45
1747770263438 0.3654368292874604 46
1747770263535 0.3558159437257397 47
1747770263632 0.3494154605872861 48
1747770263728 0.33812628249181087 49
