1747770258110 20.285938262939453 0
1747770258217 14.01934814453125 1
1747770258327 9.222075462341309 2
1747770258428 6.203735828399658 3
1747770258529 4.247283935546875 4
1747770258628 3.132718086242676 5
1747770258728 2.5062384605407715 6
1747770258828 2.121544122695923 7
1747770258927 1.8777543306350708 8
1747770259028 1.7013481855392456 9
1747770259131 1.566571593284607 10
1747770259231 1.4507534503936768 11
1747770259336 1.3333438634872437 12
1747770259437 1.2268017530441284 13
1747770259538 1.1474395990371704 14
1747770259641 1.0860867500305176 15
1747770259741 1.0362365245819092 16
1747770259843 0.9833580255508423 17
1747770259946 0.9343814849853516 18
1747770260043 0.9002537131309509 19
1747770260141 0.8606117963790894 20
1747770260240 0.8316698670387268 21
1747770260373 0.7976653575897217 22
1747770260518 0.775604784488678 23
1747770260665 0.7510960698127747 24
1747770260810 0.7315291166305542 25
1747770260956 0.7180970907211304 26
1747770261098 0.6957350969314575 27
1747770261245 0.6727660298347473 28
1747770261383 0.6533359885215759 29
1747770261526 0.6387951970100403 30
1747770261666 0.6302604079246521 31
1747770261810 0.6054278612136841 32
1747770261951 0.5907118320465088 33
1747770262091 0.5794724822044373 34
1747770262233 0.5667293667793274 35
1747770262376 0.5495451092720032 36
1747770262518 0.5376773476600647 37
1747770262657 0.5299777388572693 38
1747770262788 0.5177967548370361 39
1747770262876 0.5085891485214233 40
1747770262967 0.5020498633384705 41
1747770263058 0.49079465866088867 42
1747770263151 0.48891574144363403 43
1747770263247 0.47824376821517944 44
1747770263342 0.4643048048019409 45
1747770263437 0.45742639899253845 46
1747770263534 0.4483861029148102 47
1747770263631 0.4467778205871582 48
1747770263727 0.4378296434879303 49
