1743941790381 0.9359833598136902 0
1743941815351 0.954716682434082 1
1743941840383 0.9589666724205017 2
1743941865934 0.9611499905586243 3
1743941891218 0.9611499905586243 4
1743941916439 0.9666666388511658 5
1743941941997 0.968833327293396 6
1743941967321 0.9629833102226257 7
1743941992582 0.972266674041748 8
1743942018079 0.973966658115387 9
1743942043716 0.9752833247184753 10
1743942069136 0.9762499928474426 11
1743942094635 0.9769333600997925 12
1743942120412 0.9779166579246521 13
1743942146020 0.9801166653633118 14
1743942171629 0.9798666834831238 15
1743942197015 0.9805999994277954 16
1743942222609 0.9821000099182129 17
1743942248185 0.9822999835014343 18
1743942273669 0.9845666885375977 19
1743942298896 0.98253333568573 20
1743942324181 0.9853833317756653 21
1743942350001 0.986466646194458 22
1743942375687 0.9853500127792358 23
1743942401373 0.9863666892051697 24
1743942427065 0.9869999885559082 25
1743942451863 0.9869166612625122 26
1743942477048 0.9883833527565002 27
1743942502626 0.9884333610534668 28
1743942528202 0.9891166687011719 29
1743942553530 0.9895333051681519 30
1743942578872 0.9895833134651184 31
1743942604628 0.9894000291824341 32
1743942629992 0.9908000230789185 33
1743942655781 0.9905666708946228 34
1743942681367 0.9902666807174683 35
1743942706792 0.991183340549469 36
1743942731883 0.9846500158309937 37
1743942757477 0.991516649723053 38
1743942782945 0.993149995803833 39
1743942808269 0.9927833080291748 40
1743942833514 0.992816686630249 41
1743942859007 0.9923833608627319 42
1743942884585 0.9925666451454163 43
1743942910102 0.9933666586875916 44
1743942935505 0.9930166602134705 45
1743942960949 0.9932833313941956 46
1743942985981 0.9929166436195374 47
1743943011207 0.993233323097229 48
1743943036495 0.9941333532333374 49
