1747771083732 0.9056817889213562 0
1747771084007 0.9363636374473572 1
1747771084308 0.9471591114997864 2
1747771084543 0.9403409361839294 3
1747771084818 0.9477272629737854 4
1747771085102 0.949431836605072 5
1747771085371 0.949999988079071 6
1747771085725 0.9505681991577148 7
1747771086052 0.9460227489471436 8
1747771086430 0.949999988079071 9
1747771086758 0.9642045497894287 10
1747771087133 0.9573863744735718 11
1747771087462 0.956818163394928 12
1747771087834 0.9647727012634277 13
1747771088108 0.9607954621315002 14
1747771088389 0.9528409242630005 15
1747771088701 0.9590908885002136 16
1747771088935 0.9613636136054993 17
1747771089244 0.9647727012634277 18
1747771089560 0.949999988079071 19
1747771089803 0.9630681872367859 20
1747771090054 0.9670454263687134 21
1747771090346 0.9698863625526428 22
1747771090589 0.9653409123420715 23
1747771090878 0.9585227370262146 24
1747771091181 0.9619318246841431 25
1747771091458 0.9607954621315002 26
1747771091782 0.9630681872367859 27
1747771092113 0.9659090638160706 28
1747771092482 0.9721590876579285 29
1747771092813 0.9676136374473572 30
1747771093189 0.9613636136054993 31
1747771093529 0.9556818008422852 32
1747771093900 0.9630681872367859 33
1747771094211 0.9727272987365723 34
1747771094491 0.9681817889213562 35
1747771094714 0.96875 36
1747771095001 0.9704545736312866 37
1747771095230 0.96875 38
1747771095525 0.9624999761581421 39
1747771095773 0.9721590876579285 40
1747771096063 0.9653409123420715 41
1747771096313 0.9670454263687134 42
1747771096604 0.9624999761581421 43
1747771096841 0.9676136374473572 44
1747771097135 0.9704545736312866 45
1747771097372 0.9761363863945007 46
1747771097666 0.9767045378684998 47
1747771097913 0.9732954502105713 48
1747771098296 0.9732954502105713 49
