1747771083735 0.24779663888772044 0
1747771084010 0.16648403214969607 1
1747771084310 0.15094302271087806 2
1747771084546 0.1611826297870913 3
1747771084821 0.13865153975739317 4
1747771085104 0.13887686777432331 5
1747771085374 0.13361464606708562 6
1747771085728 0.12222486908436114 7
1747771086056 0.13488956745816216 8
1747771086433 0.1280040694446427 9
1747771086761 0.0990121753638528 10
1747771087136 0.10535656756999243 11
1747771087466 0.1066976370137627 12
1747771087837 0.09505277661086817 13
1747771088110 0.11399118099515823 14
1747771088391 0.12050870744167708 15
1747771088703 0.10811195156317768 16
1747771088937 0.09778591619651533 17
1747771089246 0.09820493259063215 18
1747771089562 0.12620209119642606 19
1747771089805 0.08973115874198016 20
1747771090056 0.08636349287895881 21
1747771090349 0.07730881195582426 22
1747771090591 0.08804115434092118 23
1747771090881 0.11011421718347583 24
1747771091183 0.08539638331293264 25
1747771091460 0.09081138634872463 26
1747771091785 0.09463916950478642 27
1747771092116 0.08644538039561869 28
1747771092486 0.07780575420430703 29
1747771092816 0.07597974058619451 30
1747771093192 0.08962693639450435 31
1747771093533 0.12227008867753585 32
1747771093903 0.08913584331755586 33
1747771094213 0.0714950826605265 34
1747771094493 0.07894715261150154 35
1747771094716 0.08280655613735848 36
1747771095004 0.06830647333665754 37
1747771095233 0.0775355854548303 38
1747771095527 0.10137501977597856 39
1747771095776 0.07711412719304493 40
1747771096066 0.07677738947143667 41
1747771096315 0.08056024151871251 42
1747771096606 0.09650644205285194 43
1747771096843 0.07508952176960888 44
1747771097137 0.06664307974623543 45
1747771097374 0.06344680954661472 46
1747771097669 0.0682695087870789 47
1747771097916 0.07360772848350972 48
1747771098299 0.06972490614117198 49
