1743872993029 0.38935819268226624 0
1743873015016 0.29712411761283875 1
1743873037046 0.28262102603912354 2
1743873059040 0.267585426568985 3
1743873081245 0.26101192831993103 4
1743873103443 0.2565682530403137 5
1743873125622 0.2521226704120636 6
1743873147466 0.24746917188167572 7
1743873169476 0.24414761364459991 8
1743873191310 0.24136947095394135 9
1743873213648 0.23904722929000854 10
1743873235910 0.2369624376296997 11
1743873258225 0.23487567901611328 12
1743873280568 0.2328524887561798 13
1743873302607 0.23075136542320251 14
1743873324531 0.22904936969280243 15
1743873346284 0.22751358151435852 16
1743873368297 0.22603431344032288 17
1743873390139 0.22493959963321686 18
1743873412241 0.22374580800533295 19
1743873433927 0.22259007394313812 20
1743873455684 0.2210138887166977 21
1743873477663 0.21988295018672943 22
1743873499917 0.21872781217098236 23
1743873522306 0.2176605612039566 24
1743873544637 0.21692591905593872 25
1743873566518 0.2153797447681427 26
1743873588273 0.21407195925712585 27
1743873609907 0.21289770305156708 28
1743873631747 0.211831733584404 29
1743873653596 0.2125283181667328 30
1743873675385 0.21044647693634033 31
1743873697149 0.2090895175933838 32
1743873718699 0.20843306183815002 33
1743873740520 0.20787180960178375 34
1743873762826 0.20746813714504242 35
1743873784734 0.20724153518676758 36
1743873806786 0.20634332299232483 37
1743873828918 0.205771341919899 38
1743873850556 0.20553463697433472 39
1743873872341 0.2049722969532013 40
1743873894047 0.20447078347206116 41
1743873915807 0.20413550734519958 42
1743873937568 0.2038992941379547 43
1743873959733 0.20275259017944336 44
1743873981460 0.20253649353981018 45
1743874003226 0.20190222561359406 46
1743874025126 0.20159804821014404 47
1743874047178 0.20144414901733398 48
1743874069439 0.20121797919273376 49
