1743872993031 0.3363550942439034 0
1743873015017 0.2522045577838823 1
1743873037047 0.23753633433772278 2
1743873059042 0.2185679638460838 3
1743873081246 0.2102404478136591 4
1743873103444 0.20477553706743432 5
1743873125624 0.1987578459894663 6
1743873147467 0.19277569185440283 7
1743873169477 0.1886226565461375 8
1743873191311 0.1851814615880121 9
1743873213649 0.18243448644931337 10
1743873235911 0.17993977212999931 11
1743873258226 0.17773800325402692 12
1743873280569 0.17572334108057736 13
1743873302608 0.17356312350445408 14
1743873324532 0.17175945592576758 15
1743873346286 0.17000609862323313 16
1743873368298 0.16829930494601295 17
1743873390140 0.1668411810207471 18
1743873412242 0.16533429000844424 19
1743873433928 0.16416596000842257 20
1743873455686 0.16254518140786323 21
1743873477665 0.1610808024697055 22
1743873499919 0.15982404909347678 23
1743873522307 0.15867953238522325 24
1743873544638 0.15790427225085363 25
1743873566519 0.1566497667340415 26
1743873588275 0.15519995167011738 27
1743873609908 0.15373028389147347 28
1743873631749 0.1525935231165425 29
1743873653597 0.15350271582742173 30
1743873675386 0.15129376412584813 31
1743873697151 0.1498777120233459 32
1743873718700 0.14911148471507157 33
1743873740521 0.148465060758695 34
1743873762827 0.14778243875735084 35
1743873784735 0.14753838119940293 36
1743873806787 0.14659974821914093 37
1743873828919 0.14599665606937123 38
1743873850557 0.1455456440154628 39
1743873872342 0.1447992762926886 40
1743873894048 0.1441819512110186 41
1743873915809 0.14372332854474607 42
1743873937569 0.1432524977022774 43
1743873959734 0.1422805828972193 44
1743873981462 0.1417944016887613 45
1743874003227 0.14115250120946463 46
1743874025127 0.1407201120554813 47
1743874047179 0.1403859249719473 48
1743874069440 0.14002495426701153 49
